block_id,msg_type,sender,receiver,time_ms
0,IDONTWANT,472,797,149.94045018546637
0,IDONTWANT,472,313,149.94045018546637
0,IDONTWANT,472,665,149.94045018546637
0,IDONTWANT,472,430,149.94045018546637
0,IDONTWANT,982,983,181.80381065870873
0,IDONTWANT,982,979,181.80381065870873
0,IDONTWANT,982,943,181.80381065870873
0,IDONTWANT,982,526,181.80381065870873
0,IDONTWANT,937,977,199.17085923644558
0,IDONTWANT,937,748,199.17085923644558
0,IDONTWANT,937,506,199.17085923644558
0,IDONTWANT,937,457,199.17085923644558
0,IDONTWANT,665,894,199.53195079157737
0,IDONTWANT,665,187,199.53195079157737
0,IDONTWANT,665,916,199.53195079157737
0,IDONTWANT,665,671,199.53195079157737
0,IDONTWANT,797,981,209.7206033776023
0,IDONTWANT,797,882,209.7206033776023
0,IDONTWANT,797,855,209.7206033776023
0,IDONTWANT,797,498,209.7206033776023
0,IDONTWANT,934,328,236.55690088543304
0,IDONTWANT,934,797,236.55690088543304
0,IDONTWANT,934,728,236.55690088543304
0,IDONTWANT,934,888,236.55690088543304
0,IDONTWANT,130,255,243.44090575617335
0,IDONTWANT,130,196,243.44090575617335
0,IDONTWANT,130,284,243.44090575617335
0,IDONTWANT,130,43,243.44090575617335
0,IDONTWANT,430,636,254.56109643582488
0,IDONTWANT,430,319,254.56109643582488
0,IDONTWANT,430,79,254.56109643582488
0,IDONTWANT,430,208,254.56109643582488
0,IDONTWANT,285,934,256.71560698587297
0,IDONTWANT,285,950,256.71560698587297
0,IDONTWANT,285,564,256.71560698587297
0,IDONTWANT,285,130,256.71560698587297
0,IDONTWANT,313,502,273.7768765112902
0,IDONTWANT,313,0,273.7768765112902
0,IDONTWANT,313,74,273.7768765112902
0,IDONTWANT,313,401,273.7768765112902
0,IDONTWANT,765,937,275.28651500527496
0,IDONTWANT,765,953,275.28651500527496
0,IDONTWANT,765,671,275.28651500527496
0,IDONTWANT,765,13,275.28651500527496
0,IDONTWANT,659,718,279.14158197152597
0,IDONTWANT,659,100,279.14158197152597
0,IDONTWANT,659,917,279.14158197152597
0,IDONTWANT,659,429,279.14158197152597
0,IDONTWANT,652,718,287.3939456547569
0,IDONTWANT,652,587,287.3939456547569
0,IDONTWANT,652,601,287.3939456547569
0,IDONTWANT,652,768,287.3939456547569
0,IDONTWANT,981,170,295.28540387430013
0,IDONTWANT,981,123,295.28540387430013
0,IDONTWANT,981,61,295.28540387430013
0,IDONTWANT,981,608,295.28540387430013
0,IDONTWANT,323,584,316.78945040378727
0,IDONTWANT,323,942,316.78945040378727
0,IDONTWANT,323,38,316.78945040378727
0,IDONTWANT,323,661,316.78945040378727
0,IDONTWANT,328,967,319.3451239042252
0,IDONTWANT,328,597,319.3451239042252
0,IDONTWANT,328,196,319.3451239042252
0,IDONTWANT,328,398,319.3451239042252
0,IDONTWANT,967,647,320.9401703265172
0,IDONTWANT,967,11,320.9401703265172
0,IDONTWANT,967,373,320.9401703265172
0,IDONTWANT,967,111,320.9401703265172
0,IDONTWANT,512,149,344.60493659224323
0,IDONTWANT,512,368,344.60493659224323
0,IDONTWANT,512,338,344.60493659224323
0,IDONTWANT,512,783,344.60493659224323
0,IDONTWANT,994,838,353.01614158482266
0,IDONTWANT,994,317,353.01614158482266
0,IDONTWANT,994,31,353.01614158482266
0,IDONTWANT,994,248,353.01614158482266
0,IDONTWANT,584,901,353.4197296137358
0,IDONTWANT,584,889,353.4197296137358
0,IDONTWANT,584,774,353.4197296137358
0,IDONTWANT,584,937,353.4197296137358
0,IDONTWANT,901,994,353.8405951287108
0,IDONTWANT,901,373,353.8405951287108
0,IDONTWANT,901,442,353.8405951287108
0,IDONTWANT,901,267,353.8405951287108
0,IDONTWANT,505,787,359.24419292856646
0,IDONTWANT,505,544,359.24419292856646
0,IDONTWANT,505,49,359.24419292856646
0,IDONTWANT,505,652,359.24419292856646
0,IDONTWANT,983,923,359.33309924105544
0,IDONTWANT,983,274,359.33309924105544
0,IDONTWANT,983,86,359.33309924105544
0,IDONTWANT,983,477,359.33309924105544
0,IDONTWANT,422,797,362.3891179266926
0,IDONTWANT,422,681,362.3891179266926
0,IDONTWANT,422,969,362.3891179266926
0,IDONTWANT,422,6,362.3891179266926
0,IDONTWANT,787,374,362.6204768040527
0,IDONTWANT,787,793,362.6204768040527
0,IDONTWANT,787,765,362.6204768040527
0,IDONTWANT,787,730,362.6204768040527
0,IDONTWANT,718,651,363.361835465568
0,IDONTWANT,718,859,363.361835465568
0,IDONTWANT,718,304,363.361835465568
0,IDONTWANT,718,202,363.361835465568
0,IDONTWANT,187,673,365.1703079338195
0,IDONTWANT,187,507,365.1703079338195
0,IDONTWANT,187,560,365.1703079338195
0,IDONTWANT,187,855,365.1703079338195
0,IDONTWANT,894,342,365.351634248305
0,IDONTWANT,894,823,365.351634248305
0,IDONTWANT,894,171,365.351634248305
0,IDONTWANT,894,266,365.351634248305
0,IDONTWANT,340,34,366.51798282624895
0,IDONTWANT,340,713,366.51798282624895
0,IDONTWANT,340,347,366.51798282624895
0,IDONTWANT,340,736,366.51798282624895
0,IDONTWANT,950,505,375.30543325489873
0,IDONTWANT,950,599,375.30543325489873
0,IDONTWANT,950,512,375.30543325489873
0,IDONTWANT,950,779,375.30543325489873
0,IDONTWANT,964,54,378.3597706569861
0,IDONTWANT,964,332,378.3597706569861
0,IDONTWANT,964,529,378.3597706569861
0,IDONTWANT,964,150,378.3597706569861
0,IDONTWANT,253,276,379.4429747786522
0,IDONTWANT,253,397,379.4429747786522
0,IDONTWANT,253,214,379.4429747786522
0,IDONTWANT,253,939,379.4429747786522
0,IDONTWANT,823,355,380.50575870246456
0,IDONTWANT,823,547,380.50575870246456
0,IDONTWANT,823,87,380.50575870246456
0,IDONTWANT,823,552,380.50575870246456
0,IDONTWANT,636,253,384.36776680185704
0,IDONTWANT,636,741,384.36776680185704
0,IDONTWANT,636,334,384.36776680185704
0,IDONTWANT,636,617,384.36776680185704
0,IDONTWANT,779,659,391.85053588371636
0,IDONTWANT,779,483,391.85053588371636
0,IDONTWANT,779,217,391.85053588371636
0,IDONTWANT,779,918,391.85053588371636
0,IDONTWANT,202,332,394.4355373745977
0,IDONTWANT,202,251,394.4355373745977
0,IDONTWANT,202,35,394.4355373745977
0,IDONTWANT,202,989,394.4355373745977
0,IDONTWANT,543,964,395.8091842148397
0,IDONTWANT,543,201,395.8091842148397
0,IDONTWANT,543,145,395.8091842148397
0,IDONTWANT,543,423,395.8091842148397
0,IDONTWANT,255,596,397.95209059380596
0,IDONTWANT,255,92,397.95209059380596
0,IDONTWANT,255,145,397.95209059380596
0,IDONTWANT,255,766,397.95209059380596
0,IDONTWANT,568,710,400.7450597555146
0,IDONTWANT,568,682,400.7450597555146
0,IDONTWANT,568,862,400.7450597555146
0,IDONTWANT,568,549,400.7450597555146
0,IDONTWANT,196,862,400.9490614892379
0,IDONTWANT,196,391,400.9490614892379
0,IDONTWANT,196,892,400.9490614892379
0,IDONTWANT,196,519,400.9490614892379
0,IDONTWANT,23,507,402.128074192342
0,IDONTWANT,23,897,402.128074192342
0,IDONTWANT,23,352,402.128074192342
0,IDONTWANT,23,747,402.128074192342
0,IDONTWANT,89,710,406.9627521648229
0,IDONTWANT,89,620,406.9627521648229
0,IDONTWANT,89,980,406.9627521648229
0,IDONTWANT,89,353,406.9627521648229
0,IDONTWANT,204,187,408.98952925932605
0,IDONTWANT,204,1,408.98952925932605
0,IDONTWANT,204,344,408.98952925932605
0,IDONTWANT,204,391,408.98952925932605
0,IDONTWANT,916,779,411.49753104577394
0,IDONTWANT,916,280,411.49753104577394
0,IDONTWANT,916,179,411.49753104577394
0,IDONTWANT,916,210,411.49753104577394
0,IDONTWANT,170,650,411.5273010630326
0,IDONTWANT,170,90,411.5273010630326
0,IDONTWANT,170,821,411.5273010630326
0,IDONTWANT,170,267,411.5273010630326
0,IDONTWANT,979,242,412.476883304788
0,IDONTWANT,979,973,412.476883304788
0,IDONTWANT,979,40,412.476883304788
0,IDONTWANT,979,294,412.476883304788
0,IDONTWANT,669,223,413.6588278234902
0,IDONTWANT,669,164,413.6588278234902
0,IDONTWANT,669,734,413.6588278234902
0,IDONTWANT,669,801,413.6588278234902
0,IDONTWANT,502,652,415.8531841826362
0,IDONTWANT,502,959,415.8531841826362
0,IDONTWANT,502,284,415.8531841826362
0,IDONTWANT,502,696,415.8531841826362
0,IDONTWANT,149,765,416.12970508672055
0,IDONTWANT,149,976,416.12970508672055
0,IDONTWANT,149,96,416.12970508672055
0,IDONTWANT,149,408,416.12970508672055
0,IDONTWANT,368,50,421.1260296895395
0,IDONTWANT,368,723,421.1260296895395
0,IDONTWANT,368,485,421.1260296895395
0,IDONTWANT,368,200,421.1260296895395
0,IDONTWANT,599,808,421.6915691574359
0,IDONTWANT,599,422,421.6915691574359
0,IDONTWANT,599,31,421.6915691574359
0,IDONTWANT,599,446,421.6915691574359
0,IDONTWANT,498,988,423.61805767464926
0,IDONTWANT,498,942,423.61805767464926
0,IDONTWANT,498,491,423.61805767464926
0,IDONTWANT,498,213,423.61805767464926
0,IDONTWANT,284,891,424.51609343722674
0,IDONTWANT,284,294,424.51609343722674
0,IDONTWANT,284,498,424.51609343722674
0,IDONTWANT,284,50,424.51609343722674
0,IDONTWANT,933,836,425.70994470825417
0,IDONTWANT,933,849,425.70994470825417
0,IDONTWANT,933,886,425.70994470825417
0,IDONTWANT,933,935,425.70994470825417
0,IDONTWANT,862,459,426.25362080291825
0,IDONTWANT,862,871,426.25362080291825
0,IDONTWANT,862,163,426.25362080291825
0,IDONTWANT,862,379,426.25362080291825
0,IDONTWANT,155,347,427.97872317823476
0,IDONTWANT,155,568,427.97872317823476
0,IDONTWANT,155,470,427.97872317823476
0,IDONTWANT,155,452,427.97872317823476
0,IDONTWANT,338,263,429.2298250509165
0,IDONTWANT,338,233,429.2298250509165
0,IDONTWANT,338,684,429.2298250509165
0,IDONTWANT,338,435,429.2298250509165
0,IDONTWANT,506,879,429.25212941929533
0,IDONTWANT,506,368,429.25212941929533
0,IDONTWANT,506,990,429.25212941929533
0,IDONTWANT,506,894,429.25212941929533
0,IDONTWANT,822,701,430.7489487748139
0,IDONTWANT,822,795,430.7489487748139
0,IDONTWANT,822,936,430.7489487748139
0,IDONTWANT,822,511,430.7489487748139
0,IDONTWANT,675,351,431.8291490161703
0,IDONTWANT,675,420,431.8291490161703
0,IDONTWANT,675,760,431.8291490161703
0,IDONTWANT,675,971,431.8291490161703
0,IDONTWANT,671,356,432.2401686346535
0,IDONTWANT,671,103,432.2401686346535
0,IDONTWANT,671,868,432.2401686346535
0,IDONTWANT,671,588,432.2401686346535
0,IDONTWANT,239,933,432.3783396111565
0,IDONTWANT,239,701,432.3783396111565
0,IDONTWANT,239,295,432.3783396111565
0,IDONTWANT,239,786,432.3783396111565
0,IDONTWANT,988,753,435.53829871806533
0,IDONTWANT,988,89,435.53829871806533
0,IDONTWANT,988,758,435.53829871806533
0,IDONTWANT,988,559,435.53829871806533
0,IDONTWANT,163,433,436.2252511323485
0,IDONTWANT,163,870,436.2252511323485
0,IDONTWANT,163,934,436.2252511323485
0,IDONTWANT,163,693,436.2252511323485
0,IDONTWANT,332,661,436.30801854193174
0,IDONTWANT,332,860,436.30801854193174
0,IDONTWANT,332,905,436.30801854193174
0,IDONTWANT,332,248,436.30801854193174
0,IDONTWANT,276,447,437.3310974745043
0,IDONTWANT,276,524,437.3310974745043
0,IDONTWANT,276,324,437.3310974745043
0,IDONTWANT,276,194,437.3310974745043
0,IDONTWANT,681,76,438.33455380931923
0,IDONTWANT,681,428,438.33455380931923
0,IDONTWANT,681,938,438.33455380931923
0,IDONTWANT,681,430,438.33455380931923
0,IDONTWANT,623,239,438.40745314605823
0,IDONTWANT,623,967,438.40745314605823
0,IDONTWANT,623,471,438.40745314605823
0,IDONTWANT,623,129,438.40745314605823
0,IDONTWANT,808,822,440.4532934094494
0,IDONTWANT,808,848,440.4532934094494
0,IDONTWANT,808,614,440.4532934094494
0,IDONTWANT,808,340,440.4532934094494
0,IDONTWANT,661,730,440.70691967441905
0,IDONTWANT,661,644,440.70691967441905
0,IDONTWANT,661,160,440.70691967441905
0,IDONTWANT,661,256,440.70691967441905
0,IDONTWANT,294,929,443.17216572842193
0,IDONTWANT,294,341,443.17216572842193
0,IDONTWANT,294,778,443.17216572842193
0,IDONTWANT,294,461,443.17216572842193
0,IDONTWANT,701,309,445.4029983571234
0,IDONTWANT,701,328,445.4029983571234
0,IDONTWANT,701,491,445.4029983571234
0,IDONTWANT,701,496,445.4029983571234
0,IDONTWANT,36,698,445.7791514969922
0,IDONTWANT,36,842,445.7791514969922
0,IDONTWANT,36,457,445.7791514969922
0,IDONTWANT,36,292,445.7791514969922
0,IDONTWANT,507,463,446.9613962758424
0,IDONTWANT,507,569,446.9613962758424
0,IDONTWANT,507,534,446.9613962758424
0,IDONTWANT,507,594,446.9613962758424
0,IDONTWANT,892,421,447.4516097347857
0,IDONTWANT,892,252,447.4516097347857
0,IDONTWANT,892,159,447.4516097347857
0,IDONTWANT,892,26,447.4516097347857
0,IDONTWANT,650,756,447.75951319127444
0,IDONTWANT,650,414,447.75951319127444
0,IDONTWANT,650,5,447.75951319127444
0,IDONTWANT,650,759,447.75951319127444
0,IDONTWANT,356,905,447.7878354107412
0,IDONTWANT,356,321,447.7878354107412
0,IDONTWANT,356,751,447.7878354107412
0,IDONTWANT,356,115,447.7878354107412
0,IDONTWANT,530,249,450.9851727757514
0,IDONTWANT,530,725,450.9851727757514
0,IDONTWANT,530,152,450.9851727757514
0,IDONTWANT,530,461,450.9851727757514
0,IDONTWANT,50,239,451.24651983791085
0,IDONTWANT,50,12,451.24651983791085
0,IDONTWANT,50,497,451.24651983791085
0,IDONTWANT,50,852,451.24651983791085
0,IDONTWANT,673,487,451.7359627099892
0,IDONTWANT,673,524,451.7359627099892
0,IDONTWANT,673,16,451.7359627099892
0,IDONTWANT,673,654,451.7359627099892
0,IDONTWANT,191,724,452.3616180153186
0,IDONTWANT,191,747,452.3616180153186
0,IDONTWANT,191,652,452.3616180153186
0,IDONTWANT,191,143,452.3616180153186
0,IDONTWANT,564,968,452.3834161249739
0,IDONTWANT,564,163,452.3834161249739
0,IDONTWANT,564,765,452.3834161249739
0,IDONTWANT,564,937,452.3834161249739
0,IDONTWANT,34,681,453.5131276005743
0,IDONTWANT,34,67,453.5131276005743
0,IDONTWANT,34,63,453.5131276005743
0,IDONTWANT,34,749,453.5131276005743
0,IDONTWANT,882,911,453.97404810410103
0,IDONTWANT,882,767,453.97404810410103
0,IDONTWANT,882,143,453.97404810410103
0,IDONTWANT,882,796,453.97404810410103
0,IDONTWANT,214,611,455.55715272090544
0,IDONTWANT,214,399,455.55715272090544
0,IDONTWANT,214,783,455.55715272090544
0,IDONTWANT,214,334,455.55715272090544
0,IDONTWANT,786,762,457.82980240042946
0,IDONTWANT,786,191,457.82980240042946
0,IDONTWANT,786,945,457.82980240042946
0,IDONTWANT,786,51,457.82980240042946
0,IDONTWANT,487,669,457.95626608729634
0,IDONTWANT,487,974,457.95626608729634
0,IDONTWANT,487,804,457.95626608729634
0,IDONTWANT,487,139,457.95626608729634
0,IDONTWANT,374,35,459.4615890153369
0,IDONTWANT,374,476,459.4615890153369
0,IDONTWANT,374,64,459.4615890153369
0,IDONTWANT,374,823,459.4615890153369
0,IDONTWANT,497,467,461.6692148382145
0,IDONTWANT,497,147,461.6692148382145
0,IDONTWANT,497,260,461.6692148382145
0,IDONTWANT,497,515,461.6692148382145
0,IDONTWANT,793,32,462.97948906305453
0,IDONTWANT,793,11,462.97948906305453
0,IDONTWANT,793,62,462.97948906305453
0,IDONTWANT,793,15,462.97948906305453
0,IDONTWANT,64,581,463.0406492812096
0,IDONTWANT,64,155,463.0406492812096
0,IDONTWANT,64,550,463.0406492812096
0,IDONTWANT,64,104,463.0406492812096
0,IDONTWANT,848,948,465.7360808819801
0,IDONTWANT,848,797,465.7360808819801
0,IDONTWANT,848,286,465.7360808819801
0,IDONTWANT,848,436,465.7360808819801
0,IDONTWANT,477,240,468.0235854199062
0,IDONTWANT,477,457,468.0235854199062
0,IDONTWANT,477,782,468.0235854199062
0,IDONTWANT,477,634,468.0235854199062
0,IDONTWANT,373,786,468.1825790596506
0,IDONTWANT,373,415,468.1825790596506
0,IDONTWANT,373,41,468.1825790596506
0,IDONTWANT,373,385,468.1825790596506
0,IDONTWANT,86,205,468.7822237235376
0,IDONTWANT,86,531,468.7822237235376
0,IDONTWANT,86,505,468.7822237235376
0,IDONTWANT,86,365,468.7822237235376
0,IDONTWANT,61,64,469.1149202046347
0,IDONTWANT,61,196,469.1149202046347
0,IDONTWANT,61,69,469.1149202046347
0,IDONTWANT,61,214,469.1149202046347
0,IDONTWANT,537,960,469.1840229922519
0,IDONTWANT,537,530,469.1840229922519
0,IDONTWANT,537,752,469.1840229922519
0,IDONTWANT,537,504,469.1840229922519
0,IDONTWANT,550,384,469.665604704066
0,IDONTWANT,550,865,469.665604704066
0,IDONTWANT,550,447,469.665604704066
0,IDONTWANT,550,764,469.665604704066
0,IDONTWANT,953,232,470.0314566660245
0,IDONTWANT,953,881,470.0314566660245
0,IDONTWANT,953,150,470.0314566660245
0,IDONTWANT,953,684,470.0314566660245
0,IDONTWANT,889,58,471.4852448721554
0,IDONTWANT,889,184,471.4852448721554
0,IDONTWANT,889,730,471.4852448721554
0,IDONTWANT,889,462,471.4852448721554
0,IDONTWANT,43,509,472.1472389209905
0,IDONTWANT,43,83,472.1472389209905
0,IDONTWANT,43,171,472.1472389209905
0,IDONTWANT,43,460,472.1472389209905
0,IDONTWANT,267,122,472.278869072681
0,IDONTWANT,267,963,472.278869072681
0,IDONTWANT,267,949,472.278869072681
0,IDONTWANT,267,200,472.278869072681
0,IDONTWANT,945,18,472.6917327969628
0,IDONTWANT,945,857,472.6917327969628
0,IDONTWANT,945,613,472.6917327969628
0,IDONTWANT,945,652,472.6917327969628
0,IDONTWANT,504,812,473.3708328824374
0,IDONTWANT,504,804,473.3708328824374
0,IDONTWANT,504,270,473.3708328824374
0,IDONTWANT,504,117,473.3708328824374
0,IDONTWANT,544,204,473.6585515377567
0,IDONTWANT,544,530,473.6585515377567
0,IDONTWANT,544,623,473.6585515377567
0,IDONTWANT,544,659,473.6585515377567
0,IDONTWANT,710,671,475.37015850439565
0,IDONTWANT,710,300,475.37015850439565
0,IDONTWANT,710,256,475.37015850439565
0,IDONTWANT,710,622,475.37015850439565
0,IDONTWANT,58,896,477.9704021022162
0,IDONTWANT,58,697,477.9704021022162
0,IDONTWANT,58,818,477.9704021022162
0,IDONTWANT,58,573,477.9704021022162
0,IDONTWANT,123,451,477.97309558252186
0,IDONTWANT,123,796,477.97309558252186
0,IDONTWANT,123,188,477.97309558252186
0,IDONTWANT,123,624,477.97309558252186
0,IDONTWANT,821,872,478.1008017814067
0,IDONTWANT,821,816,478.1008017814067
0,IDONTWANT,821,827,478.1008017814067
0,IDONTWANT,821,560,478.1008017814067
0,IDONTWANT,31,609,478.5133894741249
0,IDONTWANT,31,509,478.5133894741249
0,IDONTWANT,31,594,478.5133894741249
0,IDONTWANT,31,817,478.5133894741249
0,IDONTWANT,976,643,479.14304375587886
0,IDONTWANT,976,555,479.14304375587886
0,IDONTWANT,976,825,479.14304375587886
0,IDONTWANT,976,946,479.14304375587886
0,IDONTWANT,905,300,479.61161001883687
0,IDONTWANT,905,147,479.61161001883687
0,IDONTWANT,905,655,479.61161001883687
0,IDONTWANT,905,16,479.61161001883687
0,IDONTWANT,581,878,479.64881613361575
0,IDONTWANT,581,605,479.64881613361575
0,IDONTWANT,581,781,479.64881613361575
0,IDONTWANT,581,372,479.64881613361575
0,IDONTWANT,730,303,480.0268171427998
0,IDONTWANT,730,861,480.0268171427998
0,IDONTWANT,730,476,480.0268171427998
0,IDONTWANT,730,383,480.0268171427998
0,IDONTWANT,263,310,480.21431616895836
0,IDONTWANT,263,745,480.21431616895836
0,IDONTWANT,263,144,480.21431616895836
0,IDONTWANT,263,427,480.21431616895836
0,IDONTWANT,353,998,480.2715645775103
0,IDONTWANT,353,611,480.2715645775103
0,IDONTWANT,353,145,480.2715645775103
0,IDONTWANT,353,426,480.2715645775103
0,IDONTWANT,597,617,480.63983407506555
0,IDONTWANT,597,515,480.63983407506555
0,IDONTWANT,597,487,480.63983407506555
0,IDONTWANT,597,872,480.63983407506555
0,IDONTWANT,977,36,480.9404520992795
0,IDONTWANT,977,636,480.9404520992795
0,IDONTWANT,977,102,480.9404520992795
0,IDONTWANT,977,256,480.9404520992795
0,IDONTWANT,509,258,482.04015809565425
0,IDONTWANT,509,549,482.04015809565425
0,IDONTWANT,509,645,482.04015809565425
0,IDONTWANT,509,878,482.04015809565425
0,IDONTWANT,266,769,482.86934125902917
0,IDONTWANT,266,347,482.86934125902917
0,IDONTWANT,266,860,482.86934125902917
0,IDONTWANT,266,408,482.86934125902917
0,IDONTWANT,836,217,484.49569203831953
0,IDONTWANT,836,196,484.49569203831953
0,IDONTWANT,836,94,484.49569203831953
0,IDONTWANT,836,185,484.49569203831953
0,IDONTWANT,792,936,485.82934959207205
0,IDONTWANT,792,988,485.82934959207205
0,IDONTWANT,792,53,485.82934959207205
0,IDONTWANT,792,734,485.82934959207205
0,IDONTWANT,778,422,486.96752116946
0,IDONTWANT,778,561,486.96752116946
0,IDONTWANT,778,104,486.96752116946
0,IDONTWANT,778,84,486.96752116946
0,IDONTWANT,762,468,487.141171074859
0,IDONTWANT,762,640,487.141171074859
0,IDONTWANT,762,781,487.141171074859
0,IDONTWANT,762,178,487.141171074859
0,IDONTWANT,100,183,489.4438689194917
0,IDONTWANT,100,445,489.4438689194917
0,IDONTWANT,100,809,489.4438689194917
0,IDONTWANT,100,652,489.4438689194917
0,IDONTWANT,936,62,490.57238621351735
0,IDONTWANT,936,298,490.57238621351735
0,IDONTWANT,936,893,490.57238621351735
0,IDONTWANT,936,110,490.57238621351735
0,IDONTWANT,689,649,490.85532838329016
0,IDONTWANT,689,197,490.85532838329016
0,IDONTWANT,689,480,490.85532838329016
0,IDONTWANT,689,657,490.85532838329016
0,IDONTWANT,911,283,490.96553180283
0,IDONTWANT,911,585,490.96553180283
0,IDONTWANT,911,185,490.96553180283
0,IDONTWANT,911,141,490.96553180283
0,IDONTWANT,811,316,491.02434757345964
0,IDONTWANT,811,598,491.02434757345964
0,IDONTWANT,811,438,491.02434757345964
0,IDONTWANT,811,910,491.02434757345964
0,IDONTWANT,238,866,491.3936351934684
0,IDONTWANT,238,392,491.3936351934684
0,IDONTWANT,238,78,491.3936351934684
0,IDONTWANT,238,491,491.3936351934684
0,IDONTWANT,815,705,491.44314652500253
0,IDONTWANT,815,1,491.44314652500253
0,IDONTWANT,815,329,491.44314652500253
0,IDONTWANT,815,269,491.44314652500253
0,IDONTWANT,347,779,491.61000982321514
0,IDONTWANT,347,911,491.61000982321514
0,IDONTWANT,347,302,491.61000982321514
0,IDONTWANT,347,111,491.61000982321514
0,IDONTWANT,82,338,491.9735578922944
0,IDONTWANT,82,652,491.9735578922944
0,IDONTWANT,82,229,491.9735578922944
0,IDONTWANT,82,628,491.9735578922944
0,IDONTWANT,948,890,492.5958286756762
0,IDONTWANT,948,96,492.5958286756762
0,IDONTWANT,948,734,492.5958286756762
0,IDONTWANT,948,183,492.5958286756762
0,IDONTWANT,1,667,492.7323479821886
0,IDONTWANT,1,50,492.7323479821886
0,IDONTWANT,1,75,492.7323479821886
0,IDONTWANT,1,841,492.7323479821886
0,IDONTWANT,283,630,492.76085920942995
0,IDONTWANT,283,771,492.76085920942995
0,IDONTWANT,283,141,492.76085920942995
0,IDONTWANT,283,660,492.76085920942995
0,IDONTWANT,272,774,493.37395414006266
0,IDONTWANT,272,282,493.37395414006266
0,IDONTWANT,272,875,493.37395414006266
0,IDONTWANT,272,49,493.37395414006266
0,IDONTWANT,70,500,494.32462316334875
0,IDONTWANT,70,478,494.32462316334875
0,IDONTWANT,70,492,494.32462316334875
0,IDONTWANT,70,496,494.32462316334875
0,IDONTWANT,274,678,494.54633178942197
0,IDONTWANT,274,293,494.54633178942197
0,IDONTWANT,274,651,494.54633178942197
0,IDONTWANT,274,959,494.54633178942197
0,IDONTWANT,304,369,494.7556415497645
0,IDONTWANT,304,128,494.7556415497645
0,IDONTWANT,304,704,494.7556415497645
0,IDONTWANT,304,516,494.7556415497645
0,IDONTWANT,747,353,496.94965510767804
0,IDONTWANT,747,999,496.94965510767804
0,IDONTWANT,747,208,496.94965510767804
0,IDONTWANT,747,670,496.94965510767804
0,IDONTWANT,334,252,497.42257613815525
0,IDONTWANT,334,29,497.42257613815525
0,IDONTWANT,334,984,497.42257613815525
0,IDONTWANT,334,422,497.42257613815525
0,IDONTWANT,397,333,498.4203845964264
0,IDONTWANT,397,164,498.4203845964264
0,IDONTWANT,397,437,498.4203845964264
0,IDONTWANT,397,905,498.4203845964264
0,IDONTWANT,526,229,499.08822794423077
0,IDONTWANT,526,423,499.08822794423077
0,IDONTWANT,526,598,499.08822794423077
0,IDONTWANT,526,308,499.08822794423077
0,IDONTWANT,617,97,500.1906307148546
0,IDONTWANT,617,410,500.1906307148546
0,IDONTWANT,617,951,500.1906307148546
0,IDONTWANT,617,404,500.1906307148546
0,IDONTWANT,229,642,501.36409363212084
0,IDONTWANT,229,545,501.36409363212084
0,IDONTWANT,229,698,501.36409363212084
0,IDONTWANT,229,251,501.36409363212084
0,IDONTWANT,217,44,501.9714073886292
0,IDONTWANT,217,845,501.9714073886292
0,IDONTWANT,217,856,501.9714073886292
0,IDONTWANT,217,733,501.9714073886292
0,IDONTWANT,774,589,502.24025593718636
0,IDONTWANT,774,712,502.24025593718636
0,IDONTWANT,774,941,502.24025593718636
0,IDONTWANT,774,414,502.24025593718636
0,IDONTWANT,968,543,502.57555490185786
0,IDONTWANT,968,191,502.57555490185786
0,IDONTWANT,968,70,502.57555490185786
0,IDONTWANT,968,332,502.57555490185786
0,IDONTWANT,461,878,502.85518064011967
0,IDONTWANT,461,227,502.85518064011967
0,IDONTWANT,461,636,502.85518064011967
0,IDONTWANT,461,414,502.85518064011967
0,IDONTWANT,942,256,503.5123340417358
0,IDONTWANT,942,568,503.5123340417358
0,IDONTWANT,942,836,503.5123340417358
0,IDONTWANT,942,979,503.5123340417358
0,IDONTWANT,49,181,504.3175101887776
0,IDONTWANT,49,155,504.3175101887776
0,IDONTWANT,49,238,504.3175101887776
0,IDONTWANT,49,675,504.3175101887776
0,IDONTWANT,145,125,504.66255305396857
0,IDONTWANT,145,919,504.66255305396857
0,IDONTWANT,145,796,504.66255305396857
0,IDONTWANT,145,159,504.66255305396857
0,IDONTWANT,524,2,504.90032318919725
0,IDONTWANT,524,581,504.90032318919725
0,IDONTWANT,524,363,504.90032318919725
0,IDONTWANT,524,311,504.90032318919725
0,IDONTWANT,164,839,505.9246318896996
0,IDONTWANT,164,969,505.9246318896996
0,IDONTWANT,164,265,505.9246318896996
0,IDONTWANT,164,416,505.9246318896996
0,IDONTWANT,585,729,506.52441068838675
0,IDONTWANT,585,967,506.52441068838675
0,IDONTWANT,585,393,506.52441068838675
0,IDONTWANT,585,109,506.52441068838675
0,IDONTWANT,870,148,506.755648400135
0,IDONTWANT,870,325,506.755648400135
0,IDONTWANT,870,773,506.755648400135
0,IDONTWANT,870,5,506.755648400135
0,IDONTWANT,846,892,507.31106694723866
0,IDONTWANT,846,887,507.31106694723866
0,IDONTWANT,846,579,507.31106694723866
0,IDONTWANT,846,497,507.31106694723866
0,IDONTWANT,96,669,507.77461223678995
0,IDONTWANT,96,353,507.77461223678995
0,IDONTWANT,96,819,507.77461223678995
0,IDONTWANT,96,659,507.77461223678995
0,IDONTWANT,431,32,507.7944220089299
0,IDONTWANT,431,815,507.7944220089299
0,IDONTWANT,431,508,507.7944220089299
0,IDONTWANT,431,562,507.7944220089299
0,IDONTWANT,414,104,510.05375679912424
0,IDONTWANT,414,4,510.05375679912424
0,IDONTWANT,414,487,510.05375679912424
0,IDONTWANT,414,905,510.05375679912424
0,IDONTWANT,35,719,510.20970862602974
0,IDONTWANT,35,318,510.20970862602974
0,IDONTWANT,35,663,510.20970862602974
0,IDONTWANT,35,592,510.20970862602974
0,IDONTWANT,741,538,510.2546744580666
0,IDONTWANT,741,567,510.2546744580666
0,IDONTWANT,741,790,510.2546744580666
0,IDONTWANT,741,935,510.2546744580666
0,IDONTWANT,120,431,512.037787223023
0,IDONTWANT,120,847,512.037787223023
0,IDONTWANT,120,940,512.037787223023
0,IDONTWANT,120,900,512.037787223023
0,IDONTWANT,705,58,512.046658167613
0,IDONTWANT,705,87,512.046658167613
0,IDONTWANT,705,848,512.046658167613
0,IDONTWANT,705,578,512.046658167613
0,IDONTWANT,818,801,512.8953970698933
0,IDONTWANT,818,43,512.8953970698933
0,IDONTWANT,818,295,512.8953970698933
0,IDONTWANT,818,854,512.8953970698933
0,IDONTWANT,828,725,513.3228328610026
0,IDONTWANT,828,211,513.3228328610026
0,IDONTWANT,828,949,513.3228328610026
0,IDONTWANT,828,260,513.3228328610026
0,IDONTWANT,398,107,513.7167339255179
0,IDONTWANT,398,73,513.7167339255179
0,IDONTWANT,398,271,513.7167339255179
0,IDONTWANT,398,640,513.7167339255179
0,IDONTWANT,79,268,514.6873338601185
0,IDONTWANT,79,531,514.6873338601185
0,IDONTWANT,79,376,514.6873338601185
0,IDONTWANT,79,931,514.6873338601185
0,IDONTWANT,651,248,515.244048760562
0,IDONTWANT,651,930,515.244048760562
0,IDONTWANT,651,874,515.244048760562
0,IDONTWANT,651,440,515.244048760562
0,IDONTWANT,403,240,515.6996372121241
0,IDONTWANT,403,766,515.6996372121241
0,IDONTWANT,403,552,515.6996372121241
0,IDONTWANT,403,868,515.6996372121241
0,IDONTWANT,458,652,516.6732277547577
0,IDONTWANT,458,397,516.6732277547577
0,IDONTWANT,458,88,516.6732277547577
0,IDONTWANT,458,926,516.6732277547577
0,IDONTWANT,121,514,516.6746054757582
0,IDONTWANT,121,134,516.6746054757582
0,IDONTWANT,121,545,516.6746054757582
0,IDONTWANT,121,156,516.6746054757582
0,IDONTWANT,11,137,517.0308920886243
0,IDONTWANT,11,297,517.0308920886243
0,IDONTWANT,11,430,517.0308920886243
0,IDONTWANT,11,148,517.0308920886243
0,IDONTWANT,471,466,517.8858883177957
0,IDONTWANT,471,564,517.8858883177957
0,IDONTWANT,471,870,517.8858883177957
0,IDONTWANT,471,643,517.8858883177957
0,IDONTWANT,355,403,518.7073832055362
0,IDONTWANT,355,461,518.7073832055362
0,IDONTWANT,355,920,518.7073832055362
0,IDONTWANT,355,730,518.7073832055362
0,IDONTWANT,286,174,519.3191074993674
0,IDONTWANT,286,484,519.3191074993674
0,IDONTWANT,286,425,519.3191074993674
0,IDONTWANT,286,352,519.3191074993674
0,IDONTWANT,190,351,519.5194042807909
0,IDONTWANT,190,204,519.5194042807909
0,IDONTWANT,190,853,519.5194042807909
0,IDONTWANT,190,904,519.5194042807909
0,IDONTWANT,32,468,519.626582649641
0,IDONTWANT,32,71,519.626582649641
0,IDONTWANT,32,861,519.626582649641
0,IDONTWANT,32,96,519.626582649641
0,IDONTWANT,711,103,519.8306117863909
0,IDONTWANT,711,592,519.8306117863909
0,IDONTWANT,711,146,519.8306117863909
0,IDONTWANT,711,875,519.8306117863909
0,IDONTWANT,852,346,519.8503813785777
0,IDONTWANT,852,205,519.8503813785777
0,IDONTWANT,852,185,519.8503813785777
0,IDONTWANT,852,387,519.8503813785777
0,IDONTWANT,6,435,520.2804899439445
0,IDONTWANT,6,61,520.2804899439445
0,IDONTWANT,6,847,520.2804899439445
0,IDONTWANT,6,580,520.2804899439445
0,IDONTWANT,816,274,520.5953605363591
0,IDONTWANT,816,432,520.5953605363591
0,IDONTWANT,816,161,520.5953605363591
0,IDONTWANT,816,600,520.5953605363591
0,IDONTWANT,319,846,521.0961293216608
0,IDONTWANT,319,740,521.0961293216608
0,IDONTWANT,319,718,521.0961293216608
0,IDONTWANT,319,663,521.0961293216608
0,IDONTWANT,960,346,521.3962156966583
0,IDONTWANT,960,410,521.3962156966583
0,IDONTWANT,960,246,521.3962156966583
0,IDONTWANT,960,858,521.3962156966583
0,IDONTWANT,166,585,521.6934708298121
0,IDONTWANT,166,507,521.6934708298121
0,IDONTWANT,166,718,521.6934708298121
0,IDONTWANT,166,335,521.6934708298121
0,IDONTWANT,611,967,521.868797667171
0,IDONTWANT,611,162,521.868797667171
0,IDONTWANT,611,290,521.868797667171
0,IDONTWANT,611,835,521.868797667171
0,IDONTWANT,565,334,522.8633141385145
0,IDONTWANT,565,196,522.8633141385145
0,IDONTWANT,565,902,522.8633141385145
0,IDONTWANT,565,398,522.8633141385145
0,IDONTWANT,233,676,522.9775839261243
0,IDONTWANT,233,539,522.9775839261243
0,IDONTWANT,233,67,522.9775839261243
0,IDONTWANT,233,764,522.9775839261243
0,IDONTWANT,268,731,523.0933840976352
0,IDONTWANT,268,12,523.0933840976352
0,IDONTWANT,268,924,523.0933840976352
0,IDONTWANT,268,758,523.0933840976352
0,IDONTWANT,318,996,523.2485462649063
0,IDONTWANT,318,699,523.2485462649063
0,IDONTWANT,318,111,523.2485462649063
0,IDONTWANT,318,965,523.2485462649063
0,IDONTWANT,183,15,523.7764210533585
0,IDONTWANT,183,18,523.7764210533585
0,IDONTWANT,183,751,523.7764210533585
0,IDONTWANT,183,518,523.7764210533585
0,IDONTWANT,152,442,523.8233327602638
0,IDONTWANT,152,528,523.8233327602638
0,IDONTWANT,152,414,523.8233327602638
0,IDONTWANT,152,348,523.8233327602638
0,IDONTWANT,535,576,524.4151830890531
0,IDONTWANT,535,915,524.4151830890531
0,IDONTWANT,535,358,524.4151830890531
0,IDONTWANT,535,609,524.4151830890531
0,IDONTWANT,256,537,524.6835191164598
0,IDONTWANT,256,269,524.6835191164598
0,IDONTWANT,256,976,524.6835191164598
0,IDONTWANT,256,369,524.6835191164598
0,IDONTWANT,452,175,524.7341195512128
0,IDONTWANT,452,948,524.7341195512128
0,IDONTWANT,452,68,524.7341195512128
0,IDONTWANT,452,111,524.7341195512128
0,IDONTWANT,442,414,525.3583041397669
0,IDONTWANT,442,208,525.3583041397669
0,IDONTWANT,442,965,525.3583041397669
0,IDONTWANT,442,6,525.3583041397669
0,IDONTWANT,351,972,525.5399468040818
0,IDONTWANT,351,610,525.5399468040818
0,IDONTWANT,351,149,525.5399468040818
0,IDONTWANT,351,945,525.5399468040818
0,IDONTWANT,488,26,525.8288726976805
0,IDONTWANT,488,878,525.8288726976805
0,IDONTWANT,488,67,525.8288726976805
0,IDONTWANT,488,629,525.8288726976805
0,IDONTWANT,927,254,526.2435785937396
0,IDONTWANT,927,190,526.2435785937396
0,IDONTWANT,927,576,526.2435785937396
0,IDONTWANT,927,851,526.2435785937396
0,IDONTWANT,923,288,526.5844693032197
0,IDONTWANT,923,862,526.5844693032197
0,IDONTWANT,923,654,526.5844693032197
0,IDONTWANT,923,885,526.5844693032197
0,IDONTWANT,316,460,527.198779416672
0,IDONTWANT,316,254,527.198779416672
0,IDONTWANT,316,802,527.198779416672
0,IDONTWANT,316,111,527.198779416672
0,IDONTWANT,866,566,527.9554057532023
0,IDONTWANT,866,927,527.9554057532023
0,IDONTWANT,866,28,527.9554057532023
0,IDONTWANT,866,857,527.9554057532023
0,IDONTWANT,725,928,529.5637857628651
0,IDONTWANT,725,147,529.5637857628651
0,IDONTWANT,725,717,529.5637857628651
0,IDONTWANT,725,503,529.5637857628651
0,IDONTWANT,531,98,529.7016188190511
0,IDONTWANT,531,65,529.7016188190511
0,IDONTWANT,531,654,529.7016188190511
0,IDONTWANT,531,148,529.7016188190511
0,IDONTWANT,451,356,530.1963521914872
0,IDONTWANT,451,290,530.1963521914872
0,IDONTWANT,451,165,530.1963521914872
0,IDONTWANT,451,534,530.1963521914872
0,IDONTWANT,943,30,533.0769051099819
0,IDONTWANT,943,19,533.0769051099819
0,IDONTWANT,943,98,533.0769051099819
0,IDONTWANT,943,949,533.0769051099819
0,IDONTWANT,137,490,533.4725612159912
0,IDONTWANT,137,520,533.4725612159912
0,IDONTWANT,137,965,533.4725612159912
0,IDONTWANT,137,254,533.4725612159912
0,IDONTWANT,391,622,534.2276624605137
0,IDONTWANT,391,241,534.2276624605137
0,IDONTWANT,391,335,534.2276624605137
0,IDONTWANT,391,882,534.2276624605137
0,IDONTWANT,428,835,534.3630289255145
0,IDONTWANT,428,11,534.3630289255145
0,IDONTWANT,428,839,534.3630289255145
0,IDONTWANT,428,335,534.3630289255145
0,IDONTWANT,740,374,534.4488260438561
0,IDONTWANT,740,349,534.4488260438561
0,IDONTWANT,740,485,534.4488260438561
0,IDONTWANT,740,798,534.4488260438561
0,IDONTWANT,491,294,535.0811443654156
0,IDONTWANT,491,980,535.0811443654156
0,IDONTWANT,491,831,535.0811443654156
0,IDONTWANT,491,939,535.0811443654156
0,IDONTWANT,845,21,535.1449120503895
0,IDONTWANT,845,96,535.1449120503895
0,IDONTWANT,845,34,535.1449120503895
0,IDONTWANT,845,209,535.1449120503895
0,IDONTWANT,766,377,535.4213716661358
0,IDONTWANT,766,893,535.4213716661358
0,IDONTWANT,766,843,535.4213716661358
0,IDONTWANT,766,142,535.4213716661358
0,IDONTWANT,146,963,535.9477755588755
0,IDONTWANT,146,734,535.9477755588755
0,IDONTWANT,146,659,535.9477755588755
0,IDONTWANT,146,677,535.9477755588755
0,IDONTWANT,122,537,536.0558602996776
0,IDONTWANT,122,523,536.0558602996776
0,IDONTWANT,122,19,536.0558602996776
0,IDONTWANT,122,894,536.0558602996776
0,IDONTWANT,208,837,538.5153704214789
0,IDONTWANT,208,91,538.5153704214789
0,IDONTWANT,208,147,538.5153704214789
0,IDONTWANT,208,410,538.5153704214789
0,IDONTWANT,0,332,538.7281391418027
0,IDONTWANT,0,971,538.7281391418027
0,IDONTWANT,0,155,538.7281391418027
0,IDONTWANT,0,405,538.7281391418027
0,IDONTWANT,974,886,539.3793002048833
0,IDONTWANT,974,656,539.3793002048833
0,IDONTWANT,974,635,539.3793002048833
0,IDONTWANT,974,272,539.3793002048833
0,IDONTWANT,464,42,540.1636477634503
0,IDONTWANT,464,409,540.1636477634503
0,IDONTWANT,464,962,540.1636477634503
0,IDONTWANT,464,531,540.1636477634503
0,IDONTWANT,447,52,540.885949561829
0,IDONTWANT,447,565,540.885949561829
0,IDONTWANT,447,145,540.885949561829
0,IDONTWANT,447,657,540.885949561829
0,IDONTWANT,538,254,541.0120023426383
0,IDONTWANT,538,169,541.0120023426383
0,IDONTWANT,538,926,541.0120023426383
0,IDONTWANT,538,0,541.0120023426383
0,IDONTWANT,401,177,541.1847402327226
0,IDONTWANT,401,239,541.1847402327226
0,IDONTWANT,401,136,541.1847402327226
0,IDONTWANT,401,427,541.1847402327226
0,IDONTWANT,12,554,541.4318558449789
0,IDONTWANT,12,121,541.4318558449789
0,IDONTWANT,12,585,541.4318558449789
0,IDONTWANT,12,316,541.4318558449789
0,IDONTWANT,326,448,541.6435155324084
0,IDONTWANT,326,716,541.6435155324084
0,IDONTWANT,326,783,541.6435155324084
0,IDONTWANT,326,114,541.6435155324084
0,IDONTWANT,897,525,542.4714242669553
0,IDONTWANT,897,58,542.4714242669553
0,IDONTWANT,897,646,542.4714242669553
0,IDONTWANT,897,917,542.4714242669553
0,IDONTWANT,54,976,542.4831885754154
0,IDONTWANT,54,129,542.4831885754154
0,IDONTWANT,54,708,542.4831885754154
0,IDONTWANT,54,880,542.4831885754154
0,IDONTWANT,103,412,543.1455741387941
0,IDONTWANT,103,762,543.1455741387941
0,IDONTWANT,103,970,543.1455741387941
0,IDONTWANT,103,86,543.1455741387941
0,IDONTWANT,643,445,544.3859097312591
0,IDONTWANT,643,280,544.3859097312591
0,IDONTWANT,643,200,544.3859097312591
0,IDONTWANT,643,111,544.3859097312591
0,IDONTWANT,311,436,544.5023210742328
0,IDONTWANT,311,727,544.5023210742328
0,IDONTWANT,311,783,544.5023210742328
0,IDONTWANT,311,918,544.5023210742328
0,IDONTWANT,446,792,545.1403265144993
0,IDONTWANT,446,166,545.1403265144993
0,IDONTWANT,446,133,545.1403265144993
0,IDONTWANT,446,15,545.1403265144993
0,IDONTWANT,44,412,545.9982904772511
0,IDONTWANT,44,563,545.9982904772511
0,IDONTWANT,44,285,545.9982904772511
0,IDONTWANT,44,905,545.9982904772511
0,IDONTWANT,494,854,546.0514253247497
0,IDONTWANT,494,359,546.0514253247497
0,IDONTWANT,494,626,546.0514253247497
0,IDONTWANT,494,775,546.0514253247497
0,IDONTWANT,249,121,546.2221345234967
0,IDONTWANT,249,916,546.2221345234967
0,IDONTWANT,249,563,546.2221345234967
0,IDONTWANT,249,204,546.2221345234967
0,IDONTWANT,795,633,546.4057784001458
0,IDONTWANT,795,81,546.4057784001458
0,IDONTWANT,795,398,546.4057784001458
0,IDONTWANT,795,318,546.4057784001458
0,IDONTWANT,959,964,546.420417314251
0,IDONTWANT,959,53,546.420417314251
0,IDONTWANT,959,795,546.420417314251
0,IDONTWANT,959,371,546.420417314251
0,IDONTWANT,712,239,546.8751228667098
0,IDONTWANT,712,190,546.8751228667098
0,IDONTWANT,712,795,546.8751228667098
0,IDONTWANT,712,462,546.8751228667098
0,IDONTWANT,596,933,547.1962829444694
0,IDONTWANT,596,328,547.1962829444694
0,IDONTWANT,596,788,547.1962829444694
0,IDONTWANT,596,988,547.1962829444694
0,IDONTWANT,587,34,547.3145170459036
0,IDONTWANT,587,35,547.3145170459036
0,IDONTWANT,587,973,547.3145170459036
0,IDONTWANT,587,869,547.3145170459036
0,IDONTWANT,359,538,547.4521274022496
0,IDONTWANT,359,765,547.4521274022496
0,IDONTWANT,359,479,547.4521274022496
0,IDONTWANT,359,32,547.4521274022496
0,IDONTWANT,147,375,547.6179857028837
0,IDONTWANT,147,146,547.6179857028837
0,IDONTWANT,147,260,547.6179857028837
0,IDONTWANT,963,834,547.648822479221
0,IDONTWANT,963,410,547.648822479221
0,IDONTWANT,963,867,547.648822479221
0,IDONTWANT,963,574,547.648822479221
0,IDONTWANT,756,623,548.4372762980548
0,IDONTWANT,756,785,548.4372762980548
0,IDONTWANT,756,673,548.4372762980548
0,IDONTWANT,756,61,548.4372762980548
0,IDONTWANT,125,177,548.459102986185
0,IDONTWANT,125,145,548.459102986185
0,IDONTWANT,125,485,548.459102986185
0,IDONTWANT,125,634,548.459102986185
0,IDONTWANT,148,140,548.7519269471344
0,IDONTWANT,148,991,548.7519269471344
0,IDONTWANT,148,479,548.7519269471344
0,IDONTWANT,148,225,548.7519269471344
0,IDONTWANT,241,203,549.5759415737526
0,IDONTWANT,241,79,549.5759415737526
0,IDONTWANT,241,615,549.5759415737526
0,IDONTWANT,241,150,549.5759415737526
0,IDONTWANT,996,559,549.7459368492855
0,IDONTWANT,996,392,549.7459368492855
0,IDONTWANT,996,992,549.7459368492855
0,IDONTWANT,996,599,549.7459368492855
0,IDONTWANT,104,743,549.9000289074986
0,IDONTWANT,104,163,549.9000289074986
0,IDONTWANT,104,175,549.9000289074986
0,IDONTWANT,104,131,549.9000289074986
0,IDONTWANT,436,277,550.1529645132975
0,IDONTWANT,436,419,550.1529645132975
0,IDONTWANT,436,290,550.1529645132975
0,IDONTWANT,436,684,550.1529645132975
0,IDONTWANT,197,687,550.430572110727
0,IDONTWANT,197,995,550.430572110727
0,IDONTWANT,197,289,550.430572110727
0,IDONTWANT,197,614,550.430572110727
0,IDONTWANT,796,319,551.0468111791041
0,IDONTWANT,796,746,551.0468111791041
0,IDONTWANT,796,614,551.0468111791041
0,IDONTWANT,796,169,551.0468111791041
0,IDONTWANT,713,354,551.5009877042985
0,IDONTWANT,713,804,551.5009877042985
0,IDONTWANT,713,156,551.5009877042985
0,IDONTWANT,713,213,551.5009877042985
0,IDONTWANT,634,721,551.9552675809794
0,IDONTWANT,634,847,551.9552675809794
0,IDONTWANT,634,864,551.9552675809794
0,IDONTWANT,634,632,551.9552675809794
0,IDONTWANT,457,322,552.0001119189938
0,IDONTWANT,457,54,552.0001119189938
0,IDONTWANT,457,623,552.0001119189938
0,IDONTWANT,457,949,552.0001119189938
0,IDONTWANT,13,574,552.287320144878
0,IDONTWANT,13,836,552.287320144878
0,IDONTWANT,13,699,552.287320144878
0,IDONTWANT,13,186,552.287320144878
0,IDONTWANT,728,164,552.8885144347273
0,IDONTWANT,728,861,552.8885144347273
0,IDONTWANT,728,328,552.8885144347273
0,IDONTWANT,728,479,552.8885144347273
0,IDONTWANT,293,510,553.1734587434621
0,IDONTWANT,293,564,553.1734587434621
0,IDONTWANT,293,225,553.1734587434621
0,IDONTWANT,293,464,553.1734587434621
0,IDONTWANT,566,336,553.4217501769512
0,IDONTWANT,566,616,553.4217501769512
0,IDONTWANT,566,244,553.4217501769512
0,IDONTWANT,566,388,553.4217501769512
0,IDONTWANT,855,469,553.6437402731653
0,IDONTWANT,855,498,553.6437402731653
0,IDONTWANT,855,970,553.6437402731653
0,IDONTWANT,855,866,553.6437402731653
0,IDONTWANT,3,60,554.9967373540658
0,IDONTWANT,3,932,554.9967373540658
0,IDONTWANT,3,520,554.9967373540658
0,IDONTWANT,3,220,554.9967373540658
0,IDONTWANT,527,604,555.2735041702119
0,IDONTWANT,527,136,555.2735041702119
0,IDONTWANT,527,209,555.2735041702119
0,IDONTWANT,527,375,555.2735041702119
0,IDONTWANT,341,431,556.3106182797824
0,IDONTWANT,341,372,556.3106182797824
0,IDONTWANT,341,699,556.3106182797824
0,IDONTWANT,341,406,556.3106182797824
0,IDONTWANT,483,41,556.3512836380248
0,IDONTWANT,483,652,556.3512836380248
0,IDONTWANT,483,133,556.3512836380248
0,IDONTWANT,483,84,556.3512836380248
0,IDONTWANT,847,600,556.619938356315
0,IDONTWANT,847,580,556.619938356315
0,IDONTWANT,847,218,556.619938356315
0,IDONTWANT,847,267,556.619938356315
0,IDONTWANT,529,137,557.4369381316842
0,IDONTWANT,529,14,557.4369381316842
0,IDONTWANT,529,960,557.4369381316842
0,IDONTWANT,529,821,557.4369381316842
0,IDONTWANT,62,452,557.5127833520941
0,IDONTWANT,62,167,557.5127833520941
0,IDONTWANT,62,113,557.5127833520941
0,IDONTWANT,62,349,557.5127833520941
0,IDONTWANT,647,810,557.6016608464761
0,IDONTWANT,647,447,557.6016608464761
0,IDONTWANT,647,711,557.6016608464761
0,IDONTWANT,647,227,557.6016608464761
0,IDONTWANT,817,943,558.3877963304925
0,IDONTWANT,817,836,558.3877963304925
0,IDONTWANT,817,781,558.3877963304925
0,IDONTWANT,817,909,558.3877963304925
0,IDONTWANT,322,1,558.40924003249
0,IDONTWANT,322,802,558.40924003249
0,IDONTWANT,322,128,558.40924003249
0,IDONTWANT,322,238,558.40924003249
0,IDONTWANT,108,674,558.5978671104084
0,IDONTWANT,108,960,558.5978671104084
0,IDONTWANT,108,359,558.5978671104084
0,IDONTWANT,108,160,558.5978671104084
0,IDONTWANT,879,199,558.9930622496798
0,IDONTWANT,879,818,558.9930622496798
0,IDONTWANT,879,36,558.9930622496798
0,IDONTWANT,879,160,558.9930622496798
0,IDONTWANT,385,980,559.3969294890487
0,IDONTWANT,385,477,559.3969294890487
0,IDONTWANT,385,977,559.3969294890487
0,IDONTWANT,385,795,559.3969294890487
0,IDONTWANT,563,241,560.2765253038106
0,IDONTWANT,563,862,560.2765253038106
0,IDONTWANT,563,762,560.2765253038106
0,IDONTWANT,563,207,560.2765253038106
0,IDONTWANT,872,305,560.3528576843544
0,IDONTWANT,872,603,560.3528576843544
0,IDONTWANT,872,605,560.3528576843544
0,IDONTWANT,872,451,560.3528576843544
0,IDONTWANT,604,294,560.6637300930513
0,IDONTWANT,604,174,560.6637300930513
0,IDONTWANT,604,446,560.6637300930513
0,IDONTWANT,604,1,560.6637300930513
0,IDONTWANT,42,408,561.0355589760931
0,IDONTWANT,42,401,561.0355589760931
0,IDONTWANT,42,939,561.0355589760931
0,IDONTWANT,42,893,561.0355589760931
0,IDONTWANT,53,379,561.1004679058668
0,IDONTWANT,53,625,561.1004679058668
0,IDONTWANT,53,580,561.1004679058668
0,IDONTWANT,53,327,561.1004679058668
0,IDONTWANT,184,565,561.2529262396417
0,IDONTWANT,184,195,561.2529262396417
0,IDONTWANT,184,527,561.2529262396417
0,IDONTWANT,184,487,561.2529262396417
0,IDONTWANT,748,504,561.561665802052
0,IDONTWANT,748,811,561.561665802052
0,IDONTWANT,748,120,561.561665802052
0,IDONTWANT,748,338,561.561665802052
0,IDONTWANT,678,125,561.7222174171485
0,IDONTWANT,678,747,561.7222174171485
0,IDONTWANT,678,628,561.7222174171485
0,IDONTWANT,678,364,561.7222174171485
0,IDONTWANT,41,295,561.8872576033903
0,IDONTWANT,41,133,561.8872576033903
0,IDONTWANT,41,757,561.8872576033903
0,IDONTWANT,41,254,561.8872576033903
0,IDONTWANT,21,185,562.24935372595
0,IDONTWANT,21,716,562.24935372595
0,IDONTWANT,21,799,562.24935372595
0,IDONTWANT,21,250,562.24935372595
0,IDONTWANT,259,721,562.2732663656324
0,IDONTWANT,259,374,562.2732663656324
0,IDONTWANT,259,236,562.2732663656324
0,IDONTWANT,259,510,562.2732663656324
0,IDONTWANT,999,331,562.7960647255784
0,IDONTWANT,999,570,562.7960647255784
0,IDONTWANT,999,333,562.7960647255784
0,IDONTWANT,999,503,562.7960647255784
0,IDONTWANT,248,293,562.9899837249097
0,IDONTWANT,248,476,562.9899837249097
0,IDONTWANT,248,478,562.9899837249097
0,IDONTWANT,248,786,562.9899837249097
0,IDONTWANT,839,798,563.0342267348125
0,IDONTWANT,839,529,563.0342267348125
0,IDONTWANT,839,878,563.0342267348125
0,IDONTWANT,839,152,563.0342267348125
0,IDONTWANT,973,905,563.2295643248708
0,IDONTWANT,973,997,563.2295643248708
0,IDONTWANT,973,41,563.2295643248708
0,IDONTWANT,973,35,563.2295643248708
0,IDONTWANT,376,766,563.7979573782258
0,IDONTWANT,376,64,563.7979573782258
0,IDONTWANT,376,921,563.7979573782258
0,IDONTWANT,376,621,563.7979573782258
0,IDONTWANT,918,643,563.9910790521151
0,IDONTWANT,918,831,563.9910790521151
0,IDONTWANT,918,196,563.9910790521151
0,IDONTWANT,918,596,563.9910790521151
0,IDONTWANT,915,910,564.1502762288056
0,IDONTWANT,915,623,564.1502762288056
0,IDONTWANT,915,748,564.1502762288056
0,IDONTWANT,915,507,564.1502762288056
0,IDONTWANT,547,316,564.1972237691601
0,IDONTWANT,547,65,564.1972237691601
0,IDONTWANT,547,307,564.1972237691601
0,IDONTWANT,547,641,564.1972237691601
0,IDONTWANT,288,757,564.475423947014
0,IDONTWANT,288,669,564.475423947014
0,IDONTWANT,288,266,564.475423947014
0,IDONTWANT,288,416,564.475423947014
0,IDONTWANT,85,411,564.5244424930555
0,IDONTWANT,85,758,564.5244424930555
0,IDONTWANT,85,823,564.5244424930555
0,IDONTWANT,85,233,564.5244424930555
0,IDONTWANT,171,85,564.789028925172
0,IDONTWANT,171,623,564.789028925172
0,IDONTWANT,171,877,564.789028925172
0,IDONTWANT,171,228,564.789028925172
0,IDONTWANT,136,464,565.0046266308085
0,IDONTWANT,136,521,565.0046266308085
0,IDONTWANT,136,547,565.0046266308085
0,IDONTWANT,136,827,565.0046266308085
0,IDONTWANT,157,530,565.0826876426937
0,IDONTWANT,157,639,565.0826876426937
0,IDONTWANT,157,303,565.0826876426937
0,IDONTWANT,157,525,565.0826876426937
0,IDONTWANT,574,79,565.1855402458023
0,IDONTWANT,574,579,565.1855402458023
0,IDONTWANT,574,933,565.1855402458023
0,IDONTWANT,574,175,565.1855402458023
0,IDONTWANT,886,347,565.35921797643
0,IDONTWANT,886,330,565.35921797643
0,IDONTWANT,886,842,565.35921797643
0,IDONTWANT,886,239,565.35921797643
0,IDONTWANT,252,840,565.6022667434429
0,IDONTWANT,252,519,565.6022667434429
0,IDONTWANT,252,992,565.6022667434429
0,IDONTWANT,252,461,565.6022667434429
0,IDONTWANT,991,395,565.9495489600228
0,IDONTWANT,991,206,565.9495489600228
0,IDONTWANT,991,561,565.9495489600228
0,IDONTWANT,991,727,565.9495489600228
0,IDONTWANT,724,570,566.2518628163793
0,IDONTWANT,724,59,566.2518628163793
0,IDONTWANT,724,495,566.2518628163793
0,IDONTWANT,724,478,566.2518628163793
0,IDONTWANT,729,712,566.6361539857105
0,IDONTWANT,729,576,566.6361539857105
0,IDONTWANT,729,509,566.6361539857105
0,IDONTWANT,729,681,566.6361539857105
0,IDONTWANT,107,627,566.9466755926209
0,IDONTWANT,107,847,566.9466755926209
0,IDONTWANT,107,611,566.9466755926209
0,IDONTWANT,107,486,566.9466755926209
0,IDONTWANT,98,932,567.0202234603491
0,IDONTWANT,98,398,567.0202234603491
0,IDONTWANT,98,802,567.0202234603491
0,IDONTWANT,98,729,567.0202234603491
0,IDONTWANT,382,939,567.5290337888231
0,IDONTWANT,382,825,567.5290337888231
0,IDONTWANT,382,650,567.5290337888231
0,IDONTWANT,382,970,567.5290337888231
0,IDONTWANT,92,82,568.5030168510893
0,IDONTWANT,92,226,568.5030168510893
0,IDONTWANT,92,105,568.5030168510893
0,IDONTWANT,92,233,568.5030168510893
0,IDONTWANT,656,597,568.7320577510479
0,IDONTWANT,656,873,568.7320577510479
0,IDONTWANT,656,234,568.7320577510479
0,IDONTWANT,656,696,568.7320577510479
0,IDONTWANT,887,488,569.0014663939517
0,IDONTWANT,887,118,569.0014663939517
0,IDONTWANT,887,643,569.0014663939517
0,IDONTWANT,887,374,569.0014663939517
0,IDONTWANT,783,223,569.1385968495533
0,IDONTWANT,783,891,569.1385968495533
0,IDONTWANT,783,124,569.1385968495533
0,IDONTWANT,783,132,569.1385968495533
0,IDONTWANT,525,108,569.6122046694375
0,IDONTWANT,525,536,569.6122046694375
0,IDONTWANT,525,365,569.6122046694375
0,IDONTWANT,525,547,569.6122046694375
0,IDONTWANT,392,327,569.7434934191424
0,IDONTWANT,392,472,569.7434934191424
0,IDONTWANT,392,370,569.7434934191424
0,IDONTWANT,392,803,569.7434934191424
0,IDONTWANT,15,193,569.8299125911626
0,IDONTWANT,15,382,569.8299125911626
0,IDONTWANT,15,100,569.8299125911626
0,IDONTWANT,15,561,569.8299125911626
0,IDONTWANT,773,121,570.3952694623291
0,IDONTWANT,773,793,570.3952694623291
0,IDONTWANT,773,830,570.3952694623291
0,IDONTWANT,773,431,570.3952694623291
0,IDONTWANT,408,253,570.7037003886037
0,IDONTWANT,408,190,570.7037003886037
0,IDONTWANT,408,251,570.7037003886037
0,IDONTWANT,408,241,570.7037003886037
0,IDONTWANT,2,549,570.8338694334456
0,IDONTWANT,2,97,570.8338694334456
0,IDONTWANT,2,375,570.8338694334456
0,IDONTWANT,2,597,570.8338694334456
0,IDONTWANT,788,711,571.1432096137563
0,IDONTWANT,788,877,571.1432096137563
0,IDONTWANT,788,148,571.1432096137563
0,IDONTWANT,788,747,571.1432096137563
0,IDONTWANT,251,17,571.298063326691
0,IDONTWANT,251,297,571.298063326691
0,IDONTWANT,251,470,571.298063326691
0,IDONTWANT,251,78,571.298063326691
0,IDONTWANT,496,629,572.0077467494007
0,IDONTWANT,496,281,572.0077467494007
0,IDONTWANT,496,927,572.0077467494007
0,IDONTWANT,496,836,572.0077467494007
0,IDONTWANT,158,984,572.4537598857597
0,IDONTWANT,158,65,572.4537598857597
0,IDONTWANT,158,115,572.4537598857597
0,IDONTWANT,158,941,572.4537598857597
0,IDONTWANT,480,109,572.6794691780956
0,IDONTWANT,480,68,572.6794691780956
0,IDONTWANT,480,131,572.6794691780956
0,IDONTWANT,480,367,572.6794691780956
0,IDONTWANT,175,637,572.7596980973105
0,IDONTWANT,175,132,572.7596980973105
0,IDONTWANT,175,44,572.7596980973105
0,IDONTWANT,175,540,572.7596980973105
0,IDONTWANT,969,443,572.943251939401
0,IDONTWANT,969,205,572.943251939401
0,IDONTWANT,969,516,572.943251939401
0,IDONTWANT,969,685,572.943251939401
0,IDONTWANT,769,431,573.095246030127
0,IDONTWANT,769,35,573.095246030127
0,IDONTWANT,769,326,573.095246030127
0,IDONTWANT,769,20,573.095246030127
0,IDONTWANT,129,108,573.2265377704495
0,IDONTWANT,129,905,573.2265377704495
0,IDONTWANT,129,574,573.2265377704495
0,IDONTWANT,129,58,573.2265377704495
0,IDONTWANT,885,643,573.4050022041213
0,IDONTWANT,885,76,573.4050022041213
0,IDONTWANT,885,463,573.4050022041213
0,IDONTWANT,885,996,573.4050022041213
0,IDONTWANT,167,91,573.7882578333188
0,IDONTWANT,167,286,573.7882578333188
0,IDONTWANT,167,58,573.7882578333188
0,IDONTWANT,167,819,573.7882578333188
0,IDONTWANT,549,489,573.9397431276171
0,IDONTWANT,549,733,573.9397431276171
0,IDONTWANT,549,552,573.9397431276171
0,IDONTWANT,549,6,573.9397431276171
0,IDONTWANT,240,47,573.9785265533477
0,IDONTWANT,240,632,573.9785265533477
0,IDONTWANT,240,648,573.9785265533477
0,IDONTWANT,240,659,573.9785265533477
0,IDONTWANT,133,935,574.2043994116334
0,IDONTWANT,133,64,574.2043994116334
0,IDONTWANT,133,454,574.2043994116334
0,IDONTWANT,133,334,574.2043994116334
0,IDONTWANT,381,3,574.9356670095465
0,IDONTWANT,381,739,574.9356670095465
0,IDONTWANT,381,774,574.9356670095465
0,IDONTWANT,381,610,574.9356670095465
0,IDONTWANT,433,815,574.9861679984476
0,IDONTWANT,433,404,574.9861679984476
0,IDONTWANT,433,680,574.9861679984476
0,IDONTWANT,433,564,574.9861679984476
0,IDONTWANT,78,885,575.0931587685553
0,IDONTWANT,78,94,575.0931587685553
0,IDONTWANT,78,713,575.0931587685553
0,IDONTWANT,78,866,575.0931587685553
0,IDONTWANT,211,86,575.0988478406407
0,IDONTWANT,211,600,575.0988478406407
0,IDONTWANT,211,981,575.0988478406407
0,IDONTWANT,211,542,575.0988478406407
0,IDONTWANT,280,897,575.1038907848551
0,IDONTWANT,280,964,575.1038907848551
0,IDONTWANT,280,568,575.1038907848551
0,IDONTWANT,280,563,575.1038907848551
0,IDONTWANT,47,368,575.171662058712
0,IDONTWANT,47,700,575.171662058712
0,IDONTWANT,47,906,575.171662058712
0,IDONTWANT,47,390,575.171662058712
0,IDONTWANT,939,550,576.3626831031926
0,IDONTWANT,939,137,576.3626831031926
0,IDONTWANT,939,21,576.3626831031926
0,IDONTWANT,939,249,576.3626831031926
0,IDONTWANT,812,252,576.377020611612
0,IDONTWANT,812,385,576.377020611612
0,IDONTWANT,812,396,576.377020611612
0,IDONTWANT,812,701,576.377020611612
0,IDONTWANT,4,39,576.4852604949764
0,IDONTWANT,4,89,576.4852604949764
0,IDONTWANT,4,445,576.4852604949764
0,IDONTWANT,4,429,576.4852604949764
0,IDONTWANT,40,506,577.0354738329172
0,IDONTWANT,40,61,577.0354738329172
0,IDONTWANT,40,224,577.0354738329172
0,IDONTWANT,40,787,577.0354738329172
0,IDONTWANT,721,687,577.1207709672268
0,IDONTWANT,721,904,577.1207709672268
0,IDONTWANT,721,119,577.1207709672268
0,IDONTWANT,721,568,577.1207709672268
0,IDONTWANT,878,12,577.2030049965977
0,IDONTWANT,878,479,577.2030049965977
0,IDONTWANT,878,734,577.2030049965977
0,IDONTWANT,878,935,577.2030049965977
0,IDONTWANT,804,796,577.3320239482534
0,IDONTWANT,804,806,577.3320239482534
0,IDONTWANT,804,463,577.3320239482534
0,IDONTWANT,804,968,577.3320239482534
0,IDONTWANT,849,99,578.012573634553
0,IDONTWANT,849,970,578.012573634553
0,IDONTWANT,849,457,578.012573634553
0,IDONTWANT,849,785,578.012573634553
0,IDONTWANT,920,708,578.2226247623421
0,IDONTWANT,920,750,578.2226247623421
0,IDONTWANT,920,532,578.2226247623421
0,IDONTWANT,920,417,578.2226247623421
0,IDONTWANT,610,852,578.6701423461956
0,IDONTWANT,610,527,578.6701423461956
0,IDONTWANT,610,266,578.6701423461956
0,IDONTWANT,610,591,578.6701423461956
0,IDONTWANT,600,531,578.7880127256756
0,IDONTWANT,600,792,578.7880127256756
0,IDONTWANT,600,100,578.7880127256756
0,IDONTWANT,600,355,578.7880127256756
0,IDONTWANT,662,870,578.9264849782887
0,IDONTWANT,662,433,578.9264849782887
0,IDONTWANT,662,494,578.9264849782887
0,IDONTWANT,662,466,578.9264849782887
0,IDONTWANT,188,911,579.0916948376407
0,IDONTWANT,188,403,579.0916948376407
0,IDONTWANT,188,994,579.0916948376407
0,IDONTWANT,188,519,579.0916948376407
0,IDONTWANT,980,115,579.1636350767951
0,IDONTWANT,980,312,579.1636350767951
0,IDONTWANT,980,355,579.1636350767951
0,IDONTWANT,980,663,579.1636350767951
0,IDONTWANT,468,906,579.4783854044456
0,IDONTWANT,468,576,579.4783854044456
0,IDONTWANT,468,863,579.4783854044456
0,IDONTWANT,468,776,579.4783854044456
0,IDONTWANT,592,662,579.5273063539257
0,IDONTWANT,592,209,579.5273063539257
0,IDONTWANT,592,301,579.5273063539257
0,IDONTWANT,592,326,579.5273063539257
0,IDONTWANT,935,390,579.9816822960937
0,IDONTWANT,935,590,579.9816822960937
0,IDONTWANT,935,769,579.9816822960937
0,IDONTWANT,935,919,579.9816822960937
0,IDONTWANT,827,58,580.4484865111374
0,IDONTWANT,827,693,580.4484865111374
0,IDONTWANT,827,404,580.4484865111374
0,IDONTWANT,827,476,580.4484865111374
0,IDONTWANT,317,229,580.4525864390896
0,IDONTWANT,317,158,580.4525864390896
0,IDONTWANT,317,155,580.4525864390896
0,IDONTWANT,317,535,580.4525864390896
0,IDONTWANT,521,525,580.7724483635134
0,IDONTWANT,521,372,580.7724483635134
0,IDONTWANT,521,918,580.7724483635134
0,IDONTWANT,521,48,580.7724483635134
0,IDONTWANT,177,993,580.8517662308611
0,IDONTWANT,177,165,580.8517662308611
0,IDONTWANT,177,269,580.8517662308611
0,IDONTWANT,177,51,580.8517662308611
0,IDONTWANT,223,599,581.037423730043
0,IDONTWANT,223,818,581.037423730043
0,IDONTWANT,223,915,581.037423730043
0,IDONTWANT,223,729,581.037423730043
0,IDONTWANT,409,157,581.9006021768391
0,IDONTWANT,409,288,581.9006021768391
0,IDONTWANT,409,906,581.9006021768391
0,IDONTWANT,409,930,581.9006021768391
0,IDONTWANT,346,236,581.9669937088352
0,IDONTWANT,346,477,581.9669937088352
0,IDONTWANT,346,226,581.9669937088352
0,IDONTWANT,346,271,581.9669937088352
0,IDONTWANT,28,685,582.4427323938336
0,IDONTWANT,28,80,582.4427323938336
0,IDONTWANT,28,783,582.4427323938336
0,IDONTWANT,28,572,582.4427323938336
0,IDONTWANT,867,942,582.9275976759621
0,IDONTWANT,867,48,582.9275976759621
0,IDONTWANT,867,264,582.9275976759621
0,IDONTWANT,867,805,582.9275976759621
0,IDONTWANT,558,446,583.0719005477016
0,IDONTWANT,558,703,583.0719005477016
0,IDONTWANT,558,808,583.0719005477016
0,IDONTWANT,558,940,583.0719005477016
0,IDONTWANT,890,566,583.1452784270218
0,IDONTWANT,890,911,583.1452784270218
0,IDONTWANT,890,148,583.1452784270218
0,IDONTWANT,890,449,583.1452784270218
0,IDONTWANT,445,592,584.1055591229355
0,IDONTWANT,445,905,584.1055591229355
0,IDONTWANT,445,373,584.1055591229355
0,IDONTWANT,445,472,584.1055591229355
0,IDONTWANT,993,310,585.4723941746621
0,IDONTWANT,993,627,585.4723941746621
0,IDONTWANT,993,489,585.4723941746621
0,IDONTWANT,993,480,585.4723941746621
0,IDONTWANT,861,685,585.546652661288
0,IDONTWANT,861,518,585.546652661288
0,IDONTWANT,861,402,585.546652661288
0,IDONTWANT,861,187,585.546652661288
0,IDONTWANT,52,4,585.5779938776845
0,IDONTWANT,52,150,585.5779938776845
0,IDONTWANT,52,430,585.5779938776845
0,IDONTWANT,52,548,585.5779938776845
0,IDONTWANT,295,438,585.9171071809404
0,IDONTWANT,295,142,585.9171071809404
0,IDONTWANT,295,561,585.9171071809404
0,IDONTWANT,295,197,585.9171071809404
0,IDONTWANT,466,153,586.1726015824541
0,IDONTWANT,466,252,586.1726015824541
0,IDONTWANT,466,994,586.1726015824541
0,IDONTWANT,466,743,586.1726015824541
0,IDONTWANT,195,167,587.2019016586457
0,IDONTWANT,195,56,587.2019016586457
0,IDONTWANT,195,86,587.2019016586457
0,IDONTWANT,195,682,587.2019016586457
0,IDONTWANT,410,593,587.5576321303726
0,IDONTWANT,410,192,587.5576321303726
0,IDONTWANT,410,334,587.5576321303726
0,IDONTWANT,410,66,587.5576321303726
0,IDONTWANT,310,992,587.9059137645459
0,IDONTWANT,310,22,587.9059137645459
0,IDONTWANT,310,130,587.9059137645459
0,IDONTWANT,310,33,587.9059137645459
0,IDONTWANT,467,836,587.9823867837144
0,IDONTWANT,467,919,587.9823867837144
0,IDONTWANT,467,197,587.9823867837144
0,IDONTWANT,467,42,587.9823867837144
0,IDONTWANT,369,382,588.0619783292932
0,IDONTWANT,369,555,588.0619783292932
0,IDONTWANT,369,942,588.0619783292932
0,IDONTWANT,369,458,588.0619783292932
0,IDONTWANT,349,191,588.3782208666044
0,IDONTWANT,349,918,588.3782208666044
0,IDONTWANT,349,228,588.3782208666044
0,IDONTWANT,349,497,588.3782208666044
0,IDONTWANT,888,146,588.7860029937093
0,IDONTWANT,888,339,588.7860029937093
0,IDONTWANT,888,226,588.7860029937093
0,IDONTWANT,888,753,588.7860029937093
0,IDONTWANT,29,587,588.903922105138
0,IDONTWANT,29,809,588.903922105138
0,IDONTWANT,29,897,588.903922105138
0,IDONTWANT,29,838,588.903922105138
0,IDONTWANT,722,121,589.0842826395832
0,IDONTWANT,722,270,589.0842826395832
0,IDONTWANT,722,429,589.0842826395832
0,IDONTWANT,722,239,589.0842826395832
0,IDONTWANT,473,315,589.2318220979089
0,IDONTWANT,473,597,589.2318220979089
0,IDONTWANT,473,255,589.2318220979089
0,IDONTWANT,473,435,589.2318220979089
0,IDONTWANT,576,109,590.1118413448313
0,IDONTWANT,576,637,590.1118413448313
0,IDONTWANT,576,952,590.1118413448313
0,IDONTWANT,576,165,590.1118413448313
0,IDONTWANT,704,952,590.3214350172808
0,IDONTWANT,704,310,590.3214350172808
0,IDONTWANT,704,875,590.3214350172808
0,IDONTWANT,704,394,590.3214350172808
0,IDONTWANT,309,320,590.4324713608114
0,IDONTWANT,309,870,590.4324713608114
0,IDONTWANT,309,834,590.4324713608114
0,IDONTWANT,309,894,590.4324713608114
0,IDONTWANT,300,892,590.5473387593299
0,IDONTWANT,300,423,590.5473387593299
0,IDONTWANT,300,393,590.5473387593299
0,IDONTWANT,300,424,590.5473387593299
0,IDONTWANT,463,485,590.6515779601515
0,IDONTWANT,463,187,590.6515779601515
0,IDONTWANT,463,579,590.6515779601515
0,IDONTWANT,463,223,590.6515779601515
0,IDONTWANT,642,814,590.9057395042594
0,IDONTWANT,642,309,590.9057395042594
0,IDONTWANT,642,751,590.9057395042594
0,IDONTWANT,642,304,590.9057395042594
0,IDONTWANT,254,969,591.0890631496228
0,IDONTWANT,254,953,591.0890631496228
0,IDONTWANT,254,215,591.0890631496228
0,IDONTWANT,254,76,591.0890631496228
0,IDONTWANT,19,477,591.2338060447578
0,IDONTWANT,19,600,591.2338060447578
0,IDONTWANT,19,946,591.2338060447578
0,IDONTWANT,19,465,591.2338060447578
0,IDONTWANT,273,288,591.2502252300321
0,IDONTWANT,273,104,591.2502252300321
0,IDONTWANT,273,52,591.2502252300321
0,IDONTWANT,273,855,591.2502252300321
0,IDONTWANT,16,730,591.6723847019475
0,IDONTWANT,16,65,591.6723847019475
0,IDONTWANT,16,578,591.6723847019475
0,IDONTWANT,16,62,591.6723847019475
0,IDONTWANT,630,792,591.8552303374397
0,IDONTWANT,630,263,591.8552303374397
0,IDONTWANT,630,593,591.8552303374397
0,IDONTWANT,630,236,591.8552303374397
0,IDONTWANT,65,972,591.9707271719461
0,IDONTWANT,65,373,591.9707271719461
0,IDONTWANT,65,629,591.9707271719461
0,IDONTWANT,65,26,591.9707271719461
0,IDONTWANT,603,848,592.1898755514976
0,IDONTWANT,603,93,592.1898755514976
0,IDONTWANT,603,588,592.1898755514976
0,IDONTWANT,603,840,592.1898755514976
0,IDONTWANT,205,85,592.3030129860401
0,IDONTWANT,205,487,592.3030129860401
0,IDONTWANT,205,286,592.3030129860401
0,IDONTWANT,205,515,592.3030129860401
0,IDONTWANT,555,768,593.5900093643446
0,IDONTWANT,555,948,593.5900093643446
0,IDONTWANT,555,712,593.5900093643446
0,IDONTWANT,555,966,593.5900093643446
0,IDONTWANT,605,536,593.98349805534
0,IDONTWANT,605,206,593.98349805534
0,IDONTWANT,605,295,593.98349805534
0,IDONTWANT,605,781,593.98349805534
0,IDONTWANT,768,264,594.1065140538445
0,IDONTWANT,768,884,594.1065140538445
0,IDONTWANT,768,309,594.1065140538445
0,IDONTWANT,768,189,594.1065140538445
0,IDONTWANT,971,993,594.902969483982
0,IDONTWANT,971,406,594.902969483982
0,IDONTWANT,971,795,594.902969483982
0,IDONTWANT,971,959,594.902969483982
0,IDONTWANT,476,3,595.6262980351047
0,IDONTWANT,476,634,595.6262980351047
0,IDONTWANT,476,502,595.6262980351047
0,IDONTWANT,476,477,595.6262980351047
0,IDONTWANT,258,521,595.6941025292456
0,IDONTWANT,258,287,595.6941025292456
0,IDONTWANT,258,909,595.6941025292456
0,IDONTWANT,258,115,595.6941025292456
0,IDONTWANT,663,20,595.7877406274029
0,IDONTWANT,663,636,595.7877406274029
0,IDONTWANT,663,880,595.7877406274029
0,IDONTWANT,663,419,595.7877406274029
0,IDONTWANT,76,707,595.8073093726172
0,IDONTWANT,76,557,595.8073093726172
0,IDONTWANT,76,937,595.8073093726172
0,IDONTWANT,76,27,595.8073093726172
0,IDONTWANT,370,197,596.0155017083189
0,IDONTWANT,370,331,596.0155017083189
0,IDONTWANT,370,373,596.0155017083189
0,IDONTWANT,370,756,596.0155017083189
0,IDONTWANT,992,375,596.0441298582189
0,IDONTWANT,992,471,596.0441298582189
0,IDONTWANT,992,913,596.0441298582189
0,IDONTWANT,992,561,596.0441298582189
0,IDONTWANT,140,915,596.0576335219622
0,IDONTWANT,140,966,596.0576335219622
0,IDONTWANT,140,208,596.0576335219622
0,IDONTWANT,140,861,596.0576335219622
0,IDONTWANT,342,202,596.2150462530744
0,IDONTWANT,342,6,596.2150462530744
0,IDONTWANT,342,817,596.2150462530744
0,IDONTWANT,342,299,596.2150462530744
0,IDONTWANT,460,913,596.6031906133495
0,IDONTWANT,460,164,596.6031906133495
0,IDONTWANT,460,656,596.6031906133495
0,IDONTWANT,460,805,596.6031906133495
0,IDONTWANT,399,86,596.8082181691351
0,IDONTWANT,399,213,596.8082181691351
0,IDONTWANT,399,98,596.8082181691351
0,IDONTWANT,399,432,596.8082181691351
0,IDONTWANT,363,286,596.9314356539934
0,IDONTWANT,363,82,596.9314356539934
0,IDONTWANT,363,359,596.9314356539934
0,IDONTWANT,363,431,596.9314356539934
0,IDONTWANT,759,641,597.3174669992898
0,IDONTWANT,759,689,597.3174669992898
0,IDONTWANT,759,713,597.3174669992898
0,IDONTWANT,759,705,597.3174669992898
0,IDONTWANT,91,358,597.7889998802384
0,IDONTWANT,91,978,597.7889998802384
0,IDONTWANT,91,998,597.7889998802384
0,IDONTWANT,91,374,597.7889998802384
0,IDONTWANT,39,364,599.2808125110405
0,IDONTWANT,39,173,599.2808125110405
0,IDONTWANT,39,626,599.2808125110405
0,IDONTWANT,39,120,599.2808125110405
0,IDONTWANT,416,937,599.4173670720488
0,IDONTWANT,416,382,599.4173670720488
0,IDONTWANT,416,41,599.4173670720488
0,IDONTWANT,416,898,599.4173670720488
0,IDONTWANT,315,541,600.1455906402755
0,IDONTWANT,315,876,600.1455906402755
0,IDONTWANT,315,480,600.1455906402755
0,IDONTWANT,315,996,600.1455906402755
0,IDONTWANT,375,943,600.2111486771307
0,IDONTWANT,375,63,600.2111486771307
0,IDONTWANT,375,263,600.2111486771307
0,IDONTWANT,375,199,600.2111486771307
0,IDONTWANT,87,749,600.3213047937028
0,IDONTWANT,87,29,600.3213047937028
0,IDONTWANT,87,28,600.3213047937028
0,IDONTWANT,87,810,600.3213047937028
0,IDONTWANT,559,535,600.3925918160005
0,IDONTWANT,559,996,600.3925918160005
0,IDONTWANT,559,271,600.3925918160005
0,IDONTWANT,559,302,600.3925918160005
0,IDONTWANT,819,144,600.4536473344506
0,IDONTWANT,819,832,600.4536473344506
0,IDONTWANT,819,912,600.4536473344506
0,IDONTWANT,819,889,600.4536473344506
0,IDONTWANT,73,491,601.6978271734755
0,IDONTWANT,73,849,601.6978271734755
0,IDONTWANT,73,709,601.6978271734755
0,IDONTWANT,73,166,601.6978271734755
0,IDONTWANT,760,610,601.8746210302052
0,IDONTWANT,760,898,601.8746210302052
0,IDONTWANT,760,697,601.8746210302052
0,IDONTWANT,760,84,601.8746210302052
0,IDONTWANT,825,205,602.877475937483
0,IDONTWANT,825,806,602.877475937483
0,IDONTWANT,825,768,602.877475937483
0,IDONTWANT,825,739,602.877475937483
0,IDONTWANT,639,999,603.018948742427
0,IDONTWANT,639,978,603.018948742427
0,IDONTWANT,639,747,603.018948742427
0,IDONTWANT,639,104,603.018948742427
0,IDONTWANT,423,108,603.1574544591173
0,IDONTWANT,423,653,603.1574544591173
0,IDONTWANT,423,611,603.1574544591173
0,IDONTWANT,423,727,603.1574544591173
0,IDONTWANT,930,4,603.5091606965885
0,IDONTWANT,930,364,603.5091606965885
0,IDONTWANT,930,532,603.5091606965885
0,IDONTWANT,930,955,603.5091606965885
0,IDONTWANT,594,359,603.8000133421662
0,IDONTWANT,594,262,603.8000133421662
0,IDONTWANT,594,953,603.8000133421662
0,IDONTWANT,594,289,603.8000133421662
0,IDONTWANT,598,294,604.4257713852969
0,IDONTWANT,598,634,604.4257713852969
0,IDONTWANT,598,764,604.4257713852969
0,IDONTWANT,598,31,604.4257713852969
0,IDONTWANT,199,471,604.5468520410386
0,IDONTWANT,199,189,604.5468520410386
0,IDONTWANT,199,161,604.5468520410386
0,IDONTWANT,199,276,604.5468520410386
0,IDONTWANT,719,506,605.2157407112501
0,IDONTWANT,719,709,605.2157407112501
0,IDONTWANT,719,218,605.2157407112501
0,IDONTWANT,719,543,605.2157407112501
0,IDONTWANT,303,511,605.2339774142235
0,IDONTWANT,303,284,605.2339774142235
0,IDONTWANT,303,589,605.2339774142235
0,IDONTWANT,303,991,605.2339774142235
0,IDONTWANT,919,315,606.4366970448979
0,IDONTWANT,919,207,606.4366970448979
0,IDONTWANT,919,10,606.4366970448979
0,IDONTWANT,919,67,606.4366970448979
0,IDONTWANT,528,639,606.53441144108
0,IDONTWANT,528,849,606.53441144108
0,IDONTWANT,528,486,606.53441144108
0,IDONTWANT,528,162,606.53441144108
0,IDONTWANT,854,570,606.7538403289888
0,IDONTWANT,854,378,606.7538403289888
0,IDONTWANT,854,892,606.7538403289888
0,IDONTWANT,854,722,606.7538403289888
0,IDONTWANT,799,972,606.9275177716679
0,IDONTWANT,799,588,606.9275177716679
0,IDONTWANT,799,745,606.9275177716679
0,IDONTWANT,799,449,606.9275177716679
0,IDONTWANT,432,496,607.254953627826
0,IDONTWANT,432,64,607.254953627826
0,IDONTWANT,432,417,607.254953627826
0,IDONTWANT,432,103,607.254953627826
0,IDONTWANT,972,464,607.3744449574091
0,IDONTWANT,972,648,607.3744449574091
0,IDONTWANT,972,47,607.3744449574091
0,IDONTWANT,972,828,607.3744449574091
0,IDONTWANT,173,465,607.4248853930475
0,IDONTWANT,173,11,607.4248853930475
0,IDONTWANT,173,348,607.4248853930475
0,IDONTWANT,173,567,607.4248853930475
0,IDONTWANT,641,200,608.0285222744809
0,IDONTWANT,641,393,608.0285222744809
0,IDONTWANT,641,154,608.0285222744809
0,IDONTWANT,641,151,608.0285222744809
0,IDONTWANT,97,86,608.1370914120225
0,IDONTWANT,97,855,608.1370914120225
0,IDONTWANT,97,677,608.1370914120225
0,IDONTWANT,97,123,608.1370914120225
0,IDONTWANT,649,22,609.1339082764621
0,IDONTWANT,649,145,609.1339082764621
0,IDONTWANT,649,263,609.1339082764621
0,IDONTWANT,649,618,609.1339082764621
0,IDONTWANT,213,915,609.4791598193734
0,IDONTWANT,213,734,609.4791598193734
0,IDONTWANT,213,803,609.4791598193734
0,IDONTWANT,213,901,609.4791598193734
0,IDONTWANT,560,658,610.830488929065
0,IDONTWANT,560,951,610.830488929065
0,IDONTWANT,560,989,610.830488929065
0,IDONTWANT,560,916,610.830488929065
0,IDONTWANT,390,843,611.448537377666
0,IDONTWANT,390,709,611.448537377666
0,IDONTWANT,390,792,611.448537377666
0,IDONTWANT,390,154,611.448537377666
0,IDONTWANT,949,46,612.6695682077809
0,IDONTWANT,949,279,612.6695682077809
0,IDONTWANT,949,126,612.6695682077809
0,IDONTWANT,949,476,612.6695682077809
0,IDONTWANT,74,529,612.7237652266076
0,IDONTWANT,74,23,612.7237652266076
0,IDONTWANT,74,211,612.7237652266076
0,IDONTWANT,74,974,612.7237652266076
0,IDONTWANT,932,123,612.7331095530044
0,IDONTWANT,932,365,612.7331095530044
0,IDONTWANT,932,731,612.7331095530044
0,IDONTWANT,932,250,612.7331095530044
0,IDONTWANT,18,545,612.992150103937
0,IDONTWANT,18,438,612.992150103937
0,IDONTWANT,18,796,612.992150103937
0,IDONTWANT,18,322,612.992150103937
0,IDONTWANT,485,738,613.1095266279154
0,IDONTWANT,485,524,613.1095266279154
0,IDONTWANT,485,81,613.1095266279154
0,IDONTWANT,485,55,613.1095266279154
0,IDONTWANT,443,445,613.1468214147458
0,IDONTWANT,443,924,613.1468214147458
0,IDONTWANT,443,160,613.1468214147458
0,IDONTWANT,443,433,613.1468214147458
0,IDONTWANT,684,310,613.2696211398878
0,IDONTWANT,684,760,613.2696211398878
0,IDONTWANT,684,410,613.2696211398878
0,IDONTWANT,684,963,613.2696211398878
0,IDONTWANT,896,925,613.3747205859362
0,IDONTWANT,896,494,613.3747205859362
0,IDONTWANT,896,116,613.3747205859362
0,IDONTWANT,896,157,613.3747205859362
0,IDONTWANT,876,172,613.6479725689795
0,IDONTWANT,876,451,613.6479725689795
0,IDONTWANT,876,244,613.6479725689795
0,IDONTWANT,876,826,613.6479725689795
0,IDONTWANT,628,678,614.4743683793574
0,IDONTWANT,628,567,614.4743683793574
0,IDONTWANT,628,760,614.4743683793574
0,IDONTWANT,628,331,614.4743683793574
0,IDONTWANT,412,539,614.5494692753114
0,IDONTWANT,412,236,614.5494692753114
0,IDONTWANT,412,666,614.5494692753114
0,IDONTWANT,412,828,614.5494692753114
0,IDONTWANT,990,711,615.0415386324958
0,IDONTWANT,990,583,615.0415386324958
0,IDONTWANT,990,226,615.0415386324958
0,IDONTWANT,990,665,615.0415386324958
0,IDONTWANT,380,324,615.5616302303363
0,IDONTWANT,380,947,615.5616302303363
0,IDONTWANT,380,282,615.5616302303363
0,IDONTWANT,380,304,615.5616302303363
0,IDONTWANT,495,258,615.9065316648914
0,IDONTWANT,495,162,615.9065316648914
0,IDONTWANT,495,331,615.9065316648914
0,IDONTWANT,495,919,615.9065316648914
0,IDONTWANT,160,107,616.1371895990686
0,IDONTWANT,160,86,616.1371895990686
0,IDONTWANT,160,272,616.1371895990686
0,IDONTWANT,160,279,616.1371895990686
0,IDONTWANT,734,624,616.4724030002295
0,IDONTWANT,734,46,616.4724030002295
0,IDONTWANT,734,698,616.4724030002295
0,IDONTWANT,734,755,616.4724030002295
0,IDONTWANT,143,688,616.8087258444333
0,IDONTWANT,143,247,616.8087258444333
0,IDONTWANT,143,439,616.8087258444333
0,IDONTWANT,143,74,616.8087258444333
0,IDONTWANT,320,867,617.9026603739851
0,IDONTWANT,320,784,617.9026603739851
0,IDONTWANT,320,917,617.9026603739851
0,IDONTWANT,320,469,617.9026603739851
0,IDONTWANT,429,418,617.9762322082429
0,IDONTWANT,429,695,617.9762322082429
0,IDONTWANT,429,380,617.9762322082429
0,IDONTWANT,429,189,617.9762322082429
0,IDONTWANT,185,252,619.3550639009309
0,IDONTWANT,185,958,619.3550639009309
0,IDONTWANT,185,458,619.3550639009309
0,IDONTWANT,185,108,619.3550639009309
0,IDONTWANT,569,480,619.4270142977116
0,IDONTWANT,569,483,619.4270142977116
0,IDONTWANT,569,860,619.4270142977116
0,IDONTWANT,569,543,619.4270142977116
0,IDONTWANT,297,570,619.7288903328406
0,IDONTWANT,297,93,619.7288903328406
0,IDONTWANT,297,327,619.7288903328406
0,IDONTWANT,297,244,619.7288903328406
0,IDONTWANT,405,799,620.3054073639813
0,IDONTWANT,405,862,620.3054073639813
0,IDONTWANT,405,300,620.3054073639813
0,IDONTWANT,405,286,620.3054073639813
0,IDONTWANT,700,287,620.6674415216701
0,IDONTWANT,700,366,620.6674415216701
0,IDONTWANT,700,250,620.6674415216701
0,IDONTWANT,700,670,620.6674415216701
0,IDONTWANT,411,405,620.9902524810266
0,IDONTWANT,411,257,620.9902524810266
0,IDONTWANT,411,251,620.9902524810266
0,IDONTWANT,411,520,620.9902524810266
0,IDONTWANT,90,458,621.158809692213
0,IDONTWANT,90,828,621.158809692213
0,IDONTWANT,90,960,621.158809692213
0,IDONTWANT,90,741,621.158809692213
0,IDONTWANT,906,452,621.2043761154696
0,IDONTWANT,906,826,621.2043761154696
0,IDONTWANT,906,519,621.2043761154696
0,IDONTWANT,906,349,621.2043761154696
0,IDONTWANT,500,243,622.0837241701095
0,IDONTWANT,500,326,622.0837241701095
0,IDONTWANT,500,381,622.0837241701095
0,IDONTWANT,500,37,622.0837241701095
0,IDONTWANT,570,715,622.1032820586646
0,IDONTWANT,570,6,622.1032820586646
0,IDONTWANT,570,879,622.1032820586646
0,IDONTWANT,570,27,622.1032820586646
0,IDONTWANT,695,799,622.2376900929224
0,IDONTWANT,695,854,622.2376900929224
0,IDONTWANT,695,480,622.2376900929224
0,IDONTWANT,695,363,622.2376900929224
0,IDONTWANT,81,546,622.4542549252412
0,IDONTWANT,81,555,622.4542549252412
0,IDONTWANT,81,798,622.4542549252412
0,IDONTWANT,81,515,622.4542549252412
0,IDONTWANT,860,656,622.4741388330044
0,IDONTWANT,860,91,622.4741388330044
0,IDONTWANT,860,980,622.4741388330044
0,IDONTWANT,860,943,622.4741388330044
0,IDONTWANT,511,271,622.8183962375039
0,IDONTWANT,511,384,622.8183962375039
0,IDONTWANT,511,377,622.8183962375039
0,IDONTWANT,511,592,622.8183962375039
0,IDONTWANT,193,132,623.1590378526406
0,IDONTWANT,193,14,623.1590378526406
0,IDONTWANT,193,72,623.1590378526406
0,IDONTWANT,193,641,623.1590378526406
0,IDONTWANT,591,135,623.1634034041383
0,IDONTWANT,591,100,623.1634034041383
0,IDONTWANT,591,811,623.1634034041383
0,IDONTWANT,591,776,623.1634034041383
0,IDONTWANT,116,266,623.1787991128508
0,IDONTWANT,116,558,623.1787991128508
0,IDONTWANT,116,430,623.1787991128508
0,IDONTWANT,116,855,623.1787991128508
0,IDONTWANT,629,173,623.2160907396948
0,IDONTWANT,629,474,623.2160907396948
0,IDONTWANT,629,449,623.2160907396948
0,IDONTWANT,629,706,623.2160907396948
0,IDONTWANT,324,733,623.3354185104258
0,IDONTWANT,324,311,623.3354185104258
0,IDONTWANT,324,986,623.3354185104258
0,IDONTWANT,324,131,623.3354185104258
0,IDONTWANT,5,72,623.5956517805337
0,IDONTWANT,5,247,623.5956517805337
0,IDONTWANT,5,93,623.5956517805337
0,IDONTWANT,5,565,623.5956517805337
0,IDONTWANT,928,375,623.7674725134302
0,IDONTWANT,928,37,623.7674725134302
0,IDONTWANT,928,167,623.7674725134302
0,IDONTWANT,928,719,623.7674725134302
0,IDONTWANT,226,136,623.7682619138388
0,IDONTWANT,226,653,623.7682619138388
0,IDONTWANT,226,370,623.7682619138388
0,IDONTWANT,226,983,623.7682619138388
0,IDONTWANT,608,816,624.292274399999
0,IDONTWANT,608,846,624.292274399999
0,IDONTWANT,608,188,624.292274399999
0,IDONTWANT,608,991,624.292274399999
0,IDONTWANT,654,684,625.3723622346372
0,IDONTWANT,654,740,625.3723622346372
0,IDONTWANT,654,669,625.3723622346372
0,IDONTWANT,654,902,625.3723622346372
0,IDONTWANT,404,793,625.6904377590113
0,IDONTWANT,404,681,625.6904377590113
0,IDONTWANT,404,778,625.6904377590113
0,IDONTWANT,404,124,625.6904377590113
0,IDONTWANT,22,84,626.7680143591256
0,IDONTWANT,22,589,626.7680143591256
0,IDONTWANT,22,308,626.7680143591256
0,IDONTWANT,22,538,626.7680143591256
0,IDONTWANT,685,977,626.9509154930997
0,IDONTWANT,685,539,626.9509154930997
0,IDONTWANT,685,995,626.9509154930997
0,IDONTWANT,685,224,626.9509154930997
0,IDONTWANT,55,528,627.6371651375015
0,IDONTWANT,55,974,627.6371651375015
0,IDONTWANT,55,633,627.6371651375015
0,IDONTWANT,55,671,627.6371651375015
0,IDONTWANT,515,303,627.8111885007252
0,IDONTWANT,515,840,627.8111885007252
0,IDONTWANT,515,529,627.8111885007252
0,IDONTWANT,515,259,627.8111885007252
0,IDONTWANT,739,346,627.8824243185785
0,IDONTWANT,739,96,627.8824243185785
0,IDONTWANT,739,883,627.8824243185785
0,IDONTWANT,739,674,627.8824243185785
0,IDONTWANT,622,175,628.6761070504376
0,IDONTWANT,622,388,628.6761070504376
0,IDONTWANT,622,906,628.6761070504376
0,IDONTWANT,622,646,628.6761070504376
0,IDONTWANT,941,186,628.85281912885
0,IDONTWANT,941,171,628.85281912885
0,IDONTWANT,941,105,628.85281912885
0,IDONTWANT,941,319,628.85281912885
0,IDONTWANT,891,892,628.9134623441522
0,IDONTWANT,891,152,628.9134623441522
0,IDONTWANT,891,272,628.9134623441522
0,IDONTWANT,891,428,628.9134623441522
0,IDONTWANT,627,159,628.9140429439464
0,IDONTWANT,627,889,628.9140429439464
0,IDONTWANT,627,864,628.9140429439464
0,IDONTWANT,627,461,628.9140429439464
0,IDONTWANT,842,647,629.0601884251911
0,IDONTWANT,842,474,629.0601884251911
0,IDONTWANT,842,806,629.0601884251911
0,IDONTWANT,842,83,629.0601884251911
0,IDONTWANT,59,402,629.6979297232879
0,IDONTWANT,59,408,629.6979297232879
0,IDONTWANT,59,409,629.6979297232879
0,IDONTWANT,59,404,629.6979297232879
0,IDONTWANT,962,577,630.0065085201395
0,IDONTWANT,962,823,630.0065085201395
0,IDONTWANT,962,934,630.0065085201395
0,IDONTWANT,962,328,630.0065085201395
0,IDONTWANT,534,11,630.2401710487821
0,IDONTWANT,534,57,630.2401710487821
0,IDONTWANT,534,661,630.2401710487821
0,IDONTWANT,534,841,630.2401710487821
0,IDONTWANT,489,750,630.7194440102977
0,IDONTWANT,489,710,630.7194440102977
0,IDONTWANT,489,835,630.7194440102977
0,IDONTWANT,489,112,630.7194440102977
0,IDONTWANT,614,652,631.1130116189428
0,IDONTWANT,614,786,631.1130116189428
0,IDONTWANT,614,82,631.1130116189428
0,IDONTWANT,614,502,631.1130116189428
0,IDONTWANT,94,495,631.9259493064899
0,IDONTWANT,94,640,631.9259493064899
0,IDONTWANT,94,922,631.9259493064899
0,IDONTWANT,94,625,631.9259493064899
0,IDONTWANT,269,297,632.2979079811957
0,IDONTWANT,269,259,632.2979079811957
0,IDONTWANT,269,382,632.2979079811957
0,IDONTWANT,269,66,632.2979079811957
0,IDONTWANT,758,626,632.3243575657282
0,IDONTWANT,758,385,632.3243575657282
0,IDONTWANT,758,631,632.3243575657282
0,IDONTWANT,758,150,632.3243575657282
0,IDONTWANT,840,252,633.3914199369684
0,IDONTWANT,840,45,633.3914199369684
0,IDONTWANT,840,945,633.3914199369684
0,IDONTWANT,840,505,633.3914199369684
0,IDONTWANT,260,920,634.3139360567194
0,IDONTWANT,260,898,634.3139360567194
0,IDONTWANT,260,498,634.3139360567194
0,IDONTWANT,260,404,634.3139360567194
0,IDONTWANT,244,136,634.8675629685916
0,IDONTWANT,244,12,634.8675629685916
0,IDONTWANT,244,494,634.8675629685916
0,IDONTWANT,244,62,634.8675629685916
0,IDONTWANT,124,4,634.8982227891452
0,IDONTWANT,124,795,634.8982227891452
0,IDONTWANT,124,819,634.8982227891452
0,IDONTWANT,124,154,634.8982227891452
0,IDONTWANT,415,839,635.1490569960699
0,IDONTWANT,415,236,635.1490569960699
0,IDONTWANT,415,861,635.1490569960699
0,IDONTWANT,415,460,635.1490569960699
0,IDONTWANT,150,907,635.2753030704234
0,IDONTWANT,150,499,635.2753030704234
0,IDONTWANT,150,167,635.2753030704234
0,IDONTWANT,150,684,635.2753030704234
0,IDONTWANT,30,322,636.4940271873648
0,IDONTWANT,30,349,636.4940271873648
0,IDONTWANT,30,712,636.4940271873648
0,IDONTWANT,30,359,636.4940271873648
0,IDONTWANT,902,244,636.7072129534706
0,IDONTWANT,902,948,636.7072129534706
0,IDONTWANT,902,243,636.7072129534706
0,IDONTWANT,902,99,636.7072129534706
0,IDONTWANT,633,196,638.5316273150182
0,IDONTWANT,633,273,638.5316273150182
0,IDONTWANT,633,308,638.5316273150182
0,IDONTWANT,633,773,638.5316273150182
0,IDONTWANT,687,217,638.6838471285847
0,IDONTWANT,687,168,638.6838471285847
0,IDONTWANT,687,132,638.6838471285847
0,IDONTWANT,687,952,638.6838471285847
0,IDONTWANT,567,930,638.9841933088233
0,IDONTWANT,567,873,638.9841933088233
0,IDONTWANT,567,646,638.9841933088233
0,IDONTWANT,567,944,638.9841933088233
0,IDONTWANT,832,64,639.0882663632424
0,IDONTWANT,832,238,639.0882663632424
0,IDONTWANT,832,407,639.0882663632424
0,IDONTWANT,832,593,639.0882663632424
0,IDONTWANT,644,654,639.6941510695943
0,IDONTWANT,644,934,639.6941510695943
0,IDONTWANT,644,109,639.6941510695943
0,IDONTWANT,644,287,639.6941510695943
0,IDONTWANT,305,542,639.8449588154008
0,IDONTWANT,305,645,639.8449588154008
0,IDONTWANT,305,810,639.8449588154008
0,IDONTWANT,305,884,639.8449588154008
0,IDONTWANT,877,146,640.2016353948462
0,IDONTWANT,877,937,640.2016353948462
0,IDONTWANT,877,693,640.2016353948462
0,IDONTWANT,877,914,640.2016353948462
0,IDONTWANT,577,353,640.600802330546
0,IDONTWANT,577,145,640.600802330546
0,IDONTWANT,577,718,640.600802330546
0,IDONTWANT,577,29,640.600802330546
0,IDONTWANT,859,263,640.8868582678019
0,IDONTWANT,859,326,640.8868582678019
0,IDONTWANT,859,578,640.8868582678019
0,IDONTWANT,859,238,640.8868582678019
0,IDONTWANT,516,317,641.0255339596113
0,IDONTWANT,516,655,641.0255339596113
0,IDONTWANT,516,990,641.0255339596113
0,IDONTWANT,516,892,641.0255339596113
0,IDONTWANT,68,979,642.011645191813
0,IDONTWANT,68,356,642.011645191813
0,IDONTWANT,68,617,642.011645191813
0,IDONTWANT,68,373,642.011645191813
0,IDONTWANT,752,740,642.2230593460348
0,IDONTWANT,752,567,642.2230593460348
0,IDONTWANT,752,907,642.2230593460348
0,IDONTWANT,752,415,642.2230593460348
0,IDONTWANT,462,630,642.334739357401
0,IDONTWANT,462,867,642.334739357401
0,IDONTWANT,462,200,642.334739357401
0,IDONTWANT,462,850,642.334739357401
0,IDONTWANT,806,341,642.3624259800224
0,IDONTWANT,806,299,642.3624259800224
0,IDONTWANT,806,286,642.3624259800224
0,IDONTWANT,806,62,642.3624259800224
0,IDONTWANT,142,402,642.8928366321197
0,IDONTWANT,142,453,642.8928366321197
0,IDONTWANT,142,324,642.8928366321197
0,IDONTWANT,142,74,642.8928366321197
0,IDONTWANT,105,28,643.8998341073551
0,IDONTWANT,105,155,643.8998341073551
0,IDONTWANT,105,605,643.8998341073551
0,IDONTWANT,105,927,643.8998341073551
0,IDONTWANT,419,598,644.1382718424353
0,IDONTWANT,419,198,644.1382718424353
0,IDONTWANT,419,953,644.1382718424353
0,IDONTWANT,419,76,644.1382718424353
0,IDONTWANT,144,218,645.1243024243427
0,IDONTWANT,144,686,645.1243024243427
0,IDONTWANT,144,311,645.1243024243427
0,IDONTWANT,144,803,645.1243024243427
0,IDONTWANT,743,432,646.5555929861815
0,IDONTWANT,743,257,646.5555929861815
0,IDONTWANT,743,567,646.5555929861815
0,IDONTWANT,743,53,646.5555929861815
0,IDONTWANT,218,914,646.7329431003524
0,IDONTWANT,218,526,646.7329431003524
0,IDONTWANT,218,643,646.7329431003524
0,IDONTWANT,218,440,646.7329431003524
0,IDONTWANT,206,672,646.8998672825526
0,IDONTWANT,206,205,646.8998672825526
0,IDONTWANT,206,255,646.8998672825526
0,IDONTWANT,206,517,646.8998672825526
0,IDONTWANT,545,519,647.6996409957235
0,IDONTWANT,545,664,647.6996409957235
0,IDONTWANT,545,657,647.6996409957235
0,IDONTWANT,545,425,647.6996409957235
0,IDONTWANT,588,933,648.2088251550515
0,IDONTWANT,588,832,648.2088251550515
0,IDONTWANT,588,772,648.2088251550515
0,IDONTWANT,588,650,648.2088251550515
0,IDONTWANT,624,544,648.5504309337634
0,IDONTWANT,624,608,648.5504309337634
0,IDONTWANT,624,773,648.5504309337634
0,IDONTWANT,624,706,648.5504309337634
0,IDONTWANT,201,985,648.9977367327617
0,IDONTWANT,201,337,648.9977367327617
0,IDONTWANT,201,996,648.9977367327617
0,IDONTWANT,201,561,648.9977367327617
0,IDONTWANT,135,525,649.2193505695802
0,IDONTWANT,135,205,649.2193505695802
0,IDONTWANT,135,710,649.2193505695802
0,IDONTWANT,135,284,649.2193505695802
0,IDONTWANT,620,380,649.2704528572788
0,IDONTWANT,620,211,649.2704528572788
0,IDONTWANT,620,310,649.2704528572788
0,IDONTWANT,620,269,649.2704528572788
0,IDONTWANT,904,166,649.3114351432005
0,IDONTWANT,904,58,649.3114351432005
0,IDONTWANT,904,852,649.3114351432005
0,IDONTWANT,904,743,649.3114351432005
0,IDONTWANT,420,381,649.4772364794582
0,IDONTWANT,420,525,649.4772364794582
0,IDONTWANT,420,887,649.4772364794582
0,IDONTWANT,420,182,649.4772364794582
0,IDONTWANT,344,210,649.6334049085893
0,IDONTWANT,344,508,649.6334049085893
0,IDONTWANT,344,994,649.6334049085893
0,IDONTWANT,344,205,649.6334049085893
0,IDONTWANT,364,979,649.8582264600028
0,IDONTWANT,364,907,649.8582264600028
0,IDONTWANT,364,126,649.8582264600028
0,IDONTWANT,364,575,649.8582264600028
0,IDONTWANT,109,562,649.8972173575442
0,IDONTWANT,109,135,649.8972173575442
0,IDONTWANT,109,21,649.8972173575442
0,IDONTWANT,109,14,649.8972173575442
0,IDONTWANT,174,428,650.0077210945175
0,IDONTWANT,174,949,650.0077210945175
0,IDONTWANT,174,938,650.0077210945175
0,IDONTWANT,174,275,650.0077210945175
0,IDONTWANT,875,127,650.4064272429499
0,IDONTWANT,875,383,650.4064272429499
0,IDONTWANT,875,492,650.4064272429499
0,IDONTWANT,875,388,650.4064272429499
0,IDONTWANT,384,239,650.770244233375
0,IDONTWANT,384,109,650.770244233375
0,IDONTWANT,384,487,650.770244233375
0,IDONTWANT,384,733,650.770244233375
0,IDONTWANT,38,356,650.8732880049761
0,IDONTWANT,38,23,650.8732880049761
0,IDONTWANT,38,964,650.8732880049761
0,IDONTWANT,38,473,650.8732880049761
0,IDONTWANT,435,669,651.6628345035292
0,IDONTWANT,435,167,651.6628345035292
0,IDONTWANT,435,407,651.6628345035292
0,IDONTWANT,435,713,651.6628345035292
0,IDONTWANT,335,722,652.0023153341014
0,IDONTWANT,335,666,652.0023153341014
0,IDONTWANT,335,314,652.0023153341014
0,IDONTWANT,335,56,652.0023153341014
0,IDONTWANT,601,480,652.4532036593055
0,IDONTWANT,601,722,652.4532036593055
0,IDONTWANT,601,49,652.4532036593055
0,IDONTWANT,601,550,652.4532036593055
0,IDONTWANT,834,854,652.6415620779198
0,IDONTWANT,834,534,652.6415620779198
0,IDONTWANT,834,328,652.6415620779198
0,IDONTWANT,834,488,652.6415620779198
0,IDONTWANT,631,129,652.6605331555397
0,IDONTWANT,631,342,652.6605331555397
0,IDONTWANT,631,473,652.6605331555397
0,IDONTWANT,631,659,652.6605331555397
0,IDONTWANT,207,795,652.8638057194838
0,IDONTWANT,207,5,652.8638057194838
0,IDONTWANT,207,93,652.8638057194838
0,IDONTWANT,207,271,652.8638057194838
0,IDONTWANT,539,45,653.7973511349601
0,IDONTWANT,539,63,653.7973511349601
0,IDONTWANT,539,545,653.7973511349601
0,IDONTWANT,539,25,653.7973511349601
0,IDONTWANT,194,759,654.0536444970014
0,IDONTWANT,194,901,654.0536444970014
0,IDONTWANT,194,262,654.0536444970014
0,IDONTWANT,194,442,654.0536444970014
0,IDONTWANT,751,89,654.799672640919
0,IDONTWANT,751,804,654.799672640919
0,IDONTWANT,751,41,654.799672640919
0,IDONTWANT,751,408,654.799672640919
0,IDONTWANT,271,78,655.1798466064406
0,IDONTWANT,271,370,655.1798466064406
0,IDONTWANT,271,948,655.1798466064406
0,IDONTWANT,271,439,655.1798466064406
0,IDONTWANT,189,316,655.429095581914
0,IDONTWANT,189,705,655.429095581914
0,IDONTWANT,189,221,655.429095581914
0,IDONTWANT,189,236,655.429095581914
0,IDONTWANT,831,549,655.6850417962808
0,IDONTWANT,831,825,655.6850417962808
0,IDONTWANT,831,363,655.6850417962808
0,IDONTWANT,831,790,655.6850417962808
0,IDONTWANT,508,706,655.7467499168463
0,IDONTWANT,508,904,655.7467499168463
0,IDONTWANT,508,918,655.7467499168463
0,IDONTWANT,508,107,655.7467499168463
0,IDONTWANT,716,622,656.2908495941416
0,IDONTWANT,716,801,656.2908495941416
0,IDONTWANT,716,92,656.2908495941416
0,IDONTWANT,716,684,656.2908495941416
0,IDONTWANT,810,852,657.3978353250884
0,IDONTWANT,810,154,657.3978353250884
0,IDONTWANT,810,615,657.3978353250884
0,IDONTWANT,810,853,657.3978353250884
0,IDONTWANT,484,945,657.6303863111459
0,IDONTWANT,484,752,657.6303863111459
0,IDONTWANT,484,321,657.6303863111459
0,IDONTWANT,484,797,657.6303863111459
0,IDONTWANT,781,4,657.6616194880969
0,IDONTWANT,781,9,657.6616194880969
0,IDONTWANT,781,700,657.6616194880969
0,IDONTWANT,781,685,657.6616194880969
0,IDONTWANT,693,836,658.2001176734543
0,IDONTWANT,693,423,658.2001176734543
0,IDONTWANT,693,479,658.2001176734543
0,IDONTWANT,693,301,658.2001176734543
0,IDONTWANT,771,957,658.8279288233954
0,IDONTWANT,771,936,658.8279288233954
0,IDONTWANT,771,55,658.8279288233954
0,IDONTWANT,771,509,658.8279288233954
0,IDONTWANT,290,571,658.8327223604823
0,IDONTWANT,290,685,658.8327223604823
0,IDONTWANT,290,404,658.8327223604823
0,IDONTWANT,290,122,658.8327223604823
0,IDONTWANT,757,808,659.0101347288122
0,IDONTWANT,757,512,659.0101347288122
0,IDONTWANT,757,932,659.0101347288122
0,IDONTWANT,757,556,659.0101347288122
0,IDONTWANT,153,432,659.2172536582339
0,IDONTWANT,153,201,659.2172536582339
0,IDONTWANT,153,366,659.2172536582339
0,IDONTWANT,153,327,659.2172536582339
0,IDONTWANT,801,990,660.0448883934912
0,IDONTWANT,801,817,660.0448883934912
0,IDONTWANT,801,119,660.0448883934912
0,IDONTWANT,801,371,660.0448883934912
0,IDONTWANT,579,659,660.1904583473491
0,IDONTWANT,579,650,660.1904583473491
0,IDONTWANT,579,43,660.1904583473491
0,IDONTWANT,579,714,660.1904583473491
0,IDONTWANT,925,419,660.2600407088976
0,IDONTWANT,925,933,660.2600407088976
0,IDONTWANT,925,781,660.2600407088976
0,IDONTWANT,925,488,660.2600407088976
0,IDONTWANT,536,662,660.6250068484931
0,IDONTWANT,536,593,660.6250068484931
0,IDONTWANT,536,454,660.6250068484931
0,IDONTWANT,536,617,660.6250068484931
0,IDONTWANT,951,286,661.0136950937311
0,IDONTWANT,951,112,661.0136950937311
0,IDONTWANT,951,124,661.0136950937311
0,IDONTWANT,951,415,661.0136950937311
0,IDONTWANT,733,651,661.31602760436
0,IDONTWANT,733,662,661.31602760436
0,IDONTWANT,733,29,661.31602760436
0,IDONTWANT,733,21,661.31602760436
0,IDONTWANT,776,396,661.5924282719673
0,IDONTWANT,776,608,661.5924282719673
0,IDONTWANT,776,606,661.5924282719673
0,IDONTWANT,776,961,661.5924282719673
0,IDONTWANT,111,105,661.6742317626926
0,IDONTWANT,111,540,661.6742317626926
0,IDONTWANT,111,768,661.6742317626926
0,IDONTWANT,111,957,661.6742317626926
0,IDONTWANT,626,356,662.0018282882056
0,IDONTWANT,626,595,662.0018282882056
0,IDONTWANT,626,334,662.0018282882056
0,IDONTWANT,626,534,662.0018282882056
0,IDONTWANT,438,319,662.0499817719037
0,IDONTWANT,438,764,662.0499817719037
0,IDONTWANT,438,581,662.0499817719037
0,IDONTWANT,438,905,662.0499817719037
0,IDONTWANT,520,631,662.6966859847375
0,IDONTWANT,520,641,662.6966859847375
0,IDONTWANT,520,442,662.6966859847375
0,IDONTWANT,520,427,662.6966859847375
0,IDONTWANT,200,457,663.8208118205105
0,IDONTWANT,200,3,663.8208118205105
0,IDONTWANT,200,270,663.8208118205105
0,IDONTWANT,200,373,663.8208118205105
0,IDONTWANT,321,87,664.1060605065305
0,IDONTWANT,321,565,664.1060605065305
0,IDONTWANT,321,796,664.1060605065305
0,IDONTWANT,321,40,664.1060605065305
0,IDONTWANT,648,512,664.227174337296
0,IDONTWANT,648,647,664.227174337296
0,IDONTWANT,648,303,664.227174337296
0,IDONTWANT,648,474,664.227174337296
0,IDONTWANT,946,590,664.2725735944516
0,IDONTWANT,946,475,664.2725735944516
0,IDONTWANT,946,535,664.2725735944516
0,IDONTWANT,946,244,664.2725735944516
0,IDONTWANT,307,919,664.4191913139156
0,IDONTWANT,307,254,664.4191913139156
0,IDONTWANT,307,394,664.4191913139156
0,IDONTWANT,307,410,664.4191913139156
0,IDONTWANT,162,277,664.8512580457028
0,IDONTWANT,162,774,664.8512580457028
0,IDONTWANT,162,132,664.8512580457028
0,IDONTWANT,162,840,664.8512580457028
0,IDONTWANT,262,504,665.038583724832
0,IDONTWANT,262,698,665.038583724832
0,IDONTWANT,262,462,665.038583724832
0,IDONTWANT,262,416,665.038583724832
0,IDONTWANT,970,21,666.2127728175266
0,IDONTWANT,970,230,666.2127728175266
0,IDONTWANT,970,142,666.2127728175266
0,IDONTWANT,970,430,666.2127728175266
0,IDONTWANT,132,576,666.2937829401164
0,IDONTWANT,132,28,666.2937829401164
0,IDONTWANT,132,779,666.2937829401164
0,IDONTWANT,132,916,666.2937829401164
0,IDONTWANT,666,335,666.6032644294594
0,IDONTWANT,666,797,666.6032644294594
0,IDONTWANT,666,10,666.6032644294594
0,IDONTWANT,666,398,666.6032644294594
0,IDONTWANT,874,331,666.9849249329709
0,IDONTWANT,874,380,666.9849249329709
0,IDONTWANT,874,263,666.9849249329709
0,IDONTWANT,874,399,666.9849249329709
0,IDONTWANT,989,294,667.4886038930309
0,IDONTWANT,989,859,667.4886038930309
0,IDONTWANT,989,465,667.4886038930309
0,IDONTWANT,989,624,667.4886038930309
0,IDONTWANT,913,235,667.7801265576213
0,IDONTWANT,913,728,667.7801265576213
0,IDONTWANT,913,179,667.7801265576213
0,IDONTWANT,913,201,667.7801265576213
0,IDONTWANT,562,15,667.9016516051963
0,IDONTWANT,562,173,667.9016516051963
0,IDONTWANT,562,266,667.9016516051963
0,IDONTWANT,562,927,667.9016516051963
0,IDONTWANT,645,211,668.1750847978678
0,IDONTWANT,645,907,668.1750847978678
0,IDONTWANT,645,397,668.1750847978678
0,IDONTWANT,645,475,668.1750847978678
0,IDONTWANT,857,612,668.2768335242755
0,IDONTWANT,857,655,668.2768335242755
0,IDONTWANT,857,406,668.2768335242755
0,IDONTWANT,857,945,668.2768335242755
0,IDONTWANT,418,194,669.0743898904725
0,IDONTWANT,418,615,669.0743898904725
0,IDONTWANT,418,997,669.0743898904725
0,IDONTWANT,418,848,669.0743898904725
0,IDONTWANT,835,518,670.3032501565276
0,IDONTWANT,835,603,670.3032501565276
0,IDONTWANT,835,206,670.3032501565276
0,IDONTWANT,835,193,670.3032501565276
0,IDONTWANT,67,386,670.3449425431063
0,IDONTWANT,67,153,670.3449425431063
0,IDONTWANT,67,650,670.3449425431063
0,IDONTWANT,67,259,670.3449425431063
0,IDONTWANT,706,928,670.6976615718143
0,IDONTWANT,706,332,670.6976615718143
0,IDONTWANT,706,803,670.6976615718143
0,IDONTWANT,706,966,670.6976615718143
0,IDONTWANT,767,806,671.0598858243297
0,IDONTWANT,767,316,671.0598858243297
0,IDONTWANT,767,575,671.0598858243297
0,IDONTWANT,767,727,671.0598858243297
0,IDONTWANT,169,74,671.1418852869534
0,IDONTWANT,169,276,671.1418852869534
0,IDONTWANT,169,961,671.1418852869534
0,IDONTWANT,169,17,671.1418852869534
0,IDONTWANT,72,768,671.4086799677727
0,IDONTWANT,72,351,671.4086799677727
0,IDONTWANT,72,759,671.4086799677727
0,IDONTWANT,72,272,671.4086799677727
0,IDONTWANT,519,34,671.638755861259
0,IDONTWANT,519,226,671.638755861259
0,IDONTWANT,519,152,671.638755861259
0,IDONTWANT,519,297,671.638755861259
0,IDONTWANT,257,135,672.1373371381238
0,IDONTWANT,257,618,672.1373371381238
0,IDONTWANT,257,840,672.1373371381238
0,IDONTWANT,257,647,672.1373371381238
0,IDONTWANT,609,506,672.207091784444
0,IDONTWANT,609,606,672.207091784444
0,IDONTWANT,609,355,672.207091784444
0,IDONTWANT,609,981,672.207091784444
0,IDONTWANT,232,516,672.6430897593341
0,IDONTWANT,232,920,672.6430897593341
0,IDONTWANT,232,549,672.6430897593341
0,IDONTWANT,232,94,672.6430897593341
0,IDONTWANT,37,734,673.0739576939731
0,IDONTWANT,37,396,673.0739576939731
0,IDONTWANT,37,909,673.0739576939731
0,IDONTWANT,37,685,673.0739576939731
0,IDONTWANT,655,899,673.275087123752
0,IDONTWANT,655,793,673.275087123752
0,IDONTWANT,655,658,673.275087123752
0,IDONTWANT,655,717,673.275087123752
0,IDONTWANT,186,675,673.5903043489805
0,IDONTWANT,186,839,673.5903043489805
0,IDONTWANT,186,666,673.5903043489805
0,IDONTWANT,186,443,673.5903043489805
0,IDONTWANT,378,981,673.7449190403731
0,IDONTWANT,378,977,673.7449190403731
0,IDONTWANT,378,632,673.7449190403731
0,IDONTWANT,378,44,673.7449190403731
0,IDONTWANT,210,307,673.9475598629028
0,IDONTWANT,210,312,673.9475598629028
0,IDONTWANT,210,645,673.9475598629028
0,IDONTWANT,210,239,673.9475598629028
0,IDONTWANT,396,34,673.951537966042
0,IDONTWANT,396,494,673.951537966042
0,IDONTWANT,396,566,673.951537966042
0,IDONTWANT,396,558,673.951537966042
0,IDONTWANT,236,747,674.3872399133179
0,IDONTWANT,236,775,674.3872399133179
0,IDONTWANT,236,210,674.3872399133179
0,IDONTWANT,236,237,674.3872399133179
0,IDONTWANT,287,289,674.4848048616859
0,IDONTWANT,287,305,674.4848048616859
0,IDONTWANT,287,261,674.4848048616859
0,IDONTWANT,287,757,674.4848048616859
0,IDONTWANT,402,472,674.5457205708176
0,IDONTWANT,402,636,674.5457205708176
0,IDONTWANT,402,913,674.5457205708176
0,IDONTWANT,402,691,674.5457205708176
0,IDONTWANT,242,340,674.7555112499283
0,IDONTWANT,242,261,674.7555112499283
0,IDONTWANT,242,668,674.7555112499283
0,IDONTWANT,242,762,674.7555112499283
0,IDONTWANT,490,198,674.808009647857
0,IDONTWANT,490,134,674.808009647857
0,IDONTWANT,490,907,674.808009647857
0,IDONTWANT,490,504,674.808009647857
0,IDONTWANT,635,158,674.940789331672
0,IDONTWANT,635,741,674.940789331672
0,IDONTWANT,635,159,674.940789331672
0,IDONTWANT,635,999,674.940789331672
0,IDONTWANT,616,107,675.4188620447147
0,IDONTWANT,616,644,675.4188620447147
0,IDONTWANT,616,334,675.4188620447147
0,IDONTWANT,616,364,675.4188620447147
0,IDONTWANT,917,140,675.7035214098494
0,IDONTWANT,917,627,675.7035214098494
0,IDONTWANT,917,685,675.7035214098494
0,IDONTWANT,917,724,675.7035214098494
0,IDONTWANT,478,799,676.524006475267
0,IDONTWANT,478,839,676.524006475267
0,IDONTWANT,478,469,676.524006475267
0,IDONTWANT,478,857,676.524006475267
0,IDONTWANT,69,486,678.2454531400534
0,IDONTWANT,69,126,678.2454531400534
0,IDONTWANT,69,119,678.2454531400534
0,IDONTWANT,69,870,678.2454531400534
0,IDONTWANT,957,430,678.3236292634205
0,IDONTWANT,957,611,678.3236292634205
0,IDONTWANT,957,859,678.3236292634205
0,IDONTWANT,957,617,678.3236292634205
0,IDONTWANT,541,59,678.7773629205101
0,IDONTWANT,541,934,678.7773629205101
0,IDONTWANT,541,798,678.7773629205101
0,IDONTWANT,541,107,678.7773629205101
0,IDONTWANT,115,247,679.4084924285704
0,IDONTWANT,115,783,679.4084924285704
0,IDONTWANT,115,601,679.4084924285704
0,IDONTWANT,115,334,679.4084924285704
0,IDONTWANT,141,459,679.6598530427426
0,IDONTWANT,141,140,679.6598530427426
0,IDONTWANT,141,427,679.6598530427426
0,IDONTWANT,141,124,679.6598530427426
0,IDONTWANT,66,73,679.779948566664
0,IDONTWANT,66,896,679.779948566664
0,IDONTWANT,66,213,679.779948566664
0,IDONTWANT,66,629,679.779948566664
0,IDONTWANT,632,907,680.3427070183932
0,IDONTWANT,632,714,680.3427070183932
0,IDONTWANT,632,243,680.3427070183932
0,IDONTWANT,632,519,680.3427070183932
0,IDONTWANT,637,534,680.894884420687
0,IDONTWANT,637,356,680.894884420687
0,IDONTWANT,637,164,680.894884420687
0,IDONTWANT,637,241,680.894884420687
0,IDONTWANT,926,136,681.2245560283529
0,IDONTWANT,926,892,681.2245560283529
0,IDONTWANT,926,681,681.2245560283529
0,IDONTWANT,926,272,681.2245560283529
0,IDONTWANT,118,363,681.5474221812782
0,IDONTWANT,118,920,681.5474221812782
0,IDONTWANT,118,470,681.5474221812782
0,IDONTWANT,118,679,681.5474221812782
0,IDONTWANT,653,663,681.6918668456466
0,IDONTWANT,653,431,681.6918668456466
0,IDONTWANT,653,867,681.6918668456466
0,IDONTWANT,653,234,681.6918668456466
0,IDONTWANT,247,502,681.8247704474065
0,IDONTWANT,247,298,681.8247704474065
0,IDONTWANT,247,726,681.8247704474065
0,IDONTWANT,247,529,681.8247704474065
0,IDONTWANT,308,662,683.4144709534818
0,IDONTWANT,308,457,683.4144709534818
0,IDONTWANT,308,443,683.4144709534818
0,IDONTWANT,308,977,683.4144709534818
0,IDONTWANT,126,743,683.609747929492
0,IDONTWANT,126,123,683.609747929492
0,IDONTWANT,126,570,683.609747929492
0,IDONTWANT,126,63,683.609747929492
0,IDONTWANT,838,591,683.9798541275724
0,IDONTWANT,838,577,683.9798541275724
0,IDONTWANT,838,367,683.9798541275724
0,IDONTWANT,838,412,683.9798541275724
0,IDONTWANT,995,341,684.0472596382631
0,IDONTWANT,995,226,684.0472596382631
0,IDONTWANT,995,193,684.0472596382631
0,IDONTWANT,995,524,684.0472596382631
0,IDONTWANT,984,604,684.1096574436422
0,IDONTWANT,984,546,684.1096574436422
0,IDONTWANT,984,954,684.1096574436422
0,IDONTWANT,984,151,684.1096574436422
0,IDONTWANT,312,824,684.6343698893259
0,IDONTWANT,312,485,684.6343698893259
0,IDONTWANT,312,992,684.6343698893259
0,IDONTWANT,312,602,684.6343698893259
0,IDONTWANT,159,808,684.6605196393588
0,IDONTWANT,159,235,684.6605196393588
0,IDONTWANT,159,996,684.6605196393588
0,IDONTWANT,159,898,684.6605196393588
0,IDONTWANT,203,904,685.0205109089217
0,IDONTWANT,203,317,685.0205109089217
0,IDONTWANT,203,224,685.0205109089217
0,IDONTWANT,203,366,685.0205109089217
0,IDONTWANT,479,183,685.2562756414713
0,IDONTWANT,479,830,685.2562756414713
0,IDONTWANT,479,485,685.2562756414713
0,IDONTWANT,479,409,685.2562756414713
0,IDONTWANT,717,924,685.7949003020356
0,IDONTWANT,717,916,685.7949003020356
0,IDONTWANT,717,561,685.7949003020356
0,IDONTWANT,717,807,685.7949003020356
0,IDONTWANT,924,969,686.6331547897225
0,IDONTWANT,924,504,686.6331547897225
0,IDONTWANT,924,92,686.6331547897225
0,IDONTWANT,924,15,686.6331547897225
0,IDONTWANT,518,320,687.3012913361546
0,IDONTWANT,518,751,687.3012913361546
0,IDONTWANT,518,1,687.3012913361546
0,IDONTWANT,518,766,687.3012913361546
0,IDONTWANT,910,41,688.1521504676635
0,IDONTWANT,910,934,688.1521504676635
0,IDONTWANT,910,418,688.1521504676635
0,IDONTWANT,910,223,688.1521504676635
0,IDONTWANT,871,962,688.7565363081885
0,IDONTWANT,871,203,688.7565363081885
0,IDONTWANT,871,693,688.7565363081885
0,IDONTWANT,871,766,688.7565363081885
0,IDONTWANT,708,648,688.7595356530882
0,IDONTWANT,708,596,688.7595356530882
0,IDONTWANT,708,15,688.7595356530882
0,IDONTWANT,708,673,688.7595356530882
0,IDONTWANT,371,919,688.9808411089149
0,IDONTWANT,371,486,688.9808411089149
0,IDONTWANT,371,31,688.9808411089149
0,IDONTWANT,371,647,688.9808411089149
0,IDONTWANT,749,196,689.2512984368922
0,IDONTWANT,749,324,689.2512984368922
0,IDONTWANT,749,730,689.2512984368922
0,IDONTWANT,749,306,689.2512984368922
0,IDONTWANT,727,613,689.7812203756965
0,IDONTWANT,727,884,689.7812203756965
0,IDONTWANT,727,753,689.7812203756965
0,IDONTWANT,727,6,689.7812203756965
0,IDONTWANT,803,822,690.5860515410608
0,IDONTWANT,803,427,690.5860515410608
0,IDONTWANT,803,488,690.5860515410608
0,IDONTWANT,803,394,690.5860515410608
0,IDONTWANT,165,152,690.67094683543
0,IDONTWANT,165,550,690.67094683543
0,IDONTWANT,165,942,690.67094683543
0,IDONTWANT,165,528,690.67094683543
0,IDONTWANT,161,40,692.0863946042251
0,IDONTWANT,161,928,692.0863946042251
0,IDONTWANT,161,798,692.0863946042251
0,IDONTWANT,161,186,692.0863946042251
0,IDONTWANT,63,616,693.3326117579877
0,IDONTWANT,63,53,693.3326117579877
0,IDONTWANT,63,105,693.3326117579877
0,IDONTWANT,63,0,693.3326117579877
0,IDONTWANT,352,403,693.479337211696
0,IDONTWANT,352,55,693.479337211696
0,IDONTWANT,352,218,693.479337211696
0,IDONTWANT,352,24,693.479337211696
0,IDONTWANT,738,735,693.481184834073
0,IDONTWANT,738,425,693.481184834073
0,IDONTWANT,738,640,693.481184834073
0,IDONTWANT,738,129,693.481184834073
0,IDONTWANT,84,200,693.5892932963966
0,IDONTWANT,84,826,693.5892932963966
0,IDONTWANT,84,246,693.5892932963966
0,IDONTWANT,84,838,693.5892932963966
0,IDONTWANT,299,206,693.7664215779514
0,IDONTWANT,299,909,693.7664215779514
0,IDONTWANT,299,20,693.7664215779514
0,IDONTWANT,299,768,693.7664215779514
0,IDONTWANT,227,107,694.6961376587824
0,IDONTWANT,227,386,694.6961376587824
0,IDONTWANT,227,856,694.6961376587824
0,IDONTWANT,227,463,694.6961376587824
0,IDONTWANT,14,106,694.7271225979774
0,IDONTWANT,14,596,694.7271225979774
0,IDONTWANT,14,585,694.7271225979774
0,IDONTWANT,14,655,694.7271225979774
0,IDONTWANT,26,776,695.6378042213689
0,IDONTWANT,26,351,695.6378042213689
0,IDONTWANT,26,156,695.6378042213689
0,IDONTWANT,26,956,695.6378042213689
0,IDONTWANT,459,730,695.9158531679043
0,IDONTWANT,459,636,695.9158531679043
0,IDONTWANT,459,705,695.9158531679043
0,IDONTWANT,459,845,695.9158531679043
0,IDONTWANT,573,217,695.9848929631557
0,IDONTWANT,573,400,695.9848929631557
0,IDONTWANT,573,638,695.9848929631557
0,IDONTWANT,573,600,695.9848929631557
0,IDONTWANT,302,276,696.249434920881
0,IDONTWANT,302,347,696.249434920881
0,IDONTWANT,302,771,696.249434920881
0,IDONTWANT,302,63,696.249434920881
0,IDONTWANT,699,2,696.598141781537
0,IDONTWANT,699,825,696.598141781537
0,IDONTWANT,699,740,696.598141781537
0,IDONTWANT,699,819,696.598141781537
0,IDONTWANT,907,523,696.7998860569608
0,IDONTWANT,907,143,696.7998860569608
0,IDONTWANT,907,453,696.7998860569608
0,IDONTWANT,907,1,696.7998860569608
0,IDONTWANT,589,89,696.8141616199343
0,IDONTWANT,589,845,696.8141616199343
0,IDONTWANT,589,770,696.8141616199343
0,IDONTWANT,589,647,696.8141616199343
0,IDONTWANT,826,955,697.2338667083654
0,IDONTWANT,826,239,697.2338667083654
0,IDONTWANT,826,316,697.2338667083654
0,IDONTWANT,826,621,697.2338667083654
0,IDONTWANT,277,792,697.3271792528244
0,IDONTWANT,277,383,697.3271792528244
0,IDONTWANT,277,804,697.3271792528244
0,IDONTWANT,277,980,697.3271792528244
0,IDONTWANT,486,771,697.4335613211144
0,IDONTWANT,486,517,697.4335613211144
0,IDONTWANT,486,917,697.4335613211144
0,IDONTWANT,486,386,697.4335613211144
0,IDONTWANT,198,249,697.9492948997151
0,IDONTWANT,198,710,697.9492948997151
0,IDONTWANT,198,301,697.9492948997151
0,IDONTWANT,198,46,697.9492948997151
0,IDONTWANT,884,952,698.5983957214063
0,IDONTWANT,884,394,698.5983957214063
0,IDONTWANT,884,862,698.5983957214063
0,IDONTWANT,884,22,698.5983957214063
0,IDONTWANT,128,569,699.6728804976412
0,IDONTWANT,128,495,699.6728804976412
0,IDONTWANT,128,804,699.6728804976412
0,IDONTWANT,128,796,699.6728804976412
0,IDONTWANT,45,141,699.993167389953
0,IDONTWANT,45,839,699.993167389953
0,IDONTWANT,45,441,699.993167389953
0,IDONTWANT,45,885,699.993167389953
0,IDONTWANT,235,76,700.2700915655786
0,IDONTWANT,235,867,700.2700915655786
0,IDONTWANT,235,272,700.2700915655786
0,IDONTWANT,235,241,700.2700915655786
0,IDONTWANT,798,623,700.6796992151494
0,IDONTWANT,798,61,700.6796992151494
0,IDONTWANT,798,323,700.6796992151494
0,IDONTWANT,798,376,700.6796992151494
0,IDONTWANT,546,833,700.8760228178601
0,IDONTWANT,546,628,700.8760228178601
0,IDONTWANT,546,178,700.8760228178601
0,IDONTWANT,546,520,700.8760228178601
0,IDONTWANT,469,689,701.2936950579292
0,IDONTWANT,469,39,701.2936950579292
0,IDONTWANT,469,684,701.2936950579292
0,IDONTWANT,469,859,701.2936950579292
0,IDONTWANT,952,905,701.9166596010532
0,IDONTWANT,952,140,701.9166596010532
0,IDONTWANT,952,554,701.9166596010532
0,IDONTWANT,952,606,701.9166596010532
0,IDONTWANT,209,601,702.2215417463046
0,IDONTWANT,209,42,702.2215417463046
0,IDONTWANT,209,404,702.2215417463046
0,IDONTWANT,209,23,702.2215417463046
0,IDONTWANT,492,815,703.0825878247467
0,IDONTWANT,492,169,703.0825878247467
0,IDONTWANT,492,703,703.0825878247467
0,IDONTWANT,492,808,703.0825878247467
0,IDONTWANT,270,403,703.1644990192616
0,IDONTWANT,270,400,703.1644990192616
0,IDONTWANT,270,891,703.1644990192616
0,IDONTWANT,270,604,703.1644990192616
0,IDONTWANT,698,436,703.1950843103466
0,IDONTWANT,698,695,703.1950843103466
0,IDONTWANT,698,190,703.1950843103466
0,IDONTWANT,698,493,703.1950843103466
0,IDONTWANT,215,738,703.396861278599
0,IDONTWANT,215,507,703.396861278599
0,IDONTWANT,215,153,703.396861278599
0,IDONTWANT,215,291,703.396861278599
0,IDONTWANT,929,380,703.5784390600766
0,IDONTWANT,929,588,703.5784390600766
0,IDONTWANT,929,609,703.5784390600766
0,IDONTWANT,929,878,703.5784390600766
0,IDONTWANT,421,460,703.5903249431717
0,IDONTWANT,421,618,703.5903249431717
0,IDONTWANT,421,266,703.5903249431717
0,IDONTWANT,421,794,703.5903249431717
0,IDONTWANT,697,722,704.1064510711233
0,IDONTWANT,697,385,704.1064510711233
0,IDONTWANT,697,704,704.1064510711233
0,IDONTWANT,697,259,704.1064510711233
0,IDONTWANT,296,249,704.347431951126
0,IDONTWANT,296,92,704.347431951126
0,IDONTWANT,296,178,704.347431951126
0,IDONTWANT,296,351,704.347431951126
0,IDONTWANT,893,277,704.7069047270196
0,IDONTWANT,893,584,704.7069047270196
0,IDONTWANT,893,859,704.7069047270196
0,IDONTWANT,893,303,704.7069047270196
0,IDONTWANT,554,39,704.8374471205593
0,IDONTWANT,554,126,704.8374471205593
0,IDONTWANT,554,343,704.8374471205593
0,IDONTWANT,554,913,704.8374471205593
0,IDONTWANT,709,11,705.2026166125296
0,IDONTWANT,709,214,705.2026166125296
0,IDONTWANT,709,975,705.2026166125296
0,IDONTWANT,709,73,705.2026166125296
0,IDONTWANT,865,964,706.220375018454
0,IDONTWANT,865,360,706.220375018454
0,IDONTWANT,865,60,706.220375018454
0,IDONTWANT,865,925,706.220375018454
0,IDONTWANT,696,803,706.7260530928868
0,IDONTWANT,696,872,706.7260530928868
0,IDONTWANT,696,235,706.7260530928868
0,IDONTWANT,696,273,706.7260530928868
0,IDONTWANT,606,769,706.7773552084907
0,IDONTWANT,606,55,706.7773552084907
0,IDONTWANT,606,4,706.7773552084907
0,IDONTWANT,606,356,706.7773552084907
0,IDONTWANT,523,669,707.8255360627195
0,IDONTWANT,523,46,707.8255360627195
0,IDONTWANT,523,22,707.8255360627195
0,IDONTWANT,523,55,707.8255360627195
0,IDONTWANT,824,566,708.3038490002624
0,IDONTWANT,824,496,708.3038490002624
0,IDONTWANT,824,816,708.3038490002624
0,IDONTWANT,824,390,708.3038490002624
0,IDONTWANT,940,991,709.5593357852065
0,IDONTWANT,940,90,709.5593357852065
0,IDONTWANT,940,229,709.5593357852065
0,IDONTWANT,940,633,709.5593357852065
0,IDONTWANT,278,439,710.0232025577207
0,IDONTWANT,278,906,710.0232025577207
0,IDONTWANT,278,29,710.0232025577207
0,IDONTWANT,278,832,710.0232025577207
0,IDONTWANT,379,268,710.0494010445013
0,IDONTWANT,379,765,710.0494010445013
0,IDONTWANT,379,734,710.0494010445013
0,IDONTWANT,379,707,710.0494010445013
0,IDONTWANT,474,398,711.1931061704794
0,IDONTWANT,474,675,711.1931061704794
0,IDONTWANT,474,376,711.1931061704794
0,IDONTWANT,474,457,711.1931061704794
0,IDONTWANT,358,195,711.4874208763716
0,IDONTWANT,358,189,711.4874208763716
0,IDONTWANT,358,669,711.4874208763716
0,IDONTWANT,358,959,711.4874208763716
0,IDONTWANT,88,287,712.2843816320781
0,IDONTWANT,88,484,712.2843816320781
0,IDONTWANT,88,266,712.2843816320781
0,IDONTWANT,88,199,712.2843816320781
0,IDONTWANT,439,365,712.5812823926088
0,IDONTWANT,439,424,712.5812823926088
0,IDONTWANT,439,426,712.5812823926088
0,IDONTWANT,439,18,712.5812823926088
0,IDONTWANT,333,487,712.837725728807
0,IDONTWANT,333,539,712.837725728807
0,IDONTWANT,333,240,712.837725728807
0,IDONTWANT,333,561,712.837725728807
0,IDONTWANT,578,31,714.5324606113907
0,IDONTWANT,578,42,714.5324606113907
0,IDONTWANT,578,141,714.5324606113907
0,IDONTWANT,578,710,714.5324606113907
0,IDONTWANT,750,130,714.7866494582457
0,IDONTWANT,750,600,714.7866494582457
0,IDONTWANT,750,997,714.7866494582457
0,IDONTWANT,750,650,714.7866494582457
0,IDONTWANT,873,776,716.151030542497
0,IDONTWANT,873,668,716.151030542497
0,IDONTWANT,873,107,716.151030542497
0,IDONTWANT,873,482,716.151030542497
0,IDONTWANT,682,643,716.8156246261973
0,IDONTWANT,682,716,716.8156246261973
0,IDONTWANT,682,692,716.8156246261973
0,IDONTWANT,682,360,716.8156246261973
0,IDONTWANT,101,341,716.9523554905658
0,IDONTWANT,101,88,716.9523554905658
0,IDONTWANT,101,821,716.9523554905658
0,IDONTWANT,101,969,716.9523554905658
0,IDONTWANT,501,203,717.1702108376961
0,IDONTWANT,501,186,717.1702108376961
0,IDONTWANT,501,413,717.1702108376961
0,IDONTWANT,501,165,717.1702108376961
0,IDONTWANT,707,143,718.0696890067543
0,IDONTWANT,707,543,718.0696890067543
0,IDONTWANT,707,852,718.0696890067543
0,IDONTWANT,707,353,718.0696890067543
0,IDONTWANT,93,482,718.858485945165
0,IDONTWANT,93,202,718.858485945165
0,IDONTWANT,93,346,718.858485945165
0,IDONTWANT,93,210,718.858485945165
0,IDONTWANT,134,628,719.1571250541533
0,IDONTWANT,134,997,719.1571250541533
0,IDONTWANT,134,518,719.1571250541533
0,IDONTWANT,134,621,719.1571250541533
0,IDONTWANT,640,168,719.4458537770464
0,IDONTWANT,640,986,719.4458537770464
0,IDONTWANT,640,674,719.4458537770464
0,IDONTWANT,640,104,719.4458537770464
0,IDONTWANT,542,12,719.8662516986373
0,IDONTWANT,542,628,719.8662516986373
0,IDONTWANT,542,565,719.8662516986373
0,IDONTWANT,542,673,719.8662516986373
0,IDONTWANT,772,581,720.6523797581
0,IDONTWANT,772,534,720.6523797581
0,IDONTWANT,772,40,720.6523797581
0,IDONTWANT,772,845,720.6523797581
0,IDONTWANT,102,995,722.6488707166475
0,IDONTWANT,102,740,722.6488707166475
0,IDONTWANT,102,406,722.6488707166475
0,IDONTWANT,102,475,722.6488707166475
0,IDONTWANT,714,926,723.2305277158509
0,IDONTWANT,714,412,723.2305277158509
0,IDONTWANT,714,811,723.2305277158509
0,IDONTWANT,714,547,723.2305277158509
0,IDONTWANT,156,721,723.5399290338703
0,IDONTWANT,156,18,723.5399290338703
0,IDONTWANT,156,394,723.5399290338703
0,IDONTWANT,156,340,723.5399290338703
0,IDONTWANT,965,981,723.8242446388545
0,IDONTWANT,965,696,723.8242446388545
0,IDONTWANT,965,956,723.8242446388545
0,IDONTWANT,965,361,723.8242446388545
0,IDONTWANT,261,25,723.9626136849674
0,IDONTWANT,261,162,723.9626136849674
0,IDONTWANT,261,3,723.9626136849674
0,IDONTWANT,261,973,723.9626136849674
0,IDONTWANT,427,750,724.7750472763094
0,IDONTWANT,427,668,724.7750472763094
0,IDONTWANT,427,936,724.7750472763094
0,IDONTWANT,427,208,724.7750472763094
0,IDONTWANT,372,421,725.6614488835593
0,IDONTWANT,372,253,725.6614488835593
0,IDONTWANT,372,832,725.6614488835593
0,IDONTWANT,372,641,725.6614488835593
0,IDONTWANT,809,891,726.643246490311
0,IDONTWANT,809,620,726.643246490311
0,IDONTWANT,809,743,726.643246490311
0,IDONTWANT,809,15,726.643246490311
0,IDONTWANT,843,159,727.1006006118901
0,IDONTWANT,843,323,727.1006006118901
0,IDONTWANT,843,611,727.1006006118901
0,IDONTWANT,843,31,727.1006006118901
0,IDONTWANT,613,510,727.1930569280731
0,IDONTWANT,613,169,727.1930569280731
0,IDONTWANT,613,112,727.1930569280731
0,IDONTWANT,613,962,727.1930569280731
0,IDONTWANT,955,168,728.0343047282648
0,IDONTWANT,955,971,728.0343047282648
0,IDONTWANT,955,845,728.0343047282648
0,IDONTWANT,955,18,728.0343047282648
0,IDONTWANT,365,988,728.4612241732185
0,IDONTWANT,365,778,728.4612241732185
0,IDONTWANT,365,212,728.4612241732185
0,IDONTWANT,365,390,728.4612241732185
0,IDONTWANT,224,700,728.7524201482221
0,IDONTWANT,224,980,728.7524201482221
0,IDONTWANT,224,710,728.7524201482221
0,IDONTWANT,224,659,728.7524201482221
0,IDONTWANT,658,442,728.7625059433514
0,IDONTWANT,658,320,728.7625059433514
0,IDONTWANT,658,266,728.7625059433514
0,IDONTWANT,658,643,728.7625059433514
0,IDONTWANT,493,739,729.3802234432492
0,IDONTWANT,493,953,729.3802234432492
0,IDONTWANT,493,226,729.3802234432492
0,IDONTWANT,493,67,729.3802234432492
0,IDONTWANT,168,705,729.5129634520235
0,IDONTWANT,168,188,729.5129634520235
0,IDONTWANT,168,436,729.5129634520235
0,IDONTWANT,168,917,729.5129634520235
0,IDONTWANT,46,564,731.1361195461145
0,IDONTWANT,46,286,731.1361195461145
0,IDONTWANT,46,724,731.1361195461145
0,IDONTWANT,46,426,731.1361195461145
0,IDONTWANT,532,893,731.4283230357266
0,IDONTWANT,532,682,731.4283230357266
0,IDONTWANT,532,801,731.4283230357266
0,IDONTWANT,532,276,731.4283230357266
0,IDONTWANT,552,672,731.6800537335088
0,IDONTWANT,552,463,731.6800537335088
0,IDONTWANT,552,179,731.6800537335088
0,IDONTWANT,552,231,731.6800537335088
0,IDONTWANT,179,644,732.4365240638831
0,IDONTWANT,179,313,732.4365240638831
0,IDONTWANT,179,544,732.4365240638831
0,IDONTWANT,179,778,732.4365240638831
0,IDONTWANT,561,222,733.0235784337151
0,IDONTWANT,561,87,733.0235784337151
0,IDONTWANT,561,902,733.0235784337151
0,IDONTWANT,561,519,733.0235784337151
0,IDONTWANT,615,807,733.3403916486232
0,IDONTWANT,615,714,733.3403916486232
0,IDONTWANT,615,574,733.3403916486232
0,IDONTWANT,615,806,733.3403916486232
0,IDONTWANT,802,977,733.3904002989498
0,IDONTWANT,802,660,733.3904002989498
0,IDONTWANT,802,167,733.3904002989498
0,IDONTWANT,802,644,733.3904002989498
0,IDONTWANT,837,825,734.2350998738494
0,IDONTWANT,837,717,734.2350998738494
0,IDONTWANT,837,296,734.2350998738494
0,IDONTWANT,837,371,734.2350998738494
0,IDONTWANT,966,255,734.9686017027223
0,IDONTWANT,966,891,734.9686017027223
0,IDONTWANT,966,432,734.9686017027223
0,IDONTWANT,966,679,734.9686017027223
0,IDONTWANT,470,331,734.9755791986299
0,IDONTWANT,470,120,734.9755791986299
0,IDONTWANT,470,399,734.9755791986299
0,IDONTWANT,470,614,734.9755791986299
0,IDONTWANT,703,675,735.198894320173
0,IDONTWANT,703,919,735.198894320173
0,IDONTWANT,703,371,735.198894320173
0,IDONTWANT,703,156,735.198894320173
0,IDONTWANT,997,405,735.2685263074179
0,IDONTWANT,997,12,735.2685263074179
0,IDONTWANT,997,946,735.2685263074179
0,IDONTWANT,997,361,735.2685263074179
0,IDONTWANT,593,344,737.2175255186324
0,IDONTWANT,593,433,737.2175255186324
0,IDONTWANT,593,267,737.2175255186324
0,IDONTWANT,593,21,737.2175255186324
0,IDONTWANT,393,802,737.5377193410683
0,IDONTWANT,393,611,737.5377193410683
0,IDONTWANT,393,80,737.5377193410683
0,IDONTWANT,393,525,737.5377193410683
0,IDONTWANT,590,648,738.2927800505488
0,IDONTWANT,590,294,738.2927800505488
0,IDONTWANT,590,488,738.2927800505488
0,IDONTWANT,590,102,738.2927800505488
0,IDONTWANT,510,403,738.4398775828041
0,IDONTWANT,510,756,738.4398775828041
0,IDONTWANT,510,817,738.4398775828041
0,IDONTWANT,510,380,738.4398775828041
0,IDONTWANT,394,202,738.4694829371963
0,IDONTWANT,394,402,738.4694829371963
0,IDONTWANT,394,771,738.4694829371963
0,IDONTWANT,394,163,738.4694829371963
0,IDONTWANT,753,558,739.0060672268404
0,IDONTWANT,753,587,739.0060672268404
0,IDONTWANT,753,50,739.0060672268404
0,IDONTWANT,753,408,739.0060672268404
0,IDONTWANT,264,353,742.1836072660109
0,IDONTWANT,264,386,742.1836072660109
0,IDONTWANT,264,324,742.1836072660109
0,IDONTWANT,264,123,742.1836072660109
0,IDONTWANT,406,581,743.0989565659867
0,IDONTWANT,406,274,743.0989565659867
0,IDONTWANT,406,381,743.0989565659867
0,IDONTWANT,406,260,743.0989565659867
0,IDONTWANT,172,68,744.8452837930308
0,IDONTWANT,172,271,744.8452837930308
0,IDONTWANT,172,884,744.8452837930308
0,IDONTWANT,172,124,744.8452837930308
0,IDONTWANT,246,101,746.0850556033923
0,IDONTWANT,246,709,746.0850556033923
0,IDONTWANT,246,222,746.0850556033923
0,IDONTWANT,246,692,746.0850556033923
0,IDONTWANT,881,957,746.8570033254484
0,IDONTWANT,881,633,746.8570033254484
0,IDONTWANT,881,888,746.8570033254484
0,IDONTWANT,881,382,746.8570033254484
0,IDONTWANT,580,69,747.4651873027531
0,IDONTWANT,580,755,747.4651873027531
0,IDONTWANT,580,47,747.4651873027531
0,IDONTWANT,580,67,747.4651873027531
0,IDONTWANT,178,186,747.9145406371442
0,IDONTWANT,178,207,747.9145406371442
0,IDONTWANT,178,955,747.9145406371442
0,IDONTWANT,178,320,747.9145406371442
0,IDONTWANT,898,806,748.3060151415355
0,IDONTWANT,898,684,748.3060151415355
0,IDONTWANT,898,948,748.3060151415355
0,IDONTWANT,898,216,748.3060151415355
0,IDONTWANT,514,631,748.520406426305
0,IDONTWANT,514,762,748.520406426305
0,IDONTWANT,514,981,748.520406426305
0,IDONTWANT,514,49,748.520406426305
0,IDONTWANT,723,847,749.5660070194281
0,IDONTWANT,723,142,749.5660070194281
0,IDONTWANT,723,484,749.5660070194281
0,IDONTWANT,723,504,749.5660070194281
0,IDONTWANT,978,124,749.7585293339248
0,IDONTWANT,978,532,749.7585293339248
0,IDONTWANT,978,13,749.7585293339248
0,IDONTWANT,978,444,749.7585293339248
0,IDONTWANT,676,467,749.8891107444811
0,IDONTWANT,676,215,749.8891107444811
0,IDONTWANT,676,701,749.8891107444811
0,IDONTWANT,676,188,749.8891107444811
0,IDONTWANT,775,457,750.0137651891463
0,IDONTWANT,775,68,750.0137651891463
0,IDONTWANT,775,14,750.0137651891463
0,IDONTWANT,775,696,750.0137651891463
0,IDONTWANT,868,525,750.9744907000165
0,IDONTWANT,868,726,750.9744907000165
0,IDONTWANT,868,757,750.9744907000165
0,IDONTWANT,868,662,750.9744907000165
0,IDONTWANT,657,185,752.1629050204305
0,IDONTWANT,657,656,752.1629050204305
0,IDONTWANT,657,127,752.1629050204305
0,IDONTWANT,657,464,752.1629050204305
0,IDONTWANT,222,824,752.5898797275389
0,IDONTWANT,222,16,752.5898797275389
0,IDONTWANT,222,847,752.5898797275389
0,IDONTWANT,222,703,752.5898797275389
0,IDONTWANT,998,166,752.7809259159917
0,IDONTWANT,998,882,752.7809259159917
0,IDONTWANT,998,974,752.7809259159917
0,IDONTWANT,998,244,752.7809259159917
0,IDONTWANT,243,710,753.110090148105
0,IDONTWANT,243,312,753.110090148105
0,IDONTWANT,243,637,753.110090148105
0,IDONTWANT,243,582,753.110090148105
0,IDONTWANT,383,966,754.4983655082286
0,IDONTWANT,383,66,754.4983655082286
0,IDONTWANT,383,24,754.4983655082286
0,IDONTWANT,383,846,754.4983655082286
0,IDONTWANT,51,604,755.1379270165824
0,IDONTWANT,51,187,755.1379270165824
0,IDONTWANT,51,270,755.1379270165824
0,IDONTWANT,51,289,755.1379270165824
0,IDONTWANT,119,598,757.4811745406772
0,IDONTWANT,119,835,757.4811745406772
0,IDONTWANT,119,926,757.4811745406772
0,IDONTWANT,119,530,757.4811745406772
0,IDONTWANT,582,204,760.1507062582184
0,IDONTWANT,582,838,760.1507062582184
0,IDONTWANT,582,978,760.1507062582184
0,IDONTWANT,582,840,760.1507062582184
0,IDONTWANT,914,615,761.6546683225438
0,IDONTWANT,914,81,761.6546683225438
0,IDONTWANT,914,848,761.6546683225438
0,IDONTWANT,914,89,761.6546683225438
0,IDONTWANT,314,953,762.1016342539048
0,IDONTWANT,314,950,762.1016342539048
0,IDONTWANT,314,951,762.1016342539048
0,IDONTWANT,314,846,762.1016342539048
0,IDONTWANT,618,914,762.9381435815667
0,IDONTWANT,618,912,762.9381435815667
0,IDONTWANT,618,764,762.9381435815667
0,IDONTWANT,618,88,762.9381435815667
0,IDONTWANT,745,848,762.9633124987744
0,IDONTWANT,745,505,762.9633124987744
0,IDONTWANT,745,413,762.9633124987744
0,IDONTWANT,745,341,762.9633124987744
0,IDONTWANT,660,248,763.2758496185386
0,IDONTWANT,660,802,763.2758496185386
0,IDONTWANT,660,409,763.2758496185386
0,IDONTWANT,660,731,763.2758496185386
0,IDONTWANT,289,672,763.4853633836193
0,IDONTWANT,289,244,763.4853633836193
0,IDONTWANT,289,309,763.4853633836193
0,IDONTWANT,289,495,763.4853633836193
0,IDONTWANT,131,791,763.6886857543687
0,IDONTWANT,131,100,763.6886857543687
0,IDONTWANT,131,520,763.6886857543687
0,IDONTWANT,131,464,763.6886857543687
0,IDONTWANT,985,450,764.3849538475461
0,IDONTWANT,985,126,764.3849538475461
0,IDONTWANT,985,523,764.3849538475461
0,IDONTWANT,985,134,764.3849538475461
0,IDONTWANT,225,236,765.3244051845226
0,IDONTWANT,225,87,765.3244051845226
0,IDONTWANT,225,31,765.3244051845226
0,IDONTWANT,225,42,765.3244051845226
0,IDONTWANT,228,572,765.784051557224
0,IDONTWANT,228,51,765.784051557224
0,IDONTWANT,228,643,765.784051557224
0,IDONTWANT,228,19,765.784051557224
0,IDONTWANT,10,227,766.2001700885625
0,IDONTWANT,10,48,766.2001700885625
0,IDONTWANT,10,571,766.2001700885625
0,IDONTWANT,10,880,766.2001700885625
0,IDONTWANT,386,396,767.9221807949909
0,IDONTWANT,386,809,767.9221807949909
0,IDONTWANT,386,257,767.9221807949909
0,IDONTWANT,386,936,767.9221807949909
0,IDONTWANT,672,467,768.3553140496061
0,IDONTWANT,672,554,768.3553140496061
0,IDONTWANT,672,209,768.3553140496061
0,IDONTWANT,672,735,768.3553140496061
0,IDONTWANT,27,501,768.4842670072077
0,IDONTWANT,27,432,768.4842670072077
0,IDONTWANT,27,41,768.4842670072077
0,IDONTWANT,27,986,768.4842670072077
0,IDONTWANT,900,122,768.6150807688223
0,IDONTWANT,900,263,768.6150807688223
0,IDONTWANT,900,772,768.6150807688223
0,IDONTWANT,900,206,768.6150807688223
0,IDONTWANT,909,293,770.3471478929057
0,IDONTWANT,909,190,770.3471478929057
0,IDONTWANT,909,368,770.3471478929057
0,IDONTWANT,909,445,770.3471478929057
0,IDONTWANT,986,906,770.4587146486801
0,IDONTWANT,986,300,770.4587146486801
0,IDONTWANT,986,937,770.4587146486801
0,IDONTWANT,986,416,770.4587146486801
0,IDONTWANT,646,34,772.5027973842077
0,IDONTWANT,646,12,772.5027973842077
0,IDONTWANT,646,408,772.5027973842077
0,IDONTWANT,646,875,772.5027973842077
0,IDONTWANT,154,94,772.5059131647299
0,IDONTWANT,154,740,772.5059131647299
0,IDONTWANT,154,375,772.5059131647299
0,IDONTWANT,154,19,772.5059131647299
0,IDONTWANT,298,378,772.7062677348484
0,IDONTWANT,298,264,772.7062677348484
0,IDONTWANT,298,829,772.7062677348484
0,IDONTWANT,298,584,772.7062677348484
0,IDONTWANT,388,951,773.0000301108413
0,IDONTWANT,388,509,773.0000301108413
0,IDONTWANT,388,187,773.0000301108413
0,IDONTWANT,388,8,773.0000301108413
0,IDONTWANT,367,842,774.2459856339722
0,IDONTWANT,367,824,774.2459856339722
0,IDONTWANT,367,443,774.2459856339722
0,IDONTWANT,367,89,774.2459856339722
0,IDONTWANT,668,108,775.5367029650097
0,IDONTWANT,668,39,775.5367029650097
0,IDONTWANT,668,257,775.5367029650097
0,IDONTWANT,668,556,775.5367029650097
0,IDONTWANT,465,160,776.062616653654
0,IDONTWANT,465,392,776.062616653654
0,IDONTWANT,465,367,776.062616653654
0,IDONTWANT,465,126,776.062616653654
0,IDONTWANT,377,347,776.4968495283915
0,IDONTWANT,377,371,776.4968495283915
0,IDONTWANT,377,278,776.4968495283915
0,IDONTWANT,377,343,776.4968495283915
0,IDONTWANT,880,950,777.2665126809711
0,IDONTWANT,880,852,777.2665126809711
0,IDONTWANT,880,225,777.2665126809711
0,IDONTWANT,880,79,777.2665126809711
0,IDONTWANT,863,989,777.9085723858941
0,IDONTWANT,863,240,777.9085723858941
0,IDONTWANT,863,738,777.9085723858941
0,IDONTWANT,863,227,777.9085723858941
0,IDONTWANT,327,101,779.350258015325
0,IDONTWANT,327,72,779.350258015325
0,IDONTWANT,327,307,779.350258015325
0,IDONTWANT,327,538,779.350258015325
0,IDONTWANT,764,37,780.1521697075557
0,IDONTWANT,764,431,780.1521697075557
0,IDONTWANT,764,794,780.1521697075557
0,IDONTWANT,764,103,780.1521697075557
0,IDONTWANT,181,689,780.5727796369888
0,IDONTWANT,181,183,780.5727796369888
0,IDONTWANT,181,278,780.5727796369888
0,IDONTWANT,181,356,780.5727796369888
0,IDONTWANT,731,436,782.4714509105422
0,IDONTWANT,731,428,782.4714509105422
0,IDONTWANT,731,984,782.4714509105422
0,IDONTWANT,731,692,782.4714509105422
0,IDONTWANT,755,194,782.7647770027271
0,IDONTWANT,755,842,782.7647770027271
0,IDONTWANT,755,944,782.7647770027271
0,IDONTWANT,755,486,782.7647770027271
0,IDONTWANT,282,956,783.6115055599049
0,IDONTWANT,282,750,783.6115055599049
0,IDONTWANT,282,421,783.6115055599049
0,IDONTWANT,282,462,783.6115055599049
0,IDONTWANT,715,171,784.7761595783687
0,IDONTWANT,715,624,784.7761595783687
0,IDONTWANT,715,913,784.7761595783687
0,IDONTWANT,715,704,784.7761595783687
0,IDONTWANT,475,516,785.2747166890533
0,IDONTWANT,475,448,785.2747166890533
0,IDONTWANT,475,183,785.2747166890533
0,IDONTWANT,475,23,785.2747166890533
0,IDONTWANT,336,22,787.6202167261115
0,IDONTWANT,336,198,787.6202167261115
0,IDONTWANT,336,511,787.6202167261115
0,IDONTWANT,336,907,787.6202167261115
0,IDONTWANT,400,511,790.3840216956402
0,IDONTWANT,400,727,790.3840216956402
0,IDONTWANT,400,996,790.3840216956402
0,IDONTWANT,400,458,790.3840216956402
0,IDONTWANT,60,107,791.7294364118657
0,IDONTWANT,60,494,791.7294364118657
0,IDONTWANT,60,650,791.7294364118657
0,IDONTWANT,60,411,791.7294364118657
0,IDONTWANT,692,654,792.3873680265259
0,IDONTWANT,692,851,792.3873680265259
0,IDONTWANT,692,839,792.3873680265259
0,IDONTWANT,692,815,792.3873680265259
0,IDONTWANT,736,522,794.0563461601633
0,IDONTWANT,736,495,794.0563461601633
0,IDONTWANT,736,496,794.0563461601633
0,IDONTWANT,736,776,794.0563461601633
0,IDONTWANT,853,85,794.2304620944711
0,IDONTWANT,853,28,794.2304620944711
0,IDONTWANT,853,52,794.2304620944711
0,IDONTWANT,853,35,794.2304620944711
0,IDONTWANT,366,365,794.2611881378368
0,IDONTWANT,366,788,794.2611881378368
0,IDONTWANT,366,842,794.2611881378368
0,IDONTWANT,366,316,794.2611881378368
0,IDONTWANT,395,253,795.0248149088021
0,IDONTWANT,395,418,795.0248149088021
0,IDONTWANT,395,66,795.0248149088021
0,IDONTWANT,395,666,795.0248149088021
0,IDONTWANT,667,852,797.3798337232473
0,IDONTWANT,667,501,797.3798337232473
0,IDONTWANT,667,930,797.3798337232473
0,IDONTWANT,667,999,797.3798337232473
0,IDONTWANT,938,525,799.0117183534745
0,IDONTWANT,938,26,799.0117183534745
0,IDONTWANT,938,543,799.0117183534745
0,IDONTWANT,938,823,799.0117183534745
0,IDONTWANT,517,600,799.5835384545884
0,IDONTWANT,517,951,799.5835384545884
0,IDONTWANT,517,680,799.5835384545884
0,IDONTWANT,517,918,799.5835384545884
0,IDONTWANT,20,371,800.3284810236647
0,IDONTWANT,20,307,800.3284810236647
0,IDONTWANT,20,255,800.3284810236647
0,IDONTWANT,20,814,800.3284810236647
0,IDONTWANT,114,258,800.8091274947582
0,IDONTWANT,114,218,800.8091274947582
0,IDONTWANT,114,300,800.8091274947582
0,IDONTWANT,114,514,800.8091274947582
0,IDONTWANT,814,239,802.3177114446687
0,IDONTWANT,814,827,802.3177114446687
0,IDONTWANT,814,462,802.3177114446687
0,IDONTWANT,814,290,802.3177114446687
0,IDONTWANT,83,831,803.5585523819872
0,IDONTWANT,83,808,803.5585523819872
0,IDONTWANT,83,777,803.5585523819872
0,IDONTWANT,83,874,803.5585523819872
0,IDONTWANT,454,812,803.8461816575245
0,IDONTWANT,454,991,803.8461816575245
0,IDONTWANT,454,825,803.8461816575245
0,IDONTWANT,454,202,803.8461816575245
0,IDONTWANT,301,764,804.1236009878919
0,IDONTWANT,301,537,804.1236009878919
0,IDONTWANT,301,215,804.1236009878919
0,IDONTWANT,301,386,804.1236009878919
0,IDONTWANT,482,452,804.8097941300284
0,IDONTWANT,482,517,804.8097941300284
0,IDONTWANT,482,523,804.8097941300284
0,IDONTWANT,482,673,804.8097941300284
0,IDONTWANT,425,377,805.6483999160572
0,IDONTWANT,425,348,805.6483999160572
0,IDONTWANT,425,144,805.6483999160572
0,IDONTWANT,425,45,805.6483999160572
0,IDONTWANT,448,826,807.0160345435522
0,IDONTWANT,448,932,807.0160345435522
0,IDONTWANT,448,406,807.0160345435522
0,IDONTWANT,448,91,807.0160345435522
0,IDONTWANT,726,252,807.5475499126635
0,IDONTWANT,726,510,807.5475499126635
0,IDONTWANT,726,168,807.5475499126635
0,IDONTWANT,726,552,807.5475499126635
0,IDONTWANT,540,415,808.8808213984161
0,IDONTWANT,540,190,808.8808213984161
0,IDONTWANT,540,243,808.8808213984161
0,IDONTWANT,540,163,808.8808213984161
0,IDONTWANT,48,981,810.5525017770408
0,IDONTWANT,48,237,810.5525017770408
0,IDONTWANT,48,155,810.5525017770408
0,IDONTWANT,48,85,810.5525017770408
0,IDONTWANT,858,122,811.4605009831333
0,IDONTWANT,858,723,811.4605009831333
0,IDONTWANT,858,983,811.4605009831333
0,IDONTWANT,858,92,811.4605009831333
0,IDONTWANT,456,44,812.1142334865206
0,IDONTWANT,456,999,812.1142334865206
0,IDONTWANT,456,935,812.1142334865206
0,IDONTWANT,456,495,812.1142334865206
0,IDONTWANT,449,587,812.6784508865555
0,IDONTWANT,449,638,812.6784508865555
0,IDONTWANT,449,950,812.6784508865555
0,IDONTWANT,449,379,812.6784508865555
0,IDONTWANT,830,394,813.2620196798588
0,IDONTWANT,830,470,813.2620196798588
0,IDONTWANT,830,553,813.2620196798588
0,IDONTWANT,830,89,813.2620196798588
0,IDONTWANT,864,176,814.0108969578713
0,IDONTWANT,864,39,814.0108969578713
0,IDONTWANT,864,965,814.0108969578713
0,IDONTWANT,864,262,814.0108969578713
0,IDONTWANT,785,582,815.5347944433245
0,IDONTWANT,785,248,815.5347944433245
0,IDONTWANT,785,461,815.5347944433245
0,IDONTWANT,785,751,815.5347944433245
0,IDONTWANT,192,415,817.2314100154597
0,IDONTWANT,192,356,817.2314100154597
0,IDONTWANT,192,55,817.2314100154597
0,IDONTWANT,192,858,817.2314100154597
0,IDONTWANT,833,533,817.2976443051066
0,IDONTWANT,833,919,817.2976443051066
0,IDONTWANT,833,265,817.2976443051066
0,IDONTWANT,833,907,817.2976443051066
0,IDONTWANT,279,780,817.4297069037412
0,IDONTWANT,279,647,817.4297069037412
0,IDONTWANT,279,410,817.4297069037412
0,IDONTWANT,279,936,817.4297069037412
0,IDONTWANT,912,863,818.4500035581493
0,IDONTWANT,912,184,818.4500035581493
0,IDONTWANT,912,534,818.4500035581493
0,IDONTWANT,912,788,818.4500035581493
0,IDONTWANT,348,975,819.6519899501101
0,IDONTWANT,348,639,819.6519899501101
0,IDONTWANT,348,508,819.6519899501101
0,IDONTWANT,348,625,819.6519899501101
0,IDONTWANT,674,812,821.0565711628328
0,IDONTWANT,674,849,821.0565711628328
0,IDONTWANT,674,378,821.0565711628328
0,IDONTWANT,674,534,821.0565711628328
0,IDONTWANT,625,772,822.2434141601923
0,IDONTWANT,625,619,822.2434141601923
0,IDONTWANT,625,662,822.2434141601923
0,IDONTWANT,625,34,822.2434141601923
0,IDONTWANT,407,756,822.8427838694721
0,IDONTWANT,407,266,822.8427838694721
0,IDONTWANT,407,203,822.8427838694721
0,IDONTWANT,407,450,822.8427838694721
0,IDONTWANT,572,585,823.785555885357
0,IDONTWANT,572,906,823.785555885357
0,IDONTWANT,572,315,823.785555885357
0,IDONTWANT,572,809,823.785555885357
0,IDONTWANT,975,939,826.5646462701225
0,IDONTWANT,975,694,826.5646462701225
0,IDONTWANT,975,638,826.5646462701225
0,IDONTWANT,975,279,826.5646462701225
0,IDONTWANT,450,755,828.5980430166311
0,IDONTWANT,450,517,828.5980430166311
0,IDONTWANT,450,175,828.5980430166311
0,IDONTWANT,450,149,828.5980430166311
0,IDONTWANT,337,691,828.6358761819349
0,IDONTWANT,337,663,828.6358761819349
0,IDONTWANT,337,431,828.6358761819349
0,IDONTWANT,337,83,828.6358761819349
0,IDONTWANT,856,932,829.4432602332558
0,IDONTWANT,856,917,829.4432602332558
0,IDONTWANT,856,65,829.4432602332558
0,IDONTWANT,856,884,829.4432602332558
0,IDONTWANT,503,335,831.002512759811
0,IDONTWANT,503,917,831.002512759811
0,IDONTWANT,503,385,831.002512759811
0,IDONTWANT,503,172,831.002512759811
0,IDONTWANT,522,135,832.5659785243831
0,IDONTWANT,522,500,832.5659785243831
0,IDONTWANT,522,232,832.5659785243831
0,IDONTWANT,522,628,832.5659785243831
0,IDONTWANT,80,172,832.8400182984415
0,IDONTWANT,80,365,832.8400182984415
0,IDONTWANT,80,791,832.8400182984415
0,IDONTWANT,80,229,832.8400182984415
0,IDONTWANT,961,343,835.3652329210571
0,IDONTWANT,961,732,835.3652329210571
0,IDONTWANT,961,446,835.3652329210571
0,IDONTWANT,961,863,835.3652329210571
0,IDONTWANT,99,769,835.4038616071728
0,IDONTWANT,99,205,835.4038616071728
0,IDONTWANT,99,490,835.4038616071728
0,IDONTWANT,99,911,835.4038616071728
0,IDONTWANT,234,755,837.06475201358
0,IDONTWANT,234,486,837.06475201358
0,IDONTWANT,234,259,837.06475201358
0,IDONTWANT,234,829,837.06475201358
0,IDONTWANT,677,401,839.7981322018505
0,IDONTWANT,677,526,839.7981322018505
0,IDONTWANT,677,782,839.7981322018505
0,IDONTWANT,677,956,839.7981322018505
0,IDONTWANT,237,758,839.866673028421
0,IDONTWANT,237,666,839.866673028421
0,IDONTWANT,237,472,839.866673028421
0,IDONTWANT,237,506,839.866673028421
0,IDONTWANT,56,693,840.5765860398986
0,IDONTWANT,56,758,840.5765860398986
0,IDONTWANT,56,55,840.5765860398986
0,IDONTWANT,56,468,840.5765860398986
0,IDONTWANT,737,920,840.6923231385854
0,IDONTWANT,737,147,840.6923231385854
0,IDONTWANT,737,34,840.6923231385854
0,IDONTWANT,737,218,840.6923231385854
0,IDONTWANT,688,796,841.0434178355292
0,IDONTWANT,688,70,841.0434178355292
0,IDONTWANT,688,830,841.0434178355292
0,IDONTWANT,688,818,841.0434178355292
0,IDONTWANT,922,530,842.8245290648459
0,IDONTWANT,922,830,842.8245290648459
0,IDONTWANT,922,355,842.8245290648459
0,IDONTWANT,922,343,842.8245290648459
0,IDONTWANT,899,573,845.369252675485
0,IDONTWANT,899,488,845.369252675485
0,IDONTWANT,899,855,845.369252675485
0,IDONTWANT,899,293,845.369252675485
0,IDONTWANT,330,1,846.0422218101413
0,IDONTWANT,330,10,846.0422218101413
0,IDONTWANT,330,551,846.0422218101413
0,IDONTWANT,330,308,846.0422218101413
0,IDONTWANT,417,300,846.229799809842
0,IDONTWANT,417,238,846.229799809842
0,IDONTWANT,417,122,846.229799809842
0,IDONTWANT,417,51,846.229799809842
0,IDONTWANT,441,660,846.3130193324305
0,IDONTWANT,441,201,846.3130193324305
0,IDONTWANT,441,400,846.3130193324305
0,IDONTWANT,441,746,846.3130193324305
0,IDONTWANT,339,948,848.1403284299688
0,IDONTWANT,339,380,848.1403284299688
0,IDONTWANT,339,232,848.1403284299688
0,IDONTWANT,339,505,848.1403284299688
0,IDONTWANT,250,320,848.6147174184226
0,IDONTWANT,250,87,848.6147174184226
0,IDONTWANT,250,959,848.6147174184226
0,IDONTWANT,250,485,848.6147174184226
0,IDONTWANT,670,975,850.6747097407324
0,IDONTWANT,670,964,850.6747097407324
0,IDONTWANT,670,204,850.6747097407324
0,IDONTWANT,670,531,850.6747097407324
0,IDONTWANT,770,441,852.4508210585998
0,IDONTWANT,770,579,852.4508210585998
0,IDONTWANT,770,657,852.4508210585998
0,IDONTWANT,770,592,852.4508210585998
0,IDONTWANT,424,635,854.5445476088748
0,IDONTWANT,424,358,854.5445476088748
0,IDONTWANT,424,222,854.5445476088748
0,IDONTWANT,424,38,854.5445476088748
0,IDONTWANT,954,586,861.8595794950547
0,IDONTWANT,954,473,861.8595794950547
0,IDONTWANT,954,764,861.8595794950547
0,IDONTWANT,954,406,861.8595794950547
0,IDONTWANT,33,968,864.9874483534121
0,IDONTWANT,33,277,864.9874483534121
0,IDONTWANT,33,486,864.9874483534121
0,IDONTWANT,33,714,864.9874483534121
0,IDONTWANT,746,515,865.4617544881153
0,IDONTWANT,746,278,865.4617544881153
0,IDONTWANT,746,894,865.4617544881153
0,IDONTWANT,746,518,865.4617544881153
0,IDONTWANT,571,447,866.5520987041442
0,IDONTWANT,571,979,866.5520987041442
0,IDONTWANT,571,743,866.5520987041442
0,IDONTWANT,571,239,866.5520987041442
0,IDONTWANT,426,208,866.9516103622611
0,IDONTWANT,426,261,866.9516103622611
0,IDONTWANT,426,39,866.9516103622611
0,IDONTWANT,426,614,866.9516103622611
0,IDONTWANT,360,319,868.9589371835236
0,IDONTWANT,360,681,868.9589371835236
0,IDONTWANT,360,743,868.9589371835236
0,IDONTWANT,360,388,868.9589371835236
0,IDONTWANT,556,866,870.9456031600954
0,IDONTWANT,556,269,870.9456031600954
0,IDONTWANT,556,729,870.9456031600954
0,IDONTWANT,556,53,870.9456031600954
0,IDONTWANT,686,821,871.8331628538335
0,IDONTWANT,686,984,871.8331628538335
0,IDONTWANT,686,401,871.8331628538335
0,IDONTWANT,686,473,871.8331628538335
0,IDONTWANT,343,757,871.9631931334382
0,IDONTWANT,343,866,871.9631931334382
0,IDONTWANT,343,517,871.9631931334382
0,IDONTWANT,343,69,871.9631931334382
0,IDONTWANT,956,961,873.5426525613633
0,IDONTWANT,956,650,873.5426525613633
0,IDONTWANT,956,398,873.5426525613633
0,IDONTWANT,956,710,873.5426525613633
0,IDONTWANT,807,636,877.2863088768977
0,IDONTWANT,807,998,877.2863088768977
0,IDONTWANT,807,666,877.2863088768977
0,IDONTWANT,807,720,877.2863088768977
0,IDONTWANT,575,148,878.3028315299631
0,IDONTWANT,575,33,878.3028315299631
0,IDONTWANT,575,27,878.3028315299631
0,IDONTWANT,575,114,878.3028315299631
0,IDONTWANT,440,885,880.0244423400113
0,IDONTWANT,440,786,880.0244423400113
0,IDONTWANT,440,822,880.0244423400113
0,IDONTWANT,440,372,880.0244423400113
0,IDONTWANT,112,143,880.6054885037964
0,IDONTWANT,112,445,880.6054885037964
0,IDONTWANT,112,893,880.6054885037964
0,IDONTWANT,112,200,880.6054885037964
0,IDONTWANT,25,121,881.2042461670833
0,IDONTWANT,25,525,881.2042461670833
0,IDONTWANT,25,429,881.2042461670833
0,IDONTWANT,25,169,881.2042461670833
0,IDONTWANT,57,922,882.9596566003404
0,IDONTWANT,57,892,882.9596566003404
0,IDONTWANT,57,799,882.9596566003404
0,IDONTWANT,57,975,882.9596566003404
0,IDONTWANT,24,460,884.6987576280342
0,IDONTWANT,24,295,884.6987576280342
0,IDONTWANT,24,624,884.6987576280342
0,IDONTWANT,24,75,884.6987576280342
0,IDONTWANT,841,383,885.1122722274828
0,IDONTWANT,841,888,885.1122722274828
0,IDONTWANT,841,108,885.1122722274828
0,IDONTWANT,841,380,885.1122722274828
0,IDONTWANT,735,954,887.649288033668
0,IDONTWANT,735,338,887.649288033668
0,IDONTWANT,735,829,887.649288033668
0,IDONTWANT,735,96,887.649288033668
0,IDONTWANT,583,546,887.7269122875944
0,IDONTWANT,583,913,887.7269122875944
0,IDONTWANT,583,681,887.7269122875944
0,IDONTWANT,583,67,887.7269122875944
0,IDONTWANT,453,392,888.4425905044341
0,IDONTWANT,453,503,888.4425905044341
0,IDONTWANT,453,772,888.4425905044341
0,IDONTWANT,453,825,888.4425905044341
0,IDONTWANT,9,591,888.7977230743027
0,IDONTWANT,9,600,888.7977230743027
0,IDONTWANT,9,407,888.7977230743027
0,IDONTWANT,9,51,888.7977230743027
0,IDONTWANT,354,53,890.3067891754503
0,IDONTWANT,354,727,890.3067891754503
0,IDONTWANT,354,61,890.3067891754503
0,IDONTWANT,354,188,890.3067891754503
0,IDONTWANT,680,391,890.6310502404842
0,IDONTWANT,680,409,890.6310502404842
0,IDONTWANT,680,62,890.6310502404842
0,IDONTWANT,680,13,890.6310502404842
0,IDONTWANT,805,278,893.9024579659063
0,IDONTWANT,805,803,893.9024579659063
0,IDONTWANT,805,772,893.9024579659063
0,IDONTWANT,805,580,893.9024579659063
0,IDONTWANT,117,135,894.602931231889
0,IDONTWANT,117,62,894.602931231889
0,IDONTWANT,117,932,894.602931231889
0,IDONTWANT,117,758,894.602931231889
0,IDONTWANT,265,861,897.5445712077634
0,IDONTWANT,265,340,897.5445712077634
0,IDONTWANT,265,1,897.5445712077634
0,IDONTWANT,265,333,897.5445712077634
0,IDONTWANT,638,335,902.8722696537184
0,IDONTWANT,638,979,902.8722696537184
0,IDONTWANT,638,193,902.8722696537184
0,IDONTWANT,638,264,902.8722696537184
0,IDONTWANT,621,438,906.9473333290329
0,IDONTWANT,621,923,906.9473333290329
0,IDONTWANT,621,558,906.9473333290329
0,IDONTWANT,621,513,906.9473333290329
0,IDONTWANT,851,134,908.8705420772512
0,IDONTWANT,851,260,908.8705420772512
0,IDONTWANT,851,864,908.8705420772512
0,IDONTWANT,851,38,908.8705420772512
0,IDONTWANT,499,607,909.6018843591173
0,IDONTWANT,499,269,909.6018843591173
0,IDONTWANT,499,631,909.6018843591173
0,IDONTWANT,499,519,909.6018843591173
0,IDONTWANT,790,570,910.7683015004891
0,IDONTWANT,790,726,910.7683015004891
0,IDONTWANT,790,510,910.7683015004891
0,IDONTWANT,790,471,910.7683015004891
0,IDONTWANT,413,102,910.8249713386369
0,IDONTWANT,413,670,910.8249713386369
0,IDONTWANT,413,476,910.8249713386369
0,IDONTWANT,413,37,910.8249713386369
0,IDONTWANT,127,334,913.2928124188758
0,IDONTWANT,127,699,913.2928124188758
0,IDONTWANT,127,531,913.2928124188758
0,IDONTWANT,127,544,913.2928124188758
0,IDONTWANT,791,685,915.6753522593531
0,IDONTWANT,791,955,915.6753522593531
0,IDONTWANT,791,912,915.6753522593531
0,IDONTWANT,791,260,915.6753522593531
0,IDONTWANT,212,874,916.8085140412768
0,IDONTWANT,212,769,916.8085140412768
0,IDONTWANT,212,158,916.8085140412768
0,IDONTWANT,212,674,916.8085140412768
0,IDONTWANT,612,219,919.1048873117335
0,IDONTWANT,612,961,919.1048873117335
0,IDONTWANT,612,717,919.1048873117335
0,IDONTWANT,612,237,919.1048873117335
0,IDONTWANT,139,951,922.1568465963487
0,IDONTWANT,139,266,922.1568465963487
0,IDONTWANT,139,945,922.1568465963487
0,IDONTWANT,139,573,922.1568465963487
0,IDONTWANT,895,502,924.8112036350424
0,IDONTWANT,895,111,924.8112036350424
0,IDONTWANT,895,325,924.8112036350424
0,IDONTWANT,895,467,924.8112036350424
0,IDONTWANT,17,634,926.1040688519303
0,IDONTWANT,17,211,926.1040688519303
0,IDONTWANT,17,509,926.1040688519303
0,IDONTWANT,17,697,926.1040688519303
0,IDONTWANT,664,530,932.3226850164979
0,IDONTWANT,664,692,932.3226850164979
0,IDONTWANT,664,677,932.3226850164979
0,IDONTWANT,664,953,932.3226850164979
0,IDONTWANT,361,860,932.5766952748077
0,IDONTWANT,361,383,932.5766952748077
0,IDONTWANT,361,339,932.5766952748077
0,IDONTWANT,361,454,932.5766952748077
0,IDONTWANT,281,208,933.2155363018437
0,IDONTWANT,281,737,933.2155363018437
0,IDONTWANT,281,82,933.2155363018437
0,IDONTWANT,281,50,933.2155363018437
0,IDONTWANT,607,502,934.5454280306399
0,IDONTWANT,607,97,934.5454280306399
0,IDONTWANT,607,503,934.5454280306399
0,IDONTWANT,607,712,934.5454280306399
0,IDONTWANT,691,987,936.5603209065367
0,IDONTWANT,691,149,936.5603209065367
0,IDONTWANT,691,361,936.5603209065367
0,IDONTWANT,691,682,936.5603209065367
0,IDONTWANT,71,320,942.0767005184994
0,IDONTWANT,71,88,942.0767005184994
0,IDONTWANT,71,148,942.0767005184994
0,IDONTWANT,71,105,942.0767005184994
0,IDONTWANT,679,652,947.9343633231327
0,IDONTWANT,679,57,947.9343633231327
0,IDONTWANT,679,258,947.9343633231327
0,IDONTWANT,679,280,947.9343633231327
0,IDONTWANT,794,905,948.1089499790444
0,IDONTWANT,794,666,948.1089499790444
0,IDONTWANT,794,703,948.1089499790444
0,IDONTWANT,794,837,948.1089499790444
0,IDONTWANT,182,823,949.8924536750369
0,IDONTWANT,182,18,949.8924536750369
0,IDONTWANT,182,257,949.8924536750369
0,IDONTWANT,182,37,949.8924536750369
0,IDONTWANT,329,267,951.8947150770473
0,IDONTWANT,329,228,951.8947150770473
0,IDONTWANT,329,810,951.8947150770473
0,IDONTWANT,329,616,951.8947150770473
0,IDONTWANT,219,752,952.5090130821673
0,IDONTWANT,219,718,952.5090130821673
0,IDONTWANT,219,832,952.5090130821673
0,IDONTWANT,219,518,952.5090130821673
0,IDONTWANT,829,600,953.2535586512755
0,IDONTWANT,829,769,953.2535586512755
0,IDONTWANT,829,9,953.2535586512755
0,IDONTWANT,829,810,953.2535586512755
0,IDONTWANT,151,853,954.2684511359173
0,IDONTWANT,151,230,954.2684511359173
0,IDONTWANT,151,166,954.2684511359173
0,IDONTWANT,151,724,954.2684511359173
0,IDONTWANT,325,642,956.2531344295593
0,IDONTWANT,325,257,956.2531344295593
0,IDONTWANT,325,541,956.2531344295593
0,IDONTWANT,325,652,956.2531344295593
0,IDONTWANT,777,675,962.1733710694814
0,IDONTWANT,777,159,962.1733710694814
0,IDONTWANT,777,486,962.1733710694814
0,IDONTWANT,777,789,962.1733710694814
0,IDONTWANT,782,124,966.027395193837
0,IDONTWANT,782,990,966.027395193837
0,IDONTWANT,782,880,966.027395193837
0,IDONTWANT,782,90,966.027395193837
0,IDONTWANT,944,715,966.401501876262
0,IDONTWANT,944,756,966.401501876262
0,IDONTWANT,944,199,966.401501876262
0,IDONTWANT,944,267,966.401501876262
0,IDONTWANT,387,441,968.3907959635314
0,IDONTWANT,387,835,968.3907959635314
0,IDONTWANT,387,506,968.3907959635314
0,IDONTWANT,387,135,968.3907959635314
0,IDONTWANT,780,155,973.3627960933959
0,IDONTWANT,780,641,973.3627960933959
0,IDONTWANT,780,15,973.3627960933959
0,IDONTWANT,780,437,973.3627960933959
0,IDONTWANT,784,483,982.117683637442
0,IDONTWANT,784,18,982.117683637442
0,IDONTWANT,784,282,982.117683637442
0,IDONTWANT,784,736,982.117683637442
0,IDONTWANT,883,457,984.6506794917966
0,IDONTWANT,883,981,984.6506794917966
0,IDONTWANT,883,99,984.6506794917966
0,IDONTWANT,883,949,984.6506794917966
0,IDONTWANT,947,719,997.6346482611316
0,IDONTWANT,947,454,997.6346482611316
0,IDONTWANT,947,105,997.6346482611316
0,IDONTWANT,947,359,997.6346482611316
0,IDONTWANT,595,49,1005.741694931016
0,IDONTWANT,595,733,1005.741694931016
0,IDONTWANT,595,779,1005.741694931016
0,IDONTWANT,595,376,1005.741694931016
0,IDONTWANT,869,779,1006.3708270592906
0,IDONTWANT,869,495,1006.3708270592906
0,IDONTWANT,869,57,1006.3708270592906
0,IDONTWANT,869,103,1006.3708270592906
0,IDONTWANT,292,212,1008.4182652668837
0,IDONTWANT,292,513,1008.4182652668837
0,IDONTWANT,292,928,1008.4182652668837
0,IDONTWANT,292,832,1008.4182652668837
0,IDONTWANT,221,517,1018.4674967892153
0,IDONTWANT,221,583,1018.4674967892153
0,IDONTWANT,221,855,1018.4674967892153
0,IDONTWANT,221,833,1018.4674967892153
0,IDONTWANT,220,142,1020.4827803972246
0,IDONTWANT,220,932,1020.4827803972246
0,IDONTWANT,220,537,1020.4827803972246
0,IDONTWANT,220,771,1020.4827803972246
0,IDONTWANT,230,502,1021.6857077387476
0,IDONTWANT,230,271,1021.6857077387476
0,IDONTWANT,230,3,1021.6857077387476
0,IDONTWANT,230,468,1021.6857077387476
0,IDONTWANT,110,819,1022.566132544099
0,IDONTWANT,110,995,1022.566132544099
0,IDONTWANT,110,744,1022.566132544099
0,IDONTWANT,110,666,1022.566132544099
0,IDONTWANT,106,477,1023.6736117479026
0,IDONTWANT,106,826,1023.6736117479026
0,IDONTWANT,106,672,1023.6736117479026
0,IDONTWANT,106,150,1023.6736117479026
0,IDONTWANT,548,49,1025.375580512374
0,IDONTWANT,548,911,1025.375580512374
0,IDONTWANT,548,742,1025.375580512374
0,IDONTWANT,548,802,1025.375580512374
0,IDONTWANT,551,935,1029.6837785690154
0,IDONTWANT,551,476,1029.6837785690154
0,IDONTWANT,551,82,1029.6837785690154
0,IDONTWANT,551,760,1029.6837785690154
0,IDONTWANT,619,432,1031.2460747853079
0,IDONTWANT,619,910,1031.2460747853079
0,IDONTWANT,619,662,1031.2460747853079
0,IDONTWANT,619,25,1031.2460747853079
0,IDONTWANT,75,975,1034.7502546957357
0,IDONTWANT,75,541,1034.7502546957357
0,IDONTWANT,75,371,1034.7502546957357
0,IDONTWANT,75,151,1034.7502546957357
0,IDONTWANT,694,779,1048.118100810884
0,IDONTWANT,694,561,1048.118100810884
0,IDONTWANT,694,665,1048.118100810884
0,IDONTWANT,694,128,1048.118100810884
0,IDONTWANT,513,83,1051.1152511608223
0,IDONTWANT,513,452,1051.1152511608223
0,IDONTWANT,513,235,1051.1152511608223
0,IDONTWANT,513,180,1051.1152511608223
0,IDONTWANT,586,252,1054.4233940243598
0,IDONTWANT,586,210,1054.4233940243598
0,IDONTWANT,586,208,1054.4233940243598
0,IDONTWANT,586,114,1054.4233940243598
0,IDONTWANT,958,538,1075.3769191451338
0,IDONTWANT,958,37,1075.3769191451338
0,IDONTWANT,958,405,1075.3769191451338
0,IDONTWANT,958,994,1075.3769191451338
0,IDONTWANT,921,861,1079.3457574728995
0,IDONTWANT,921,738,1079.3457574728995
0,IDONTWANT,921,939,1079.3457574728995
0,IDONTWANT,921,56,1079.3457574728995
0,IDONTWANT,113,846,1083.9720292183101
0,IDONTWANT,113,895,1083.9720292183101
0,IDONTWANT,113,217,1083.9720292183101
0,IDONTWANT,113,28,1083.9720292183101
0,IDONTWANT,245,498,1088.1112739580844
0,IDONTWANT,245,276,1088.1112739580844
0,IDONTWANT,245,996,1088.1112739580844
0,IDONTWANT,245,689,1088.1112739580844
0,IDONTWANT,437,314,1088.1278015275898
0,IDONTWANT,437,427,1088.1278015275898
0,IDONTWANT,437,977,1088.1278015275898
0,IDONTWANT,437,52,1088.1278015275898
0,IDONTWANT,533,411,1101.127841213261
0,IDONTWANT,533,832,1101.127841213261
0,IDONTWANT,533,270,1101.127841213261
0,IDONTWANT,533,991,1101.127841213261
0,IDONTWANT,850,607,1102.1349796552386
0,IDONTWANT,850,838,1102.1349796552386
0,IDONTWANT,850,623,1102.1349796552386
0,IDONTWANT,850,987,1102.1349796552386
0,IDONTWANT,742,215,1117.4062706772283
0,IDONTWANT,742,290,1117.4062706772283
0,IDONTWANT,742,445,1117.4062706772283
0,IDONTWANT,742,350,1117.4062706772283
0,IDONTWANT,987,591,1120.0514514238826
0,IDONTWANT,987,295,1120.0514514238826
0,IDONTWANT,987,280,1120.0514514238826
0,IDONTWANT,987,249,1120.0514514238826
0,IDONTWANT,732,77,1149.1351999980657
0,IDONTWANT,732,184,1149.1351999980657
0,IDONTWANT,732,652,1149.1351999980657
0,IDONTWANT,732,369,1149.1351999980657
0,IDONTWANT,789,86,1155.0898617798205
0,IDONTWANT,789,300,1155.0898617798205
0,IDONTWANT,789,643,1155.0898617798205
0,IDONTWANT,602,579,1178.165793672605
0,IDONTWANT,602,221,1178.165793672605
0,IDONTWANT,602,732,1178.165793672605
0,IDONTWANT,602,883,1178.165793672605
0,IDONTWANT,8,643,1185.5607332209502
0,IDONTWANT,8,597,1185.5607332209502
0,IDONTWANT,8,971,1185.5607332209502
0,IDONTWANT,8,64,1185.5607332209502
0,IDONTWANT,216,742,1195.2731774163856
0,IDONTWANT,216,634,1195.2731774163856
0,IDONTWANT,216,659,1195.2731774163856
0,IDONTWANT,216,148,1195.2731774163856
0,IDONTWANT,557,272,1196.0442088277973
0,IDONTWANT,557,652,1196.0442088277973
0,IDONTWANT,557,568,1196.0442088277973
0,IDONTWANT,557,696,1196.0442088277973
0,IDONTWANT,744,847,1207.777408819837
0,IDONTWANT,744,296,1207.777408819837
0,IDONTWANT,744,299,1207.777408819837
0,IDONTWANT,744,363,1207.777408819837
0,IDONTWANT,444,116,1236.5855920458791
0,IDONTWANT,444,841,1236.5855920458791
0,IDONTWANT,444,92,1236.5855920458791
0,IDONTWANT,444,415,1236.5855920458791
0,IDONTWANT,77,777,1254.2906380582142
0,IDONTWANT,77,541,1254.2906380582142
0,IDONTWANT,77,306,1254.2906380582142
0,IDONTWANT,77,659,1254.2906380582142
0,IDONTWANT,275,152,1254.840320826202
0,IDONTWANT,275,255,1254.840320826202
0,IDONTWANT,275,995,1254.840320826202
0,IDONTWANT,275,272,1254.840320826202
0,IDONTWANT,306,869,1258.511730993056
0,IDONTWANT,306,221,1258.511730993056
0,IDONTWANT,306,94,1258.511730993056
0,IDONTWANT,306,277,1258.511730993056
0,IDONTWANT,553,107,1269.4384460800488
0,IDONTWANT,553,267,1269.4384460800488
0,IDONTWANT,553,237,1269.4384460800488
0,IDONTWANT,553,660,1269.4384460800488
0,IDONTWANT,931,456,1290.4147450320834
0,IDONTWANT,931,992,1290.4147450320834
0,IDONTWANT,931,528,1290.4147450320834
0,IDONTWANT,931,73,1290.4147450320834
0,IDONTWANT,291,171,1305.8284376405536
0,IDONTWANT,291,659,1305.8284376405536
0,IDONTWANT,291,165,1305.8284376405536
0,IDONTWANT,291,76,1305.8284376405536
0,IDONTWANT,720,80,1310.6793506678255
0,IDONTWANT,720,760,1310.6793506678255
0,IDONTWANT,720,860,1310.6793506678255
0,IDONTWANT,720,449,1310.6793506678255
0,IDONTWANT,231,817,1312.7346531722833
0,IDONTWANT,231,71,1312.7346531722833
0,IDONTWANT,231,767,1312.7346531722833
0,IDONTWANT,231,955,1312.7346531722833
0,IDONTWANT,350,428,1437.3506775357903
0,IDONTWANT,350,933,1437.3506775357903
0,IDONTWANT,350,682,1437.3506775357903
0,IDONTWANT,350,57,1437.3506775357903
0,IDONTWANT,176,727,1447.759468996667
0,IDONTWANT,176,245,1447.759468996667
0,IDONTWANT,176,961,1447.759468996667
0,IDONTWANT,176,112,1447.759468996667
0,IDONTWANT,180,211,1612.2577879898095
0,IDONTWANT,180,297,1612.2577879898095
0,IDONTWANT,180,457,1612.2577879898095
1,IDONTWANT,502,652,219.5371266572164
1,IDONTWANT,502,959,219.5371266572164
1,IDONTWANT,502,284,219.5371266572164
1,IDONTWANT,502,696,219.5371266572164
1,IDONTWANT,21,185,219.59915690247496
1,IDONTWANT,21,716,219.59915690247496
1,IDONTWANT,21,799,219.59915690247496
1,IDONTWANT,21,250,219.59915690247496
1,IDONTWANT,636,253,284.69824309628336
1,IDONTWANT,636,741,284.69824309628336
1,IDONTWANT,636,334,284.69824309628336
1,IDONTWANT,636,617,284.69824309628336
1,IDONTWANT,430,636,284.77403455848776
1,IDONTWANT,430,319,284.77403455848776
1,IDONTWANT,430,79,284.77403455848776
1,IDONTWANT,430,208,284.77403455848776
1,IDONTWANT,652,718,284.9242193421679
1,IDONTWANT,652,587,284.9242193421679
1,IDONTWANT,652,601,284.9242193421679
1,IDONTWANT,652,768,284.9242193421679
1,IDONTWANT,324,733,341.0024921249483
1,IDONTWANT,324,311,341.0024921249483
1,IDONTWANT,324,986,341.0024921249483
1,IDONTWANT,324,131,341.0024921249483
1,IDONTWANT,397,333,358.55631846553587
1,IDONTWANT,397,164,358.55631846553587
1,IDONTWANT,397,437,358.55631846553587
1,IDONTWANT,397,905,358.55631846553587
1,IDONTWANT,252,840,377.5575043917007
1,IDONTWANT,252,519,377.5575043917007
1,IDONTWANT,252,992,377.5575043917007
1,IDONTWANT,252,461,377.5575043917007
1,IDONTWANT,142,402,380.38837911581123
1,IDONTWANT,142,453,380.38837911581123
1,IDONTWANT,142,324,380.38837911581123
1,IDONTWANT,142,74,380.38837911581123
1,IDONTWANT,108,674,394.67430551346513
1,IDONTWANT,108,960,394.67430551346513
1,IDONTWANT,108,359,394.67430551346513
1,IDONTWANT,108,160,394.67430551346513
1,IDONTWANT,538,254,400.21587896191875
1,IDONTWANT,538,169,400.21587896191875
1,IDONTWANT,538,926,400.21587896191875
1,IDONTWANT,538,0,400.21587896191875
1,IDONTWANT,230,502,401.2885099614505
1,IDONTWANT,230,271,401.2885099614505
1,IDONTWANT,230,3,401.2885099614505
1,IDONTWANT,230,468,401.2885099614505
1,IDONTWANT,79,268,405.91868859520235
1,IDONTWANT,79,531,405.91868859520235
1,IDONTWANT,79,376,405.91868859520235
1,IDONTWANT,79,931,405.91868859520235
1,IDONTWANT,276,447,416.8438486904628
1,IDONTWANT,276,524,416.8438486904628
1,IDONTWANT,276,324,416.8438486904628
1,IDONTWANT,276,194,416.8438486904628
1,IDONTWANT,981,170,424.8164728323349
1,IDONTWANT,981,123,424.8164728323349
1,IDONTWANT,981,61,424.8164728323349
1,IDONTWANT,981,608,424.8164728323349
1,IDONTWANT,313,502,425.4009761223199
1,IDONTWANT,313,0,425.4009761223199
1,IDONTWANT,313,74,425.4009761223199
1,IDONTWANT,313,401,425.4009761223199
1,IDONTWANT,799,972,425.96825122160044
1,IDONTWANT,799,588,425.96825122160044
1,IDONTWANT,799,745,425.96825122160044
1,IDONTWANT,799,449,425.96825122160044
1,IDONTWANT,716,622,427.5705056481713
1,IDONTWANT,716,801,427.5705056481713
1,IDONTWANT,716,92,427.5705056481713
1,IDONTWANT,716,684,427.5705056481713
1,IDONTWANT,458,652,436.37772312888114
1,IDONTWANT,458,397,436.37772312888114
1,IDONTWANT,458,88,436.37772312888114
1,IDONTWANT,458,926,436.37772312888114
1,IDONTWANT,402,472,441.7578979813823
1,IDONTWANT,402,636,441.7578979813823
1,IDONTWANT,402,913,441.7578979813823
1,IDONTWANT,402,691,441.7578979813823
1,IDONTWANT,3,60,441.7609767807612
1,IDONTWANT,3,932,441.7609767807612
1,IDONTWANT,3,520,441.7609767807612
1,IDONTWANT,3,220,441.7609767807612
1,IDONTWANT,651,248,442.7738348937358
1,IDONTWANT,651,930,442.7738348937358
1,IDONTWANT,651,874,442.7738348937358
1,IDONTWANT,651,440,442.7738348937358
1,IDONTWANT,718,651,447.26046840185745
1,IDONTWANT,718,859,447.26046840185745
1,IDONTWANT,718,304,447.26046840185745
1,IDONTWANT,718,202,447.26046840185745
1,IDONTWANT,992,375,451.1864263013915
1,IDONTWANT,992,471,451.1864263013915
1,IDONTWANT,992,913,451.1864263013915
1,IDONTWANT,992,561,451.1864263013915
1,IDONTWANT,78,885,451.36578788902864
1,IDONTWANT,78,94,451.36578788902864
1,IDONTWANT,78,713,451.36578788902864
1,IDONTWANT,78,866,451.36578788902864
1,IDONTWANT,472,797,452.4136772386245
1,IDONTWANT,472,313,452.4136772386245
1,IDONTWANT,472,665,452.4136772386245
1,IDONTWANT,472,430,452.4136772386245
1,IDONTWANT,311,436,465.25821424078947
1,IDONTWANT,311,727,465.25821424078947
1,IDONTWANT,311,783,465.25821424078947
1,IDONTWANT,311,918,465.25821424078947
1,IDONTWANT,892,421,465.49044961385346
1,IDONTWANT,892,252,465.49044961385346
1,IDONTWANT,892,159,465.49044961385346
1,IDONTWANT,892,26,465.49044961385346
1,IDONTWANT,958,538,467.5758582955214
1,IDONTWANT,958,37,467.5758582955214
1,IDONTWANT,958,405,467.5758582955214
1,IDONTWANT,958,994,467.5758582955214
1,IDONTWANT,44,412,476.49610452171015
1,IDONTWANT,44,563,476.49610452171015
1,IDONTWANT,44,285,476.49610452171015
1,IDONTWANT,44,905,476.49610452171015
1,IDONTWANT,650,756,477.6820875974137
1,IDONTWANT,650,414,477.6820875974137
1,IDONTWANT,650,5,477.6820875974137
1,IDONTWANT,650,759,477.6820875974137
1,IDONTWANT,497,467,479.23495024094643
1,IDONTWANT,497,147,479.23495024094643
1,IDONTWANT,497,260,479.23495024094643
1,IDONTWANT,497,515,479.23495024094643
1,IDONTWANT,453,392,480.8487505739845
1,IDONTWANT,453,503,480.8487505739845
1,IDONTWANT,453,772,480.8487505739845
1,IDONTWANT,453,825,480.8487505739845
1,IDONTWANT,840,252,484.728085968595
1,IDONTWANT,840,45,484.728085968595
1,IDONTWANT,840,945,484.728085968595
1,IDONTWANT,840,505,484.728085968595
1,IDONTWANT,519,34,486.29817672849765
1,IDONTWANT,519,226,486.29817672849765
1,IDONTWANT,519,152,486.29817672849765
1,IDONTWANT,519,297,486.29817672849765
1,IDONTWANT,359,538,486.44729177608406
1,IDONTWANT,359,765,486.44729177608406
1,IDONTWANT,359,479,486.44729177608406
1,IDONTWANT,359,32,486.44729177608406
1,IDONTWANT,253,276,486.53838313669587
1,IDONTWANT,253,397,486.53838313669587
1,IDONTWANT,253,214,486.53838313669587
1,IDONTWANT,253,939,486.53838313669587
1,IDONTWANT,674,812,487.07482210481237
1,IDONTWANT,674,849,487.07482210481237
1,IDONTWANT,674,378,487.07482210481237
1,IDONTWANT,674,534,487.07482210481237
1,IDONTWANT,659,718,487.58748399716285
1,IDONTWANT,659,100,487.58748399716285
1,IDONTWANT,659,917,487.58748399716285
1,IDONTWANT,659,429,487.58748399716285
1,IDONTWANT,665,894,489.3519557784669
1,IDONTWANT,665,187,489.3519557784669
1,IDONTWANT,665,916,489.3519557784669
1,IDONTWANT,665,671,489.3519557784669
1,IDONTWANT,622,175,489.7571025091913
1,IDONTWANT,622,388,489.7571025091913
1,IDONTWANT,622,906,489.7571025091913
1,IDONTWANT,622,646,489.7571025091913
1,IDONTWANT,152,442,492.6884405914646
1,IDONTWANT,152,528,492.6884405914646
1,IDONTWANT,152,414,492.6884405914646
1,IDONTWANT,152,348,492.6884405914646
1,IDONTWANT,34,681,494.16536176892544
1,IDONTWANT,34,67,494.16536176892544
1,IDONTWANT,34,63,494.16536176892544
1,IDONTWANT,34,749,494.16536176892544
1,IDONTWANT,447,52,494.1901781273832
1,IDONTWANT,447,565,494.1901781273832
1,IDONTWANT,447,145,494.1901781273832
1,IDONTWANT,447,657,494.1901781273832
1,IDONTWANT,370,197,494.2214915421463
1,IDONTWANT,370,331,494.2214915421463
1,IDONTWANT,370,373,494.2214915421463
1,IDONTWANT,370,756,494.2214915421463
1,IDONTWANT,531,98,497.5586454532132
1,IDONTWANT,531,65,497.5586454532132
1,IDONTWANT,531,654,497.5586454532132
1,IDONTWANT,531,148,497.5586454532132
1,IDONTWANT,740,374,504.74514327124984
1,IDONTWANT,740,349,504.74514327124984
1,IDONTWANT,740,485,504.74514327124984
1,IDONTWANT,740,798,504.74514327124984
1,IDONTWANT,202,332,507.2794725824703
1,IDONTWANT,202,251,507.2794725824703
1,IDONTWANT,202,35,507.2794725824703
1,IDONTWANT,202,989,507.2794725824703
1,IDONTWANT,60,107,508.5941784779279
1,IDONTWANT,60,494,508.5941784779279
1,IDONTWANT,60,650,508.5941784779279
1,IDONTWANT,60,411,508.5941784779279
1,IDONTWANT,906,452,512.0987039065903
1,IDONTWANT,906,826,512.0987039065903
1,IDONTWANT,906,519,512.0987039065903
1,IDONTWANT,906,349,512.0987039065903
1,IDONTWANT,137,490,513.2775699208394
1,IDONTWANT,137,520,513.2775699208394
1,IDONTWANT,137,965,513.2775699208394
1,IDONTWANT,137,254,513.2775699208394
1,IDONTWANT,801,990,513.3676571677427
1,IDONTWANT,801,817,513.3676571677427
1,IDONTWANT,801,119,513.3676571677427
1,IDONTWANT,801,371,513.3676571677427
1,IDONTWANT,494,854,515.8035607351261
1,IDONTWANT,494,359,515.8035607351261
1,IDONTWANT,494,626,515.8035607351261
1,IDONTWANT,494,775,515.8035607351261
1,IDONTWANT,587,34,516.6717777982348
1,IDONTWANT,587,35,516.6717777982348
1,IDONTWANT,587,973,516.6717777982348
1,IDONTWANT,587,869,516.6717777982348
1,IDONTWANT,226,136,516.8313361711024
1,IDONTWANT,226,653,516.8313361711024
1,IDONTWANT,226,370,516.8313361711024
1,IDONTWANT,226,983,516.8313361711024
1,IDONTWANT,2,549,517.6104584142345
1,IDONTWANT,2,97,517.6104584142345
1,IDONTWANT,2,375,517.6104584142345
1,IDONTWANT,2,597,517.6104584142345
1,IDONTWANT,756,623,520.7124770524669
1,IDONTWANT,756,785,520.7124770524669
1,IDONTWANT,756,673,520.7124770524669
1,IDONTWANT,756,61,520.7124770524669
1,IDONTWANT,82,338,521.3189739757859
1,IDONTWANT,82,652,521.3189739757859
1,IDONTWANT,82,229,521.3189739757859
1,IDONTWANT,82,628,521.3189739757859
1,IDONTWANT,623,239,521.8601056719737
1,IDONTWANT,623,967,521.8601056719737
1,IDONTWANT,623,471,521.8601056719737
1,IDONTWANT,623,129,521.8601056719737
1,IDONTWANT,392,327,527.4427885626072
1,IDONTWANT,392,472,527.4427885626072
1,IDONTWANT,392,370,527.4427885626072
1,IDONTWANT,392,803,527.4427885626072
1,IDONTWANT,405,799,527.6957318237676
1,IDONTWANT,405,862,527.6957318237676
1,IDONTWANT,405,300,527.6957318237676
1,IDONTWANT,405,286,527.6957318237676
1,IDONTWANT,581,878,529.7788957683887
1,IDONTWANT,581,605,529.7788957683887
1,IDONTWANT,581,781,529.7788957683887
1,IDONTWANT,581,372,529.7788957683887
1,IDONTWANT,272,774,532.0223444052295
1,IDONTWANT,272,282,532.0223444052295
1,IDONTWANT,272,875,532.0223444052295
1,IDONTWANT,272,49,532.0223444052295
1,IDONTWANT,374,35,533.3327884192676
1,IDONTWANT,374,476,533.3327884192676
1,IDONTWANT,374,64,533.3327884192676
1,IDONTWANT,374,823,533.3327884192676
1,IDONTWANT,11,137,533.8456017636474
1,IDONTWANT,11,297,533.8456017636474
1,IDONTWANT,11,430,533.8456017636474
1,IDONTWANT,11,148,533.8456017636474
1,IDONTWANT,239,933,534.6409725456772
1,IDONTWANT,239,701,534.6409725456772
1,IDONTWANT,239,295,534.6409725456772
1,IDONTWANT,239,786,534.6409725456772
1,IDONTWANT,772,581,536.2382536023263
1,IDONTWANT,772,534,536.2382536023263
1,IDONTWANT,772,40,536.2382536023263
1,IDONTWANT,772,845,536.2382536023263
1,IDONTWANT,461,878,536.2924792832397
1,IDONTWANT,461,227,536.2924792832397
1,IDONTWANT,461,636,536.2924792832397
1,IDONTWANT,461,414,536.2924792832397
1,IDONTWANT,12,554,539.74944050596
1,IDONTWANT,12,121,539.74944050596
1,IDONTWANT,12,585,539.74944050596
1,IDONTWANT,12,316,539.74944050596
1,IDONTWANT,214,611,541.8924007918914
1,IDONTWANT,214,399,541.8924007918914
1,IDONTWANT,214,783,541.8924007918914
1,IDONTWANT,214,334,541.8924007918914
1,IDONTWANT,74,529,542.1171790221578
1,IDONTWANT,74,23,542.1171790221578
1,IDONTWANT,74,211,542.1171790221578
1,IDONTWANT,74,974,542.1171790221578
1,IDONTWANT,464,42,543.9761705794186
1,IDONTWANT,464,409,543.9761705794186
1,IDONTWANT,464,962,543.9761705794186
1,IDONTWANT,464,531,543.9761705794186
1,IDONTWANT,235,76,544.0850601455679
1,IDONTWANT,235,867,544.0850601455679
1,IDONTWANT,235,272,544.0850601455679
1,IDONTWANT,235,241,544.0850601455679
1,IDONTWANT,334,252,544.1662868194845
1,IDONTWANT,334,29,544.1662868194845
1,IDONTWANT,334,984,544.1662868194845
1,IDONTWANT,334,422,544.1662868194845
1,IDONTWANT,931,456,544.477961851042
1,IDONTWANT,931,992,544.477961851042
1,IDONTWANT,931,528,544.477961851042
1,IDONTWANT,931,73,544.477961851042
1,IDONTWANT,468,906,546.718912811255
1,IDONTWANT,468,576,546.718912811255
1,IDONTWANT,468,863,546.718912811255
1,IDONTWANT,468,776,546.718912811255
1,IDONTWANT,932,123,546.7939678924723
1,IDONTWANT,932,365,546.7939678924723
1,IDONTWANT,932,731,546.7939678924723
1,IDONTWANT,932,250,546.7939678924723
1,IDONTWANT,849,99,547.375443982746
1,IDONTWANT,849,970,547.375443982746
1,IDONTWANT,849,457,547.375443982746
1,IDONTWANT,849,785,547.375443982746
1,IDONTWANT,50,239,548.0886784718188
1,IDONTWANT,50,12,548.0886784718188
1,IDONTWANT,50,497,548.0886784718188
1,IDONTWANT,50,852,548.0886784718188
1,IDONTWANT,332,661,548.1084307513436
1,IDONTWANT,332,860,548.1084307513436
1,IDONTWANT,332,905,548.1084307513436
1,IDONTWANT,332,248,548.1084307513436
1,IDONTWANT,967,647,549.0139896673973
1,IDONTWANT,967,11,549.0139896673973
1,IDONTWANT,967,373,549.0139896673973
1,IDONTWANT,967,111,549.0139896673973
1,IDONTWANT,933,836,550.8082682698646
1,IDONTWANT,933,849,550.8082682698646
1,IDONTWANT,933,886,550.8082682698646
1,IDONTWANT,933,935,550.8082682698646
1,IDONTWANT,544,204,550.9214664828557
1,IDONTWANT,544,530,550.9214664828557
1,IDONTWANT,544,623,550.9214664828557
1,IDONTWANT,544,659,550.9214664828557
1,IDONTWANT,436,277,551.7843018165538
1,IDONTWANT,436,419,551.7843018165538
1,IDONTWANT,436,290,551.7843018165538
1,IDONTWANT,436,684,551.7843018165538
1,IDONTWANT,49,181,552.180562779367
1,IDONTWANT,49,155,552.180562779367
1,IDONTWANT,49,238,552.180562779367
1,IDONTWANT,49,675,552.180562779367
1,IDONTWANT,373,786,552.3294366154626
1,IDONTWANT,373,415,552.3294366154626
1,IDONTWANT,373,41,552.3294366154626
1,IDONTWANT,373,385,552.3294366154626
1,IDONTWANT,187,673,553.505083999832
1,IDONTWANT,187,507,553.505083999832
1,IDONTWANT,187,560,553.505083999832
1,IDONTWANT,187,855,553.505083999832
1,IDONTWANT,839,798,554.4192017220264
1,IDONTWANT,839,529,554.4192017220264
1,IDONTWANT,839,878,554.4192017220264
1,IDONTWANT,839,152,554.4192017220264
1,IDONTWANT,331,472,554.6683907693698
1,IDONTWANT,331,285,554.6683907693698
1,IDONTWANT,331,982,554.6683907693698
1,IDONTWANT,331,323,554.6683907693698
1,IDONTWANT,431,32,554.7270460685082
1,IDONTWANT,431,815,554.7270460685082
1,IDONTWANT,431,508,554.7270460685082
1,IDONTWANT,431,562,554.7270460685082
1,IDONTWANT,335,722,555.5501437476844
1,IDONTWANT,335,666,555.5501437476844
1,IDONTWANT,335,314,555.5501437476844
1,IDONTWANT,335,56,555.5501437476844
1,IDONTWANT,926,136,556.7878091929974
1,IDONTWANT,926,892,556.7878091929974
1,IDONTWANT,926,681,556.7878091929974
1,IDONTWANT,926,272,556.7878091929974
1,IDONTWANT,76,707,558.9086383813612
1,IDONTWANT,76,557,558.9086383813612
1,IDONTWANT,76,937,558.9086383813612
1,IDONTWANT,76,27,558.9086383813612
1,IDONTWANT,812,252,561.1427492649245
1,IDONTWANT,812,385,561.1427492649245
1,IDONTWANT,812,396,561.1427492649245
1,IDONTWANT,812,701,561.1427492649245
1,IDONTWANT,346,236,561.8267205007048
1,IDONTWANT,346,477,561.8267205007048
1,IDONTWANT,346,226,561.8267205007048
1,IDONTWANT,346,271,561.8267205007048
1,IDONTWANT,911,283,561.9062188822667
1,IDONTWANT,911,585,561.9062188822667
1,IDONTWANT,911,185,561.9062188822667
1,IDONTWANT,911,141,561.9062188822667
1,IDONTWANT,490,198,562.995088656221
1,IDONTWANT,490,134,562.995088656221
1,IDONTWANT,490,907,562.995088656221
1,IDONTWANT,490,504,562.995088656221
1,IDONTWANT,528,639,563.034942644254
1,IDONTWANT,528,849,563.034942644254
1,IDONTWANT,528,486,563.034942644254
1,IDONTWANT,528,162,563.034942644254
1,IDONTWANT,208,837,564.7263536788068
1,IDONTWANT,208,91,564.7263536788068
1,IDONTWANT,208,147,564.7263536788068
1,IDONTWANT,208,410,564.7263536788068
1,IDONTWANT,491,294,565.6126745696814
1,IDONTWANT,491,980,565.6126745696814
1,IDONTWANT,491,831,565.6126745696814
1,IDONTWANT,491,939,565.6126745696814
1,IDONTWANT,390,843,566.6401770672132
1,IDONTWANT,390,709,566.6401770672132
1,IDONTWANT,390,792,566.6401770672132
1,IDONTWANT,390,154,566.6401770672132
1,IDONTWANT,741,538,568.9626488070284
1,IDONTWANT,741,567,568.9626488070284
1,IDONTWANT,741,790,568.9626488070284
1,IDONTWANT,741,935,568.9626488070284
1,IDONTWANT,878,12,569.5164851403599
1,IDONTWANT,878,479,569.5164851403599
1,IDONTWANT,878,734,569.5164851403599
1,IDONTWANT,878,935,569.5164851403599
1,IDONTWANT,29,587,570.4886941587587
1,IDONTWANT,29,809,570.4886941587587
1,IDONTWANT,29,897,570.4886941587587
1,IDONTWANT,29,838,570.4886941587587
1,IDONTWANT,945,18,570.757613082137
1,IDONTWANT,945,857,570.757613082137
1,IDONTWANT,945,613,570.757613082137
1,IDONTWANT,945,652,570.757613082137
1,IDONTWANT,534,11,571.9492415564267
1,IDONTWANT,534,57,571.9492415564267
1,IDONTWANT,534,661,571.9492415564267
1,IDONTWANT,534,841,571.9492415564267
1,IDONTWANT,520,631,572.3196685261403
1,IDONTWANT,520,641,572.3196685261403
1,IDONTWANT,520,442,572.3196685261403
1,IDONTWANT,520,427,572.3196685261403
1,IDONTWANT,495,258,572.6870027504087
1,IDONTWANT,495,162,572.6870027504087
1,IDONTWANT,495,331,572.6870027504087
1,IDONTWANT,495,919,572.6870027504087
1,IDONTWANT,471,466,572.9063320860237
1,IDONTWANT,471,564,572.9063320860237
1,IDONTWANT,471,870,572.9063320860237
1,IDONTWANT,471,643,572.9063320860237
1,IDONTWANT,136,464,573.6442123375549
1,IDONTWANT,136,521,573.6442123375549
1,IDONTWANT,136,547,573.6442123375549
1,IDONTWANT,136,827,573.6442123375549
1,IDONTWANT,304,369,573.7327124364397
1,IDONTWANT,304,128,573.7327124364397
1,IDONTWANT,304,704,573.7327124364397
1,IDONTWANT,304,516,573.7327124364397
1,IDONTWANT,251,17,574.8113386645538
1,IDONTWANT,251,297,574.8113386645538
1,IDONTWANT,251,470,574.8113386645538
1,IDONTWANT,251,78,574.8113386645538
1,IDONTWANT,155,347,574.9579939467529
1,IDONTWANT,155,568,574.9579939467529
1,IDONTWANT,155,470,574.9579939467529
1,IDONTWANT,155,452,574.9579939467529
1,IDONTWANT,64,581,575.2139268757207
1,IDONTWANT,64,155,575.2139268757207
1,IDONTWANT,64,550,575.2139268757207
1,IDONTWANT,64,104,575.2139268757207
1,IDONTWANT,891,892,575.5147081789396
1,IDONTWANT,891,152,575.5147081789396
1,IDONTWANT,891,272,575.5147081789396
1,IDONTWANT,891,428,575.5147081789396
1,IDONTWANT,825,205,576.4234666417331
1,IDONTWANT,825,806,576.4234666417331
1,IDONTWANT,825,768,576.4234666417331
1,IDONTWANT,825,739,576.4234666417331
1,IDONTWANT,662,870,576.502800631281
1,IDONTWANT,662,433,576.502800631281
1,IDONTWANT,662,494,576.502800631281
1,IDONTWANT,662,466,576.502800631281
1,IDONTWANT,23,507,577.4141205532991
1,IDONTWANT,23,897,577.4141205532991
1,IDONTWANT,23,352,577.4141205532991
1,IDONTWANT,23,747,577.4141205532991
1,IDONTWANT,297,570,577.6010087571132
1,IDONTWANT,297,93,577.6010087571132
1,IDONTWANT,297,327,577.6010087571132
1,IDONTWANT,297,244,577.6010087571132
1,IDONTWANT,89,710,578.6177310788141
1,IDONTWANT,89,620,578.6177310788141
1,IDONTWANT,89,980,578.6177310788141
1,IDONTWANT,89,353,578.6177310788141
1,IDONTWANT,42,408,578.8390904486754
1,IDONTWANT,42,401,578.8390904486754
1,IDONTWANT,42,939,578.8390904486754
1,IDONTWANT,42,893,578.8390904486754
1,IDONTWANT,959,964,579.1465040005751
1,IDONTWANT,959,53,579.1465040005751
1,IDONTWANT,959,795,579.1465040005751
1,IDONTWANT,959,371,579.1465040005751
1,IDONTWANT,52,4,579.3175310384752
1,IDONTWANT,52,150,579.3175310384752
1,IDONTWANT,52,430,579.3175310384752
1,IDONTWANT,52,548,579.3175310384752
1,IDONTWANT,972,464,580.0615993107384
1,IDONTWANT,972,648,580.0615993107384
1,IDONTWANT,972,47,580.0615993107384
1,IDONTWANT,972,828,580.0615993107384
1,IDONTWANT,205,85,580.1776959299455
1,IDONTWANT,205,487,580.1776959299455
1,IDONTWANT,205,286,580.1776959299455
1,IDONTWANT,205,515,580.1776959299455
1,IDONTWANT,550,384,580.7499269877277
1,IDONTWANT,550,865,580.7499269877277
1,IDONTWANT,550,447,580.7499269877277
1,IDONTWANT,550,764,580.7499269877277
1,IDONTWANT,197,687,581.1464448406489
1,IDONTWANT,197,995,581.1464448406489
1,IDONTWANT,197,289,581.1464448406489
1,IDONTWANT,197,614,581.1464448406489
1,IDONTWANT,107,627,581.7620583028173
1,IDONTWANT,107,847,581.7620583028173
1,IDONTWANT,107,611,581.7620583028173
1,IDONTWANT,107,486,581.7620583028173
1,IDONTWANT,673,487,582.1708723639259
1,IDONTWANT,673,524,582.1708723639259
1,IDONTWANT,673,16,582.1708723639259
1,IDONTWANT,673,654,582.1708723639259
1,IDONTWANT,175,637,582.648669821228
1,IDONTWANT,175,132,582.648669821228
1,IDONTWANT,175,44,582.648669821228
1,IDONTWANT,175,540,582.648669821228
1,IDONTWANT,452,175,583.0483938135226
1,IDONTWANT,452,948,583.0483938135226
1,IDONTWANT,452,68,583.0483938135226
1,IDONTWANT,452,111,583.0483938135226
1,IDONTWANT,384,239,583.0666149043105
1,IDONTWANT,384,109,583.0666149043105
1,IDONTWANT,384,487,583.0666149043105
1,IDONTWANT,384,733,583.0666149043105
1,IDONTWANT,294,929,583.169364181541
1,IDONTWANT,294,341,583.169364181541
1,IDONTWANT,294,778,583.169364181541
1,IDONTWANT,294,461,583.169364181541
1,IDONTWANT,35,719,583.859580920019
1,IDONTWANT,35,318,583.859580920019
1,IDONTWANT,35,663,583.859580920019
1,IDONTWANT,35,592,583.859580920019
1,IDONTWANT,86,205,584.2635999242023
1,IDONTWANT,86,531,584.2635999242023
1,IDONTWANT,86,505,584.2635999242023
1,IDONTWANT,86,365,584.2635999242023
1,IDONTWANT,287,289,585.8167361487207
1,IDONTWANT,287,305,585.8167361487207
1,IDONTWANT,287,261,585.8167361487207
1,IDONTWANT,287,757,585.8167361487207
1,IDONTWANT,266,769,585.8569016142053
1,IDONTWANT,266,347,585.8569016142053
1,IDONTWANT,266,860,585.8569016142053
1,IDONTWANT,266,408,585.8569016142053
1,IDONTWANT,999,331,586.2225223314422
1,IDONTWANT,999,570,586.2225223314422
1,IDONTWANT,999,333,586.2225223314422
1,IDONTWANT,999,503,586.2225223314422
1,IDONTWANT,960,346,587.6172119276496
1,IDONTWANT,960,410,587.6172119276496
1,IDONTWANT,960,246,587.6172119276496
1,IDONTWANT,960,858,587.6172119276496
1,IDONTWANT,498,988,588.7386392560489
1,IDONTWANT,498,942,588.7386392560489
1,IDONTWANT,498,491,588.7386392560489
1,IDONTWANT,498,213,588.7386392560489
1,IDONTWANT,211,86,590.196477101998
1,IDONTWANT,211,600,590.196477101998
1,IDONTWANT,211,981,590.196477101998
1,IDONTWANT,211,542,590.196477101998
1,IDONTWANT,983,923,590.6194698315326
1,IDONTWANT,983,274,590.6194698315326
1,IDONTWANT,983,86,590.6194698315326
1,IDONTWANT,983,477,590.6194698315326
1,IDONTWANT,4,39,590.8034549147883
1,IDONTWANT,4,89,590.8034549147883
1,IDONTWANT,4,445,590.8034549147883
1,IDONTWANT,4,429,590.8034549147883
1,IDONTWANT,428,835,590.8436832475252
1,IDONTWANT,428,11,590.8436832475252
1,IDONTWANT,428,839,590.8436832475252
1,IDONTWANT,428,335,590.8436832475252
1,IDONTWANT,823,355,590.9442182401294
1,IDONTWANT,823,547,590.9442182401294
1,IDONTWANT,823,87,590.9442182401294
1,IDONTWANT,823,552,590.9442182401294
1,IDONTWANT,341,431,591.5361930690265
1,IDONTWANT,341,372,591.5361930690265
1,IDONTWANT,341,699,591.5361930690265
1,IDONTWANT,341,406,591.5361930690265
1,IDONTWANT,859,263,594.599243952114
1,IDONTWANT,859,326,594.599243952114
1,IDONTWANT,859,578,594.599243952114
1,IDONTWANT,859,238,594.599243952114
1,IDONTWANT,484,945,594.6827990474806
1,IDONTWANT,484,752,594.6827990474806
1,IDONTWANT,484,321,594.6827990474806
1,IDONTWANT,484,797,594.6827990474806
1,IDONTWANT,320,867,595.1036228102672
1,IDONTWANT,320,784,595.1036228102672
1,IDONTWANT,320,917,595.1036228102672
1,IDONTWANT,320,469,595.1036228102672
1,IDONTWANT,714,926,595.7285931836103
1,IDONTWANT,714,412,595.7285931836103
1,IDONTWANT,714,811,595.7285931836103
1,IDONTWANT,714,547,595.7285931836103
1,IDONTWANT,769,431,596.6784887844271
1,IDONTWANT,769,35,596.6784887844271
1,IDONTWANT,769,326,596.6784887844271
1,IDONTWANT,769,20,596.6784887844271
1,IDONTWANT,930,4,596.7391754637245
1,IDONTWANT,930,364,596.7391754637245
1,IDONTWANT,930,532,596.7391754637245
1,IDONTWANT,930,955,596.7391754637245
1,IDONTWANT,92,82,597.3029716386086
1,IDONTWANT,92,226,597.3029716386086
1,IDONTWANT,92,105,597.3029716386086
1,IDONTWANT,92,233,597.3029716386086
1,IDONTWANT,605,536,597.4995884569855
1,IDONTWANT,605,206,597.4995884569855
1,IDONTWANT,605,295,597.4995884569855
1,IDONTWANT,605,781,597.4995884569855
1,IDONTWANT,466,153,598.018174461202
1,IDONTWANT,466,252,598.018174461202
1,IDONTWANT,466,994,598.018174461202
1,IDONTWANT,466,743,598.018174461202
1,IDONTWANT,476,3,598.2073565680234
1,IDONTWANT,476,634,598.2073565680234
1,IDONTWANT,476,502,598.2073565680234
1,IDONTWANT,476,477,598.2073565680234
1,IDONTWANT,45,141,598.4414708358447
1,IDONTWANT,45,839,598.4414708358447
1,IDONTWANT,45,441,598.4414708358447
1,IDONTWANT,45,885,598.4414708358447
1,IDONTWANT,797,981,599.5321012851408
1,IDONTWANT,797,882,599.5321012851408
1,IDONTWANT,797,855,599.5321012851408
1,IDONTWANT,797,498,599.5321012851408
1,IDONTWANT,487,669,600.6716777045992
1,IDONTWANT,487,974,600.6716777045992
1,IDONTWANT,487,804,600.6716777045992
1,IDONTWANT,487,139,600.6716777045992
1,IDONTWANT,445,592,601.375820979762
1,IDONTWANT,445,905,601.375820979762
1,IDONTWANT,445,373,601.375820979762
1,IDONTWANT,445,472,601.375820979762
1,IDONTWANT,327,101,602.3866943682276
1,IDONTWANT,327,72,602.3866943682276
1,IDONTWANT,327,307,602.3866943682276
1,IDONTWANT,327,538,602.3866943682276
1,IDONTWANT,123,451,602.5253609943111
1,IDONTWANT,123,796,602.5253609943111
1,IDONTWANT,123,188,602.5253609943111
1,IDONTWANT,123,624,602.5253609943111
1,IDONTWANT,97,86,603.4006357301087
1,IDONTWANT,97,855,603.4006357301087
1,IDONTWANT,97,677,603.4006357301087
1,IDONTWANT,97,123,603.4006357301087
1,IDONTWANT,396,34,604.7854995353822
1,IDONTWANT,396,494,604.7854995353822
1,IDONTWANT,396,566,604.7854995353822
1,IDONTWANT,396,558,604.7854995353822
1,IDONTWANT,505,787,604.953674684758
1,IDONTWANT,505,544,604.953674684758
1,IDONTWANT,505,49,604.953674684758
1,IDONTWANT,505,652,604.953674684758
1,IDONTWANT,803,822,605.3461714908516
1,IDONTWANT,803,427,605.3461714908516
1,IDONTWANT,803,488,605.3461714908516
1,IDONTWANT,803,394,605.3461714908516
1,IDONTWANT,250,320,605.7810872104551
1,IDONTWANT,250,87,605.7810872104551
1,IDONTWANT,250,959,605.7810872104551
1,IDONTWANT,250,485,605.7810872104551
1,IDONTWANT,248,293,605.9127333235745
1,IDONTWANT,248,476,605.9127333235745
1,IDONTWANT,248,478,605.9127333235745
1,IDONTWANT,248,786,605.9127333235745
1,IDONTWANT,412,539,606.5017183601383
1,IDONTWANT,412,236,606.5017183601383
1,IDONTWANT,412,666,606.5017183601383
1,IDONTWANT,412,828,606.5017183601383
1,IDONTWANT,375,943,606.576082857527
1,IDONTWANT,375,63,606.576082857527
1,IDONTWANT,375,263,606.576082857527
1,IDONTWANT,375,199,606.576082857527
1,IDONTWANT,249,121,607.5898964232168
1,IDONTWANT,249,916,607.5898964232168
1,IDONTWANT,249,563,607.5898964232168
1,IDONTWANT,249,204,607.5898964232168
1,IDONTWANT,121,514,607.7111750081306
1,IDONTWANT,121,134,607.7111750081306
1,IDONTWANT,121,545,607.7111750081306
1,IDONTWANT,121,156,607.7111750081306
1,IDONTWANT,347,779,607.8055839052532
1,IDONTWANT,347,911,607.8055839052532
1,IDONTWANT,347,302,607.8055839052532
1,IDONTWANT,347,111,607.8055839052532
1,IDONTWANT,503,335,607.9682167648618
1,IDONTWANT,503,917,607.9682167648618
1,IDONTWANT,503,385,607.9682167648618
1,IDONTWANT,503,172,607.9682167648618
1,IDONTWANT,410,593,608.2359141088641
1,IDONTWANT,410,192,608.2359141088641
1,IDONTWANT,410,334,608.2359141088641
1,IDONTWANT,410,66,608.2359141088641
1,IDONTWANT,61,64,608.8963901028746
1,IDONTWANT,61,196,608.8963901028746
1,IDONTWANT,61,69,608.8963901028746
1,IDONTWANT,61,214,608.8963901028746
1,IDONTWANT,885,643,609.7571317473847
1,IDONTWANT,885,76,609.7571317473847
1,IDONTWANT,885,463,609.7571317473847
1,IDONTWANT,885,996,609.7571317473847
1,IDONTWANT,164,839,610.0345574953882
1,IDONTWANT,164,969,610.0345574953882
1,IDONTWANT,164,265,610.0345574953882
1,IDONTWANT,164,416,610.0345574953882
1,IDONTWANT,663,20,610.3380751565885
1,IDONTWANT,663,636,610.3380751565885
1,IDONTWANT,663,880,610.3380751565885
1,IDONTWANT,663,419,610.3380751565885
1,IDONTWANT,927,254,610.3948179293327
1,IDONTWANT,927,190,610.3948179293327
1,IDONTWANT,927,576,610.3948179293327
1,IDONTWANT,927,851,610.3948179293327
1,IDONTWANT,815,705,610.7565356086052
1,IDONTWANT,815,1,610.7565356086052
1,IDONTWANT,815,329,610.7565356086052
1,IDONTWANT,815,269,610.7565356086052
1,IDONTWANT,512,149,611.8537560863393
1,IDONTWANT,512,368,611.8537560863393
1,IDONTWANT,512,338,611.8537560863393
1,IDONTWANT,512,783,611.8537560863393
1,IDONTWANT,588,933,611.9518548495167
1,IDONTWANT,588,832,611.9518548495167
1,IDONTWANT,588,772,611.9518548495167
1,IDONTWANT,588,650,611.9518548495167
1,IDONTWANT,263,310,612.3457641155476
1,IDONTWANT,263,745,612.3457641155476
1,IDONTWANT,263,144,612.3457641155476
1,IDONTWANT,263,427,612.3457641155476
1,IDONTWANT,783,223,612.8538775411665
1,IDONTWANT,783,891,612.8538775411665
1,IDONTWANT,783,124,612.8538775411665
1,IDONTWANT,783,132,612.8538775411665
1,IDONTWANT,286,174,613.1901482724214
1,IDONTWANT,286,484,613.1901482724214
1,IDONTWANT,286,425,613.1901482724214
1,IDONTWANT,286,352,613.1901482724214
1,IDONTWANT,836,217,613.2659106625892
1,IDONTWANT,836,196,613.2659106625892
1,IDONTWANT,836,94,613.2659106625892
1,IDONTWANT,836,185,613.2659106625892
1,IDONTWANT,977,36,613.5150914121544
1,IDONTWANT,977,636,613.5150914121544
1,IDONTWANT,977,102,613.5150914121544
1,IDONTWANT,977,256,613.5150914121544
1,IDONTWANT,643,445,613.7666665029569
1,IDONTWANT,643,280,613.7666665029569
1,IDONTWANT,643,200,613.7666665029569
1,IDONTWANT,643,111,613.7666665029569
1,IDONTWANT,204,187,613.8250408481133
1,IDONTWANT,204,1,613.8250408481133
1,IDONTWANT,204,344,613.8250408481133
1,IDONTWANT,204,391,613.8250408481133
1,IDONTWANT,872,305,615.259442786438
1,IDONTWANT,872,603,615.259442786438
1,IDONTWANT,872,605,615.259442786438
1,IDONTWANT,872,451,615.259442786438
1,IDONTWANT,913,235,615.7582213469991
1,IDONTWANT,913,728,615.7582213469991
1,IDONTWANT,913,179,615.7582213469991
1,IDONTWANT,913,201,615.7582213469991
1,IDONTWANT,969,443,616.3967667830166
1,IDONTWANT,969,205,616.3967667830166
1,IDONTWANT,969,516,616.3967667830166
1,IDONTWANT,969,685,616.3967667830166
1,IDONTWANT,745,848,616.6045088128877
1,IDONTWANT,745,505,616.6045088128877
1,IDONTWANT,745,413,616.6045088128877
1,IDONTWANT,745,341,616.6045088128877
1,IDONTWANT,254,969,617.2518770728749
1,IDONTWANT,254,953,617.2518770728749
1,IDONTWANT,254,215,617.2518770728749
1,IDONTWANT,254,76,617.2518770728749
1,IDONTWANT,0,332,617.8439421521972
1,IDONTWANT,0,971,617.8439421521972
1,IDONTWANT,0,155,617.8439421521972
1,IDONTWANT,0,405,617.8439421521972
1,IDONTWANT,935,390,617.9512728441073
1,IDONTWANT,935,590,617.9512728441073
1,IDONTWANT,935,769,617.9512728441073
1,IDONTWANT,935,919,617.9512728441073
1,IDONTWANT,887,488,617.9848939841605
1,IDONTWANT,887,118,617.9848939841605
1,IDONTWANT,887,643,617.9848939841605
1,IDONTWANT,887,374,617.9848939841605
1,IDONTWANT,852,346,618.000011750622
1,IDONTWANT,852,205,618.000011750622
1,IDONTWANT,852,185,618.000011750622
1,IDONTWANT,852,387,618.000011750622
1,IDONTWANT,181,689,618.3518157580086
1,IDONTWANT,181,183,618.3518157580086
1,IDONTWANT,181,278,618.3518157580086
1,IDONTWANT,181,356,618.3518157580086
1,IDONTWANT,731,436,618.5518722875628
1,IDONTWANT,731,428,618.5518722875628
1,IDONTWANT,731,984,618.5518722875628
1,IDONTWANT,731,692,618.5518722875628
1,IDONTWANT,576,109,618.6585921021476
1,IDONTWANT,576,637,618.6585921021476
1,IDONTWANT,576,952,618.6585921021476
1,IDONTWANT,576,165,618.6585921021476
1,IDONTWANT,456,44,619.4405430927286
1,IDONTWANT,456,999,619.4405430927286
1,IDONTWANT,456,935,619.4405430927286
1,IDONTWANT,456,495,619.4405430927286
1,IDONTWANT,310,992,619.6805389516885
1,IDONTWANT,310,22,619.6805389516885
1,IDONTWANT,310,130,619.6805389516885
1,IDONTWANT,310,33,619.6805389516885
1,IDONTWANT,894,342,619.7670615360938
1,IDONTWANT,894,823,619.7670615360938
1,IDONTWANT,894,171,619.7670615360938
1,IDONTWANT,894,266,619.7670615360938
1,IDONTWANT,570,715,619.9696228449336
1,IDONTWANT,570,6,619.9696228449336
1,IDONTWANT,570,879,619.9696228449336
1,IDONTWANT,570,27,619.9696228449336
1,IDONTWANT,733,651,621.5276203429703
1,IDONTWANT,733,662,621.5276203429703
1,IDONTWANT,733,29,621.5276203429703
1,IDONTWANT,733,21,621.5276203429703
1,IDONTWANT,363,286,621.8053744858138
1,IDONTWANT,363,82,621.8053744858138
1,IDONTWANT,363,359,621.8053744858138
1,IDONTWANT,363,431,621.8053744858138
1,IDONTWANT,974,886,622.3155338821603
1,IDONTWANT,974,656,622.3155338821603
1,IDONTWANT,974,635,622.3155338821603
1,IDONTWANT,974,272,622.3155338821603
1,IDONTWANT,316,460,623.2381648100147
1,IDONTWANT,316,254,623.2381648100147
1,IDONTWANT,316,802,623.2381648100147
1,IDONTWANT,316,111,623.2381648100147
1,IDONTWANT,388,951,623.4069026571156
1,IDONTWANT,388,509,623.4069026571156
1,IDONTWANT,388,187,623.4069026571156
1,IDONTWANT,388,8,623.4069026571156
1,IDONTWANT,661,730,624.0138743312228
1,IDONTWANT,661,644,624.0138743312228
1,IDONTWANT,661,160,624.0138743312228
1,IDONTWANT,661,256,624.0138743312228
1,IDONTWANT,641,200,624.0317125514263
1,IDONTWANT,641,393,624.0317125514263
1,IDONTWANT,641,154,624.0317125514263
1,IDONTWANT,641,151,624.0317125514263
1,IDONTWANT,258,521,624.5964032080701
1,IDONTWANT,258,287,624.5964032080701
1,IDONTWANT,258,909,624.5964032080701
1,IDONTWANT,258,115,624.5964032080701
1,IDONTWANT,385,980,625.1013556257772
1,IDONTWANT,385,477,625.1013556257772
1,IDONTWANT,385,977,625.1013556257772
1,IDONTWANT,385,795,625.1013556257772
1,IDONTWANT,994,838,625.2794873188218
1,IDONTWANT,994,317,625.2794873188218
1,IDONTWANT,994,31,625.2794873188218
1,IDONTWANT,994,248,625.2794873188218
1,IDONTWANT,866,566,625.5696981659796
1,IDONTWANT,866,927,625.5696981659796
1,IDONTWANT,866,28,625.5696981659796
1,IDONTWANT,866,857,625.5696981659796
1,IDONTWANT,916,779,625.7340559800678
1,IDONTWANT,916,280,625.7340559800678
1,IDONTWANT,916,179,625.7340559800678
1,IDONTWANT,916,210,625.7340559800678
1,IDONTWANT,65,972,626.1028528945099
1,IDONTWANT,65,373,626.1028528945099
1,IDONTWANT,65,629,626.1028528945099
1,IDONTWANT,65,26,626.1028528945099
1,IDONTWANT,32,468,626.451246995573
1,IDONTWANT,32,71,626.451246995573
1,IDONTWANT,32,861,626.451246995573
1,IDONTWANT,32,96,626.451246995573
1,IDONTWANT,529,137,626.913880886162
1,IDONTWANT,529,14,626.913880886162
1,IDONTWANT,529,960,626.913880886162
1,IDONTWANT,529,821,626.913880886162
1,IDONTWANT,507,463,627.0908526224555
1,IDONTWANT,507,569,627.0908526224555
1,IDONTWANT,507,534,627.0908526224555
1,IDONTWANT,507,594,627.0908526224555
1,IDONTWANT,700,287,627.5473101135727
1,IDONTWANT,700,366,627.5473101135727
1,IDONTWANT,700,250,627.5473101135727
1,IDONTWANT,700,670,627.5473101135727
1,IDONTWANT,421,460,627.7369046091169
1,IDONTWANT,421,618,627.7369046091169
1,IDONTWANT,421,266,627.7369046091169
1,IDONTWANT,421,794,627.7369046091169
1,IDONTWANT,524,2,627.8446309070007
1,IDONTWANT,524,581,627.8446309070007
1,IDONTWANT,524,363,627.8446309070007
1,IDONTWANT,524,311,627.8446309070007
1,IDONTWANT,939,550,628.2874735930043
1,IDONTWANT,939,137,628.2874735930043
1,IDONTWANT,939,21,628.2874735930043
1,IDONTWANT,939,249,628.2874735930043
1,IDONTWANT,821,872,628.6266472755907
1,IDONTWANT,821,816,628.6266472755907
1,IDONTWANT,821,827,628.6266472755907
1,IDONTWANT,821,560,628.6266472755907
1,IDONTWANT,647,810,628.6591797209732
1,IDONTWANT,647,447,628.6591797209732
1,IDONTWANT,647,711,628.6591797209732
1,IDONTWANT,647,227,628.6591797209732
1,IDONTWANT,539,45,629.301738313298
1,IDONTWANT,539,63,629.301738313298
1,IDONTWANT,539,545,629.301738313298
1,IDONTWANT,539,25,629.301738313298
1,IDONTWANT,617,97,630.0236211698115
1,IDONTWANT,617,410,630.0236211698115
1,IDONTWANT,617,951,630.0236211698115
1,IDONTWANT,617,404,630.0236211698115
1,IDONTWANT,39,364,630.4164158609526
1,IDONTWANT,39,173,630.4164158609526
1,IDONTWANT,39,626,630.4164158609526
1,IDONTWANT,39,120,630.4164158609526
1,IDONTWANT,28,685,630.8230425843802
1,IDONTWANT,28,80,630.8230425843802
1,IDONTWANT,28,783,630.8230425843802
1,IDONTWANT,28,572,630.8230425843802
1,IDONTWANT,351,972,631.4981503424058
1,IDONTWANT,351,610,631.4981503424058
1,IDONTWANT,351,149,631.4981503424058
1,IDONTWANT,351,945,631.4981503424058
1,IDONTWANT,147,375,632.5766099587788
1,IDONTWANT,147,146,632.5766099587788
1,IDONTWANT,147,260,632.5766099587788
1,IDONTWANT,147,905,632.5766099587788
1,IDONTWANT,579,659,632.7536885449697
1,IDONTWANT,579,650,632.7536885449697
1,IDONTWANT,579,43,632.7536885449697
1,IDONTWANT,579,714,632.7536885449697
1,IDONTWANT,689,649,634.172834118801
1,IDONTWANT,689,197,634.172834118801
1,IDONTWANT,689,480,634.172834118801
1,IDONTWANT,689,657,634.172834118801
1,IDONTWANT,53,379,634.4596481341939
1,IDONTWANT,53,625,634.4596481341939
1,IDONTWANT,53,580,634.4596481341939
1,IDONTWANT,53,327,634.4596481341939
1,IDONTWANT,725,928,635.8939031546727
1,IDONTWANT,725,147,635.8939031546727
1,IDONTWANT,725,717,635.8939031546727
1,IDONTWANT,725,503,635.8939031546727
1,IDONTWANT,433,815,636.9249991043239
1,IDONTWANT,433,404,636.9249991043239
1,IDONTWANT,433,680,636.9249991043239
1,IDONTWANT,433,564,636.9249991043239
1,IDONTWANT,988,753,636.9766365325088
1,IDONTWANT,988,89,636.9766365325088
1,IDONTWANT,988,758,636.9766365325088
1,IDONTWANT,988,559,636.9766365325088
1,IDONTWANT,414,104,637.364275718044
1,IDONTWANT,414,4,637.364275718044
1,IDONTWANT,414,487,637.364275718044
1,IDONTWANT,414,905,637.364275718044
1,IDONTWANT,376,766,637.4346732604513
1,IDONTWANT,376,64,637.4346732604513
1,IDONTWANT,376,921,637.4346732604513
1,IDONTWANT,376,621,637.4346732604513
1,IDONTWANT,268,731,638.9075033169207
1,IDONTWANT,268,12,638.9075033169207
1,IDONTWANT,268,924,638.9075033169207
1,IDONTWANT,268,758,638.9075033169207
1,IDONTWANT,88,287,639.172506096808
1,IDONTWANT,88,484,639.172506096808
1,IDONTWANT,88,266,639.172506096808
1,IDONTWANT,88,199,639.172506096808
1,IDONTWANT,964,54,640.1322820004125
1,IDONTWANT,964,332,640.1322820004125
1,IDONTWANT,964,529,640.1322820004125
1,IDONTWANT,964,150,640.1322820004125
1,IDONTWANT,924,969,640.6868238806654
1,IDONTWANT,924,504,640.6868238806654
1,IDONTWANT,924,92,640.6868238806654
1,IDONTWANT,924,15,640.6868238806654
1,IDONTWANT,160,107,641.3379243043879
1,IDONTWANT,160,86,641.3379243043879
1,IDONTWANT,160,272,641.3379243043879
1,IDONTWANT,160,279,641.3379243043879
1,IDONTWANT,199,471,641.6163560877409
1,IDONTWANT,199,189,641.6163560877409
1,IDONTWANT,199,161,641.6163560877409
1,IDONTWANT,199,276,641.6163560877409
1,IDONTWANT,632,907,642.3935178705316
1,IDONTWANT,632,714,642.3935178705316
1,IDONTWANT,632,243,642.3935178705316
1,IDONTWANT,632,519,642.3935178705316
1,IDONTWANT,563,241,642.4698802920587
1,IDONTWANT,563,862,642.4698802920587
1,IDONTWANT,563,762,642.4698802920587
1,IDONTWANT,563,207,642.4698802920587
1,IDONTWANT,942,256,642.6258332285739
1,IDONTWANT,942,568,642.6258332285739
1,IDONTWANT,942,836,642.6258332285739
1,IDONTWANT,942,979,642.6258332285739
1,IDONTWANT,380,324,643.0043883100144
1,IDONTWANT,380,947,643.0043883100144
1,IDONTWANT,380,282,643.0043883100144
1,IDONTWANT,380,304,643.0043883100144
1,IDONTWANT,509,258,643.3215122621949
1,IDONTWANT,509,549,643.3215122621949
1,IDONTWANT,509,645,643.3215122621949
1,IDONTWANT,509,878,643.3215122621949
1,IDONTWANT,525,108,643.4544137135529
1,IDONTWANT,525,536,643.4544137135529
1,IDONTWANT,525,365,643.4544137135529
1,IDONTWANT,525,547,643.4544137135529
1,IDONTWANT,364,979,643.5384423251735
1,IDONTWANT,364,907,643.5384423251735
1,IDONTWANT,364,126,643.5384423251735
1,IDONTWANT,364,575,643.5384423251735
1,IDONTWANT,624,544,643.6780735449165
1,IDONTWANT,624,608,643.6780735449165
1,IDONTWANT,624,773,643.6780735449165
1,IDONTWANT,624,706,643.6780735449165
1,IDONTWANT,398,107,643.9035004060438
1,IDONTWANT,398,73,643.9035004060438
1,IDONTWANT,398,271,643.9035004060438
1,IDONTWANT,398,640,643.9035004060438
1,IDONTWANT,368,50,644.2909369722399
1,IDONTWANT,368,723,644.2909369722399
1,IDONTWANT,368,485,644.2909369722399
1,IDONTWANT,368,200,644.2909369722399
1,IDONTWANT,213,915,644.8231254991957
1,IDONTWANT,213,734,644.8231254991957
1,IDONTWANT,213,803,644.8231254991957
1,IDONTWANT,213,901,644.8231254991957
1,IDONTWANT,323,584,645.8968605612428
1,IDONTWANT,323,942,645.8968605612428
1,IDONTWANT,323,38,645.8968605612428
1,IDONTWANT,323,661,645.8968605612428
1,IDONTWANT,779,659,646.1154988095875
1,IDONTWANT,779,483,646.1154988095875
1,IDONTWANT,779,217,646.1154988095875
1,IDONTWANT,779,918,646.1154988095875
1,IDONTWANT,284,891,646.4198409115247
1,IDONTWANT,284,294,646.4198409115247
1,IDONTWANT,284,498,646.4198409115247
1,IDONTWANT,284,50,646.4198409115247
1,IDONTWANT,145,125,646.4821098599527
1,IDONTWANT,145,919,646.4821098599527
1,IDONTWANT,145,796,646.4821098599527
1,IDONTWANT,145,159,646.4821098599527
1,IDONTWANT,907,523,646.6267123959915
1,IDONTWANT,907,143,646.6267123959915
1,IDONTWANT,907,453,646.6267123959915
1,IDONTWANT,907,1,646.6267123959915
1,IDONTWANT,867,942,646.7116579466283
1,IDONTWANT,867,48,646.7116579466283
1,IDONTWANT,867,264,646.7116579466283
1,IDONTWANT,867,805,646.7116579466283
1,IDONTWANT,371,919,647.0438684245072
1,IDONTWANT,371,486,647.0438684245072
1,IDONTWANT,371,31,647.0438684245072
1,IDONTWANT,371,647,647.0438684245072
1,IDONTWANT,442,414,647.5569664775722
1,IDONTWANT,442,208,647.5569664775722
1,IDONTWANT,442,965,647.5569664775722
1,IDONTWANT,442,6,647.5569664775722
1,IDONTWANT,611,967,648.841827741064
1,IDONTWANT,611,162,648.841827741064
1,IDONTWANT,611,290,648.841827741064
1,IDONTWANT,611,835,648.841827741064
1,IDONTWANT,149,765,648.8710643568736
1,IDONTWANT,149,976,648.8710643568736
1,IDONTWANT,149,96,648.8710643568736
1,IDONTWANT,149,408,648.8710643568736
1,IDONTWANT,488,26,648.9003229226026
1,IDONTWANT,488,878,648.9003229226026
1,IDONTWANT,488,67,648.9003229226026
1,IDONTWANT,488,629,648.9003229226026
1,IDONTWANT,765,937,648.9151432561771
1,IDONTWANT,765,953,648.9151432561771
1,IDONTWANT,765,671,648.9151432561771
1,IDONTWANT,765,13,648.9151432561771
1,IDONTWANT,919,315,650.0407705422862
1,IDONTWANT,919,207,650.0407705422862
1,IDONTWANT,919,10,650.0407705422862
1,IDONTWANT,919,67,650.0407705422862
1,IDONTWANT,36,698,650.1030293661821
1,IDONTWANT,36,842,650.1030293661821
1,IDONTWANT,36,457,650.1030293661821
1,IDONTWANT,36,292,650.1030293661821
1,IDONTWANT,94,495,650.2089326819362
1,IDONTWANT,94,640,650.2089326819362
1,IDONTWANT,94,922,650.2089326819362
1,IDONTWANT,94,625,650.2089326819362
1,IDONTWANT,47,368,650.9499751435071
1,IDONTWANT,47,700,650.9499751435071
1,IDONTWANT,47,906,650.9499751435071
1,IDONTWANT,47,390,650.9499751435071
1,IDONTWANT,285,934,651.115376733613
1,IDONTWANT,285,950,651.115376733613
1,IDONTWANT,285,564,651.115376733613
1,IDONTWANT,285,130,651.115376733613
1,IDONTWANT,706,928,651.6979308146466
1,IDONTWANT,706,332,651.6979308146466
1,IDONTWANT,706,803,651.6979308146466
1,IDONTWANT,706,966,651.6979308146466
1,IDONTWANT,238,866,652.1910629420083
1,IDONTWANT,238,392,652.1910629420083
1,IDONTWANT,238,78,652.1910629420083
1,IDONTWANT,238,491,652.1910629420083
1,IDONTWANT,477,240,652.2211385094223
1,IDONTWANT,477,457,652.2211385094223
1,IDONTWANT,477,782,652.2211385094223
1,IDONTWANT,477,634,652.2211385094223
1,IDONTWANT,785,582,652.9219837764894
1,IDONTWANT,785,248,652.9219837764894
1,IDONTWANT,785,461,652.9219837764894
1,IDONTWANT,785,751,652.9219837764894
1,IDONTWANT,521,525,653.2135694101373
1,IDONTWANT,521,372,653.2135694101373
1,IDONTWANT,521,918,653.2135694101373
1,IDONTWANT,521,48,653.2135694101373
1,IDONTWANT,129,108,653.6078475970183
1,IDONTWANT,129,905,653.6078475970183
1,IDONTWANT,129,574,653.6078475970183
1,IDONTWANT,129,58,653.6078475970183
1,IDONTWANT,567,930,653.762378625731
1,IDONTWANT,567,873,653.762378625731
1,IDONTWANT,567,646,653.762378625731
1,IDONTWANT,567,944,653.762378625731
1,IDONTWANT,705,58,654.6584556620628
1,IDONTWANT,705,87,654.6584556620628
1,IDONTWANT,705,848,654.6584556620628
1,IDONTWANT,705,578,654.6584556620628
1,IDONTWANT,109,562,654.791525664836
1,IDONTWANT,109,135,654.791525664836
1,IDONTWANT,109,21,654.791525664836
1,IDONTWANT,109,14,654.791525664836
1,IDONTWANT,411,405,654.9162793625721
1,IDONTWANT,411,257,654.9162793625721
1,IDONTWANT,411,251,654.9162793625721
1,IDONTWANT,411,520,654.9162793625721
1,IDONTWANT,747,353,655.3981030724375
1,IDONTWANT,747,999,655.3981030724375
1,IDONTWANT,747,208,655.3981030724375
1,IDONTWANT,747,670,655.3981030724375
1,IDONTWANT,162,277,655.5693932245226
1,IDONTWANT,162,774,655.5693932245226
1,IDONTWANT,162,132,655.5693932245226
1,IDONTWANT,162,840,655.5693932245226
1,IDONTWANT,722,121,655.6827137666887
1,IDONTWANT,722,270,655.6827137666887
1,IDONTWANT,722,429,655.6827137666887
1,IDONTWANT,722,239,655.6827137666887
1,IDONTWANT,352,403,655.8687781154383
1,IDONTWANT,352,55,655.8687781154383
1,IDONTWANT,352,218,655.8687781154383
1,IDONTWANT,352,24,655.8687781154383
1,IDONTWANT,943,30,655.9822757877697
1,IDONTWANT,943,19,655.9822757877697
1,IDONTWANT,943,98,655.9822757877697
1,IDONTWANT,943,949,655.9822757877697
1,IDONTWANT,260,920,656.3091654629329
1,IDONTWANT,260,898,656.3091654629329
1,IDONTWANT,260,498,656.3091654629329
1,IDONTWANT,260,404,656.3091654629329
1,IDONTWANT,828,725,656.8960471757964
1,IDONTWANT,828,211,656.8960471757964
1,IDONTWANT,828,949,656.8960471757964
1,IDONTWANT,828,260,656.8960471757964
1,IDONTWANT,146,963,658.7634511260615
1,IDONTWANT,146,734,658.7634511260615
1,IDONTWANT,146,659,658.7634511260615
1,IDONTWANT,146,677,658.7634511260615
1,IDONTWANT,862,459,659.6963897947041
1,IDONTWANT,862,871,659.6963897947041
1,IDONTWANT,862,163,659.6963897947041
1,IDONTWANT,862,379,659.6963897947041
1,IDONTWANT,730,303,659.8547445709764
1,IDONTWANT,730,861,659.8547445709764
1,IDONTWANT,730,476,659.8547445709764
1,IDONTWANT,730,383,659.8547445709764
1,IDONTWANT,415,839,659.8597111129377
1,IDONTWANT,415,236,659.8597111129377
1,IDONTWANT,415,861,659.8597111129377
1,IDONTWANT,415,460,659.8597111129377
1,IDONTWANT,905,300,660.4678206693006
1,IDONTWANT,905,655,660.4678206693006
1,IDONTWANT,905,16,660.4678206693006
1,IDONTWANT,669,223,660.5620762710182
1,IDONTWANT,669,164,660.5620762710182
1,IDONTWANT,669,734,660.5620762710182
1,IDONTWANT,669,801,660.5620762710182
1,IDONTWANT,713,354,661.043006872998
1,IDONTWANT,713,804,661.043006872998
1,IDONTWANT,713,156,661.043006872998
1,IDONTWANT,713,213,661.043006872998
1,IDONTWANT,768,264,661.1009365877145
1,IDONTWANT,768,884,661.1009365877145
1,IDONTWANT,768,309,661.1009365877145
1,IDONTWANT,768,189,661.1009365877145
1,IDONTWANT,159,808,661.7788329720908
1,IDONTWANT,159,235,661.7788329720908
1,IDONTWANT,159,996,661.7788329720908
1,IDONTWANT,159,898,661.7788329720908
1,IDONTWANT,460,913,661.8755324838827
1,IDONTWANT,460,164,661.8755324838827
1,IDONTWANT,460,656,661.8755324838827
1,IDONTWANT,460,805,661.8755324838827
1,IDONTWANT,463,485,662.2415570101664
1,IDONTWANT,463,187,662.2415570101664
1,IDONTWANT,463,579,662.2415570101664
1,IDONTWANT,463,223,662.2415570101664
1,IDONTWANT,917,140,664.0403508739946
1,IDONTWANT,917,627,664.0403508739946
1,IDONTWANT,917,685,664.0403508739946
1,IDONTWANT,917,724,664.0403508739946
1,IDONTWANT,948,890,664.2122242777366
1,IDONTWANT,948,96,664.2122242777366
1,IDONTWANT,948,734,664.2122242777366
1,IDONTWANT,948,183,664.2122242777366
1,IDONTWANT,684,310,664.4272380699005
1,IDONTWANT,684,760,664.4272380699005
1,IDONTWANT,684,410,664.4272380699005
1,IDONTWANT,684,963,664.4272380699005
1,IDONTWANT,93,482,664.7770835878521
1,IDONTWANT,93,202,664.7770835878521
1,IDONTWANT,93,346,664.7770835878521
1,IDONTWANT,93,210,664.7770835878521
1,IDONTWANT,58,896,665.1589976222044
1,IDONTWANT,58,697,665.1589976222044
1,IDONTWANT,58,818,665.1589976222044
1,IDONTWANT,58,573,665.1589976222044
1,IDONTWANT,233,676,665.1922679719362
1,IDONTWANT,233,539,665.1922679719362
1,IDONTWANT,233,67,665.1922679719362
1,IDONTWANT,233,764,665.1922679719362
1,IDONTWANT,592,662,665.2687367303719
1,IDONTWANT,592,209,665.2687367303719
1,IDONTWANT,592,301,665.2687367303719
1,IDONTWANT,592,326,665.2687367303719
1,IDONTWANT,196,862,665.3059143155955
1,IDONTWANT,196,391,665.3059143155955
1,IDONTWANT,196,892,665.3059143155955
1,IDONTWANT,196,519,665.3059143155955
1,IDONTWANT,353,998,665.9082259978524
1,IDONTWANT,353,611,665.9082259978524
1,IDONTWANT,353,145,665.9082259978524
1,IDONTWANT,353,426,665.9082259978524
1,IDONTWANT,171,85,666.0776164851608
1,IDONTWANT,171,623,666.0776164851608
1,IDONTWANT,171,877,666.0776164851608
1,IDONTWANT,171,228,666.0776164851608
1,IDONTWANT,982,983,666.7412606962654
1,IDONTWANT,982,979,666.7412606962654
1,IDONTWANT,982,943,666.7412606962654
1,IDONTWANT,982,526,666.7412606962654
1,IDONTWANT,762,468,666.9294315760826
1,IDONTWANT,762,640,666.9294315760826
1,IDONTWANT,762,781,666.9294315760826
1,IDONTWANT,762,178,666.9294315760826
1,IDONTWANT,585,729,667.4892410960722
1,IDONTWANT,585,967,667.4892410960722
1,IDONTWANT,585,393,667.4892410960722
1,IDONTWANT,585,109,667.4892410960722
1,IDONTWANT,326,448,667.5398292492035
1,IDONTWANT,326,716,667.5398292492035
1,IDONTWANT,326,783,667.5398292492035
1,IDONTWANT,326,114,667.5398292492035
1,IDONTWANT,613,510,667.5958559107809
1,IDONTWANT,613,169,667.5958559107809
1,IDONTWANT,613,112,667.5958559107809
1,IDONTWANT,613,962,667.5958559107809
1,IDONTWANT,277,792,667.6148330288045
1,IDONTWANT,277,383,667.6148330288045
1,IDONTWANT,277,804,667.6148330288045
1,IDONTWANT,277,980,667.6148330288045
1,IDONTWANT,349,191,667.7224769234575
1,IDONTWANT,349,918,667.7224769234575
1,IDONTWANT,349,228,667.7224769234575
1,IDONTWANT,349,497,667.7224769234575
1,IDONTWANT,217,44,668.1000061663249
1,IDONTWANT,217,845,668.1000061663249
1,IDONTWANT,217,856,668.1000061663249
1,IDONTWANT,217,733,668.1000061663249
1,IDONTWANT,288,757,668.4614550805503
1,IDONTWANT,288,669,668.4614550805503
1,IDONTWANT,288,266,668.4614550805503
1,IDONTWANT,288,416,668.4614550805503
1,IDONTWANT,132,576,668.8154381161096
1,IDONTWANT,132,28,668.8154381161096
1,IDONTWANT,132,779,668.8154381161096
1,IDONTWANT,132,916,668.8154381161096
1,IDONTWANT,953,232,669.1498474526605
1,IDONTWANT,953,881,669.1498474526605
1,IDONTWANT,953,150,669.1498474526605
1,IDONTWANT,953,684,669.1498474526605
1,IDONTWANT,901,994,669.5805054973363
1,IDONTWANT,901,373,669.5805054973363
1,IDONTWANT,901,442,669.5805054973363
1,IDONTWANT,901,267,669.5805054973363
1,IDONTWANT,104,743,670.7738118745273
1,IDONTWANT,104,163,670.7738118745273
1,IDONTWANT,104,175,670.7738118745273
1,IDONTWANT,104,131,670.7738118745273
1,IDONTWANT,408,253,670.9121544254967
1,IDONTWANT,408,190,670.9121544254967
1,IDONTWANT,408,251,670.9121544254967
1,IDONTWANT,408,241,670.9121544254967
1,IDONTWANT,758,626,672.0869347362922
1,IDONTWANT,758,385,672.0869347362922
1,IDONTWANT,758,631,672.0869347362922
1,IDONTWANT,758,150,672.0869347362922
1,IDONTWANT,98,932,672.4612183768239
1,IDONTWANT,98,398,672.4612183768239
1,IDONTWANT,98,802,672.4612183768239
1,IDONTWANT,98,729,672.4612183768239
1,IDONTWANT,976,643,672.7931032474626
1,IDONTWANT,976,555,672.7931032474626
1,IDONTWANT,976,825,672.7931032474626
1,IDONTWANT,976,946,672.7931032474626
1,IDONTWANT,897,525,673.0565932714886
1,IDONTWANT,897,58,673.0565932714886
1,IDONTWANT,897,646,673.0565932714886
1,IDONTWANT,897,917,673.0565932714886
1,IDONTWANT,401,177,673.2539503400706
1,IDONTWANT,401,239,673.2539503400706
1,IDONTWANT,401,136,673.2539503400706
1,IDONTWANT,401,427,673.2539503400706
1,IDONTWANT,43,509,673.7043509546091
1,IDONTWANT,43,83,673.7043509546091
1,IDONTWANT,43,171,673.7043509546091
1,IDONTWANT,43,460,673.7043509546091
1,IDONTWANT,140,915,673.8817440127294
1,IDONTWANT,140,966,673.8817440127294
1,IDONTWANT,140,208,673.8817440127294
1,IDONTWANT,140,861,673.8817440127294
1,IDONTWANT,193,132,673.9302153818971
1,IDONTWANT,193,14,673.9302153818971
1,IDONTWANT,193,72,673.9302153818971
1,IDONTWANT,193,641,673.9302153818971
1,IDONTWANT,99,769,673.9821170204752
1,IDONTWANT,99,205,673.9821170204752
1,IDONTWANT,99,490,673.9821170204752
1,IDONTWANT,99,911,673.9821170204752
1,IDONTWANT,549,489,674.205515364712
1,IDONTWANT,549,733,674.205515364712
1,IDONTWANT,549,552,674.205515364712
1,IDONTWANT,549,6,674.205515364712
1,IDONTWANT,6,435,674.2389474657696
1,IDONTWANT,6,61,674.2389474657696
1,IDONTWANT,6,847,674.2389474657696
1,IDONTWANT,6,580,674.2389474657696
1,IDONTWANT,963,834,674.2829518345213
1,IDONTWANT,963,410,674.2829518345213
1,IDONTWANT,963,867,674.2829518345213
1,IDONTWANT,963,574,674.2829518345213
1,IDONTWANT,681,76,674.3078119499231
1,IDONTWANT,681,428,674.3078119499231
1,IDONTWANT,681,938,674.3078119499231
1,IDONTWANT,681,430,674.3078119499231
1,IDONTWANT,141,459,674.6577079545225
1,IDONTWANT,141,140,674.6577079545225
1,IDONTWANT,141,427,674.6577079545225
1,IDONTWANT,141,124,674.6577079545225
1,IDONTWANT,148,140,675.4610440993587
1,IDONTWANT,148,991,675.4610440993587
1,IDONTWANT,148,479,675.4610440993587
1,IDONTWANT,148,225,675.4610440993587
1,IDONTWANT,101,341,675.7676107972896
1,IDONTWANT,101,88,675.7676107972896
1,IDONTWANT,101,821,675.7676107972896
1,IDONTWANT,101,969,675.7676107972896
1,IDONTWANT,848,948,675.8162065859123
1,IDONTWANT,848,797,675.8162065859123
1,IDONTWANT,848,286,675.8162065859123
1,IDONTWANT,848,436,675.8162065859123
1,IDONTWANT,562,15,675.8849281950684
1,IDONTWANT,562,173,675.8849281950684
1,IDONTWANT,562,266,675.8849281950684
1,IDONTWANT,562,927,675.8849281950684
1,IDONTWANT,530,249,676.0817481275751
1,IDONTWANT,530,725,676.0817481275751
1,IDONTWANT,530,152,676.0817481275751
1,IDONTWANT,530,461,676.0817481275751
1,IDONTWANT,653,663,676.5385650764947
1,IDONTWANT,653,431,676.5385650764947
1,IDONTWANT,653,867,676.5385650764947
1,IDONTWANT,653,234,676.5385650764947
1,IDONTWANT,223,599,678.7013578291054
1,IDONTWANT,223,818,678.7013578291054
1,IDONTWANT,223,915,678.7013578291054
1,IDONTWANT,223,729,678.7013578291054
1,IDONTWANT,467,836,678.7547170559274
1,IDONTWANT,467,919,678.7547170559274
1,IDONTWANT,467,197,678.7547170559274
1,IDONTWANT,467,42,678.7547170559274
1,IDONTWANT,236,747,679.1512489512702
1,IDONTWANT,236,775,679.1512489512702
1,IDONTWANT,236,210,679.1512489512702
1,IDONTWANT,236,237,679.1512489512702
1,IDONTWANT,422,797,680.253783444318
1,IDONTWANT,422,681,680.253783444318
1,IDONTWANT,422,969,680.253783444318
1,IDONTWANT,422,6,680.253783444318
1,IDONTWANT,378,981,680.5696782588337
1,IDONTWANT,378,977,680.5696782588337
1,IDONTWANT,378,632,680.5696782588337
1,IDONTWANT,378,44,680.5696782588337
1,IDONTWANT,305,542,680.8189096626272
1,IDONTWANT,305,645,680.8189096626272
1,IDONTWANT,305,810,680.8189096626272
1,IDONTWANT,305,884,680.8189096626272
1,IDONTWANT,319,846,680.9370069525864
1,IDONTWANT,319,740,680.9370069525864
1,IDONTWANT,319,718,680.9370069525864
1,IDONTWANT,319,663,680.9370069525864
1,IDONTWANT,774,589,680.9466118781808
1,IDONTWANT,774,712,680.9466118781808
1,IDONTWANT,774,941,680.9466118781808
1,IDONTWANT,774,414,680.9466118781808
1,IDONTWANT,710,671,681.1486784626375
1,IDONTWANT,710,300,681.1486784626375
1,IDONTWANT,710,256,681.1486784626375
1,IDONTWANT,710,622,681.1486784626375
1,IDONTWANT,26,776,681.4454405419134
1,IDONTWANT,26,351,681.4454405419134
1,IDONTWANT,26,156,681.4454405419134
1,IDONTWANT,26,956,681.4454405419134
1,IDONTWANT,427,750,681.5363983504737
1,IDONTWANT,427,668,681.5363983504737
1,IDONTWANT,427,936,681.5363983504737
1,IDONTWANT,427,208,681.5363983504737
1,IDONTWANT,704,952,681.8621426431192
1,IDONTWANT,704,310,681.8621426431192
1,IDONTWANT,704,875,681.8621426431192
1,IDONTWANT,704,394,681.8621426431192
1,IDONTWANT,185,252,681.874362878111
1,IDONTWANT,185,958,681.874362878111
1,IDONTWANT,185,458,681.874362878111
1,IDONTWANT,185,108,681.874362878111
1,IDONTWANT,307,919,682.0713179982241
1,IDONTWANT,307,254,682.0713179982241
1,IDONTWANT,307,394,682.0713179982241
1,IDONTWANT,307,410,682.0713179982241
1,IDONTWANT,545,519,682.131160139045
1,IDONTWANT,545,664,682.131160139045
1,IDONTWANT,545,657,682.131160139045
1,IDONTWANT,545,425,682.131160139045
1,IDONTWANT,639,999,682.5306798002835
1,IDONTWANT,639,978,682.5306798002835
1,IDONTWANT,639,747,682.5306798002835
1,IDONTWANT,639,104,682.5306798002835
1,IDONTWANT,355,403,682.726497191875
1,IDONTWANT,355,461,682.726497191875
1,IDONTWANT,355,920,682.726497191875
1,IDONTWANT,355,730,682.726497191875
1,IDONTWANT,980,115,682.9230739869527
1,IDONTWANT,980,312,682.9230739869527
1,IDONTWANT,980,355,682.9230739869527
1,IDONTWANT,980,663,682.9230739869527
1,IDONTWANT,637,534,683.3373571388662
1,IDONTWANT,637,356,683.3373571388662
1,IDONTWANT,637,164,683.3373571388662
1,IDONTWANT,637,241,683.3373571388662
1,IDONTWANT,937,977,684.895989023568
1,IDONTWANT,937,748,684.895989023568
1,IDONTWANT,937,506,684.895989023568
1,IDONTWANT,937,457,684.895989023568
1,IDONTWANT,564,968,685.5827971490537
1,IDONTWANT,564,163,685.5827971490537
1,IDONTWANT,564,765,685.5827971490537
1,IDONTWANT,564,937,685.5827971490537
1,IDONTWANT,273,288,685.6725988590238
1,IDONTWANT,273,104,685.6725988590238
1,IDONTWANT,273,52,685.6725988590238
1,IDONTWANT,273,855,685.6725988590238
1,IDONTWANT,191,724,685.7911852310283
1,IDONTWANT,191,747,685.7911852310283
1,IDONTWANT,191,652,685.7911852310283
1,IDONTWANT,191,143,685.7911852310283
1,IDONTWANT,701,309,686.2871103929679
1,IDONTWANT,701,328,686.2871103929679
1,IDONTWANT,701,491,686.2871103929679
1,IDONTWANT,701,496,686.2871103929679
1,IDONTWANT,984,604,686.8937921680509
1,IDONTWANT,984,546,686.8937921680509
1,IDONTWANT,984,954,686.8937921680509
1,IDONTWANT,984,151,686.8937921680509
1,IDONTWANT,955,168,687.3141127455409
1,IDONTWANT,955,971,687.3141127455409
1,IDONTWANT,955,845,687.3141127455409
1,IDONTWANT,955,18,687.3141127455409
1,IDONTWANT,599,808,688.7937712814085
1,IDONTWANT,599,422,688.7937712814085
1,IDONTWANT,599,31,688.7937712814085
1,IDONTWANT,599,446,688.7937712814085
1,IDONTWANT,459,730,689.2157589593041
1,IDONTWANT,459,636,689.2157589593041
1,IDONTWANT,459,705,689.2157589593041
1,IDONTWANT,459,845,689.2157589593041
1,IDONTWANT,890,566,689.665838278036
1,IDONTWANT,890,911,689.665838278036
1,IDONTWANT,890,148,689.665838278036
1,IDONTWANT,890,449,689.665838278036
1,IDONTWANT,855,469,689.8566378531099
1,IDONTWANT,855,498,689.8566378531099
1,IDONTWANT,855,970,689.8566378531099
1,IDONTWANT,855,866,689.8566378531099
1,IDONTWANT,738,735,690.06703990345
1,IDONTWANT,738,425,690.06703990345
1,IDONTWANT,738,640,690.06703990345
1,IDONTWANT,738,129,690.06703990345
1,IDONTWANT,843,159,690.1678470200222
1,IDONTWANT,843,323,690.1678470200222
1,IDONTWANT,843,611,690.1678470200222
1,IDONTWANT,843,31,690.1678470200222
1,IDONTWANT,480,109,690.2237702678985
1,IDONTWANT,480,68,690.2237702678985
1,IDONTWANT,480,131,690.2237702678985
1,IDONTWANT,480,367,690.2237702678985
1,IDONTWANT,846,892,690.3834400934462
1,IDONTWANT,846,887,690.3834400934462
1,IDONTWANT,846,579,690.3834400934462
1,IDONTWANT,846,497,690.3834400934462
1,IDONTWANT,569,480,690.8046773570709
1,IDONTWANT,569,483,690.8046773570709
1,IDONTWANT,569,860,690.8046773570709
1,IDONTWANT,569,543,690.8046773570709
1,IDONTWANT,695,799,690.9075829830999
1,IDONTWANT,695,854,690.9075829830999
1,IDONTWANT,695,480,690.9075829830999
1,IDONTWANT,695,363,690.9075829830999
1,IDONTWANT,485,738,691.5921029844541
1,IDONTWANT,485,524,691.5921029844541
1,IDONTWANT,485,81,691.5921029844541
1,IDONTWANT,485,55,691.5921029844541
1,IDONTWANT,874,331,692.2730999314228
1,IDONTWANT,874,380,692.2730999314228
1,IDONTWANT,874,263,692.2730999314228
1,IDONTWANT,874,399,692.2730999314228
1,IDONTWANT,96,669,692.3118410713082
1,IDONTWANT,96,353,692.3118410713082
1,IDONTWANT,96,819,692.3118410713082
1,IDONTWANT,96,659,692.3118410713082
1,IDONTWANT,603,848,692.5730435842274
1,IDONTWANT,603,93,692.5730435842274
1,IDONTWANT,603,588,692.5730435842274
1,IDONTWANT,603,840,692.5730435842274
1,IDONTWANT,566,336,692.9535638458094
1,IDONTWANT,566,616,692.9535638458094
1,IDONTWANT,566,244,692.9535638458094
1,IDONTWANT,566,388,692.9535638458094
1,IDONTWANT,893,277,693.1630700487394
1,IDONTWANT,893,584,693.1630700487394
1,IDONTWANT,893,859,693.1630700487394
1,IDONTWANT,893,303,693.1630700487394
1,IDONTWANT,267,122,693.4934464607057
1,IDONTWANT,267,963,693.4934464607057
1,IDONTWANT,267,949,693.4934464607057
1,IDONTWANT,267,200,693.4934464607057
1,IDONTWANT,691,987,693.5227266095826
1,IDONTWANT,691,149,693.5227266095826
1,IDONTWANT,691,361,693.5227266095826
1,IDONTWANT,691,682,693.5227266095826
1,IDONTWANT,403,240,693.8012110571856
1,IDONTWANT,403,766,693.8012110571856
1,IDONTWANT,403,552,693.8012110571856
1,IDONTWANT,403,868,693.8012110571856
1,IDONTWANT,776,396,693.9574035767495
1,IDONTWANT,776,608,693.9574035767495
1,IDONTWANT,776,606,693.9574035767495
1,IDONTWANT,776,961,693.9574035767495
1,IDONTWANT,687,217,694.1103582897032
1,IDONTWANT,687,168,694.1103582897032
1,IDONTWANT,687,132,694.1103582897032
1,IDONTWANT,687,952,694.1103582897032
1,IDONTWANT,709,11,694.1432804092516
1,IDONTWANT,709,214,694.1432804092516
1,IDONTWANT,709,975,694.1432804092516
1,IDONTWANT,709,73,694.1432804092516
1,IDONTWANT,118,363,694.7070416048941
1,IDONTWANT,118,920,694.7070416048941
1,IDONTWANT,118,470,694.7070416048941
1,IDONTWANT,118,679,694.7070416048941
1,IDONTWANT,105,28,694.8089724115567
1,IDONTWANT,105,155,694.8089724115567
1,IDONTWANT,105,605,694.8089724115567
1,IDONTWANT,105,927,694.8089724115567
1,IDONTWANT,173,465,695.6674119918599
1,IDONTWANT,173,11,695.6674119918599
1,IDONTWANT,173,348,695.6674119918599
1,IDONTWANT,173,567,695.6674119918599
1,IDONTWANT,338,263,695.9015087086922
1,IDONTWANT,338,233,695.9015087086922
1,IDONTWANT,338,684,695.9015087086922
1,IDONTWANT,338,435,695.9015087086922
1,IDONTWANT,318,996,695.9404290492747
1,IDONTWANT,318,699,695.9404290492747
1,IDONTWANT,318,111,695.9404290492747
1,IDONTWANT,318,965,695.9404290492747
1,IDONTWANT,547,316,696.4365755821107
1,IDONTWANT,547,65,696.4365755821107
1,IDONTWANT,547,307,696.4365755821107
1,IDONTWANT,547,641,696.4365755821107
1,IDONTWANT,240,47,696.8213448123882
1,IDONTWANT,240,632,696.8213448123882
1,IDONTWANT,240,648,696.8213448123882
1,IDONTWANT,240,659,696.8213448123882
1,IDONTWANT,600,531,696.875829164135
1,IDONTWANT,600,792,696.875829164135
1,IDONTWANT,600,100,696.875829164135
1,IDONTWANT,600,355,696.875829164135
1,IDONTWANT,582,204,697.1974028320489
1,IDONTWANT,582,838,697.1974028320489
1,IDONTWANT,582,978,697.1974028320489
1,IDONTWANT,582,840,697.1974028320489
1,IDONTWANT,189,316,697.5361195146265
1,IDONTWANT,189,705,697.5361195146265
1,IDONTWANT,189,221,697.5361195146265
1,IDONTWANT,189,236,697.5361195146265
1,IDONTWANT,333,487,697.988526078727
1,IDONTWANT,333,539,697.988526078727
1,IDONTWANT,333,240,697.988526078727
1,IDONTWANT,333,561,697.988526078727
1,IDONTWANT,85,411,698.4172174861714
1,IDONTWANT,85,758,698.4172174861714
1,IDONTWANT,85,823,698.4172174861714
1,IDONTWANT,85,233,698.4172174861714
1,IDONTWANT,457,322,698.6569053475167
1,IDONTWANT,457,54,698.6569053475167
1,IDONTWANT,457,623,698.6569053475167
1,IDONTWANT,457,949,698.6569053475167
1,IDONTWANT,382,939,698.8885143104236
1,IDONTWANT,382,825,698.8885143104236
1,IDONTWANT,382,650,698.8885143104236
1,IDONTWANT,382,970,698.8885143104236
1,IDONTWANT,729,712,699.4652751005955
1,IDONTWANT,729,576,699.4652751005955
1,IDONTWANT,729,509,699.4652751005955
1,IDONTWANT,729,681,699.4652751005955
1,IDONTWANT,915,910,699.5196187084675
1,IDONTWANT,915,623,699.5196187084675
1,IDONTWANT,915,748,699.5196187084675
1,IDONTWANT,915,507,699.5196187084675
1,IDONTWANT,808,822,699.6074914912745
1,IDONTWANT,808,848,699.6074914912745
1,IDONTWANT,808,614,699.6074914912745
1,IDONTWANT,808,340,699.6074914912745
1,IDONTWANT,847,600,700.098845764775
1,IDONTWANT,847,580,700.098845764775
1,IDONTWANT,847,218,700.098845764775
1,IDONTWANT,847,267,700.098845764775
1,IDONTWANT,818,801,700.2122528207642
1,IDONTWANT,818,43,700.2122528207642
1,IDONTWANT,818,295,700.2122528207642
1,IDONTWANT,818,854,700.2122528207642
1,IDONTWANT,63,616,701.8166270016991
1,IDONTWANT,63,53,701.8166270016991
1,IDONTWANT,63,105,701.8166270016991
1,IDONTWANT,63,0,701.8166270016991
1,IDONTWANT,717,924,702.6383447055326
1,IDONTWANT,717,916,702.6383447055326
1,IDONTWANT,717,561,702.6383447055326
1,IDONTWANT,717,807,702.6383447055326
1,IDONTWANT,826,955,702.6437983799933
1,IDONTWANT,826,239,702.6437983799933
1,IDONTWANT,826,316,702.6437983799933
1,IDONTWANT,826,621,702.6437983799933
1,IDONTWANT,300,892,702.8542614208195
1,IDONTWANT,300,423,702.8542614208195
1,IDONTWANT,300,393,702.8542614208195
1,IDONTWANT,300,424,702.8542614208195
1,IDONTWANT,610,852,703.1481857519922
1,IDONTWANT,610,527,703.1481857519922
1,IDONTWANT,610,266,703.1481857519922
1,IDONTWANT,610,591,703.1481857519922
1,IDONTWANT,37,734,703.646800442612
1,IDONTWANT,37,396,703.646800442612
1,IDONTWANT,37,909,703.646800442612
1,IDONTWANT,37,685,703.646800442612
1,IDONTWANT,510,403,703.861709595443
1,IDONTWANT,510,756,703.861709595443
1,IDONTWANT,510,817,703.861709595443
1,IDONTWANT,510,380,703.861709595443
1,IDONTWANT,372,421,703.8619860382544
1,IDONTWANT,372,253,703.8619860382544
1,IDONTWANT,372,832,703.8619860382544
1,IDONTWANT,372,641,703.8619860382544
1,IDONTWANT,1,667,703.866438993812
1,IDONTWANT,1,50,703.866438993812
1,IDONTWANT,1,75,703.866438993812
1,IDONTWANT,1,841,703.866438993812
1,IDONTWANT,634,721,703.8752535207923
1,IDONTWANT,634,847,703.8752535207923
1,IDONTWANT,634,864,703.8752535207923
1,IDONTWANT,634,632,703.8752535207923
1,IDONTWANT,486,771,704.447371248802
1,IDONTWANT,486,517,704.447371248802
1,IDONTWANT,486,917,704.447371248802
1,IDONTWANT,486,386,704.447371248802
1,IDONTWANT,150,907,704.5600546581258
1,IDONTWANT,150,499,704.5600546581258
1,IDONTWANT,150,167,704.5600546581258
1,IDONTWANT,150,684,704.5600546581258
1,IDONTWANT,648,512,704.8154506391976
1,IDONTWANT,648,647,704.8154506391976
1,IDONTWANT,648,303,704.8154506391976
1,IDONTWANT,648,474,704.8154506391976
1,IDONTWANT,928,375,704.8840950664031
1,IDONTWANT,928,37,704.8840950664031
1,IDONTWANT,928,167,704.8840950664031
1,IDONTWANT,928,719,704.8840950664031
1,IDONTWANT,365,988,705.0607874396145
1,IDONTWANT,365,778,705.0607874396145
1,IDONTWANT,365,212,705.0607874396145
1,IDONTWANT,365,390,705.0607874396145
1,IDONTWANT,773,121,705.2654356924496
1,IDONTWANT,773,793,705.2654356924496
1,IDONTWANT,773,830,705.2654356924496
1,IDONTWANT,773,431,705.2654356924496
1,IDONTWANT,822,701,705.7914035577394
1,IDONTWANT,822,795,705.7914035577394
1,IDONTWANT,822,936,705.7914035577394
1,IDONTWANT,822,511,705.7914035577394
1,IDONTWANT,409,157,705.8823692649678
1,IDONTWANT,409,288,705.8823692649678
1,IDONTWANT,409,906,705.8823692649678
1,IDONTWANT,409,930,705.8823692649678
1,IDONTWANT,67,386,705.9415562044187
1,IDONTWANT,67,153,705.9415562044187
1,IDONTWANT,67,650,705.9415562044187
1,IDONTWANT,67,259,705.9415562044187
1,IDONTWANT,293,510,706.0039396760997
1,IDONTWANT,293,564,706.0039396760997
1,IDONTWANT,293,225,706.0039396760997
1,IDONTWANT,293,464,706.0039396760997
1,IDONTWANT,183,15,706.1813427205661
1,IDONTWANT,183,18,706.1813427205661
1,IDONTWANT,183,751,706.1813427205661
1,IDONTWANT,183,518,706.1813427205661
1,IDONTWANT,886,347,707.1913738470859
1,IDONTWANT,886,330,707.1913738470859
1,IDONTWANT,886,842,707.1913738470859
1,IDONTWANT,886,239,707.1913738470859
1,IDONTWANT,81,546,707.4613514618691
1,IDONTWANT,81,555,707.4613514618691
1,IDONTWANT,81,798,707.4613514618691
1,IDONTWANT,81,515,707.4613514618691
1,IDONTWANT,91,358,707.7368353615865
1,IDONTWANT,91,978,707.7368353615865
1,IDONTWANT,91,998,707.7368353615865
1,IDONTWANT,91,374,707.7368353615865
1,IDONTWANT,479,183,707.7648877183916
1,IDONTWANT,479,830,707.7648877183916
1,IDONTWANT,479,485,707.7648877183916
1,IDONTWANT,479,409,707.7648877183916
1,IDONTWANT,627,159,707.8015678243146
1,IDONTWANT,627,889,707.8015678243146
1,IDONTWANT,627,864,707.8015678243146
1,IDONTWANT,627,461,707.8015678243146
1,IDONTWANT,979,242,708.0855063266015
1,IDONTWANT,979,973,708.0855063266015
1,IDONTWANT,979,40,708.0855063266015
1,IDONTWANT,979,294,708.0855063266015
1,IDONTWANT,922,530,708.1081922571584
1,IDONTWANT,922,830,708.1081922571584
1,IDONTWANT,922,355,708.1081922571584
1,IDONTWANT,922,343,708.1081922571584
1,IDONTWANT,817,943,709.1009917764354
1,IDONTWANT,817,836,709.1009917764354
1,IDONTWANT,817,781,709.1009917764354
1,IDONTWANT,817,909,709.1009917764354
1,IDONTWANT,194,759,710.4188600354842
1,IDONTWANT,194,901,710.4188600354842
1,IDONTWANT,194,262,710.4188600354842
1,IDONTWANT,194,442,710.4188600354842
1,IDONTWANT,125,177,710.4473347677344
1,IDONTWANT,125,145,710.4473347677344
1,IDONTWANT,125,485,710.4473347677344
1,IDONTWANT,125,634,710.4473347677344
1,IDONTWANT,854,570,711.3190904919206
1,IDONTWANT,854,378,711.3190904919206
1,IDONTWANT,854,892,711.3190904919206
1,IDONTWANT,854,722,711.3190904919206
1,IDONTWANT,698,436,711.6323820050468
1,IDONTWANT,698,695,711.6323820050468
1,IDONTWANT,698,190,711.6323820050468
1,IDONTWANT,698,493,711.6323820050468
1,IDONTWANT,734,624,711.784462067799
1,IDONTWANT,734,46,711.784462067799
1,IDONTWANT,734,698,711.784462067799
1,IDONTWANT,734,755,711.784462067799
1,IDONTWANT,608,816,712.2063363350229
1,IDONTWANT,608,846,712.2063363350229
1,IDONTWANT,608,188,712.2063363350229
1,IDONTWANT,608,991,712.2063363350229
1,IDONTWANT,934,328,713.148780419719
1,IDONTWANT,934,797,713.148780419719
1,IDONTWANT,934,728,713.148780419719
1,IDONTWANT,934,888,713.148780419719
1,IDONTWANT,206,672,713.5123348638265
1,IDONTWANT,206,205,713.5123348638265
1,IDONTWANT,206,255,713.5123348638265
1,IDONTWANT,206,517,713.5123348638265
1,IDONTWANT,795,633,713.5814781438114
1,IDONTWANT,795,81,713.5814781438114
1,IDONTWANT,795,398,713.5814781438114
1,IDONTWANT,795,318,713.5814781438114
1,IDONTWANT,835,518,713.924174266933
1,IDONTWANT,835,603,713.924174266933
1,IDONTWANT,835,206,713.924174266933
1,IDONTWANT,835,193,713.924174266933
1,IDONTWANT,920,708,713.9623574394642
1,IDONTWANT,920,750,713.9623574394642
1,IDONTWANT,920,532,713.9623574394642
1,IDONTWANT,920,417,713.9623574394642
1,IDONTWANT,656,597,713.9667277335564
1,IDONTWANT,656,873,713.9667277335564
1,IDONTWANT,656,234,713.9667277335564
1,IDONTWANT,656,696,713.9667277335564
1,IDONTWANT,561,222,714.1233201177153
1,IDONTWANT,561,87,714.1233201177153
1,IDONTWANT,561,902,714.1233201177153
1,IDONTWANT,561,519,714.1233201177153
1,IDONTWANT,951,286,714.5774948422658
1,IDONTWANT,951,112,714.5774948422658
1,IDONTWANT,951,124,714.5774948422658
1,IDONTWANT,951,415,714.5774948422658
1,IDONTWANT,143,688,714.9425208133912
1,IDONTWANT,143,247,714.9425208133912
1,IDONTWANT,143,439,714.9425208133912
1,IDONTWANT,143,74,714.9425208133912
1,IDONTWANT,727,613,715.166766954017
1,IDONTWANT,727,884,715.166766954017
1,IDONTWANT,727,753,715.166766954017
1,IDONTWANT,727,6,715.166766954017
1,IDONTWANT,312,824,715.2992835162579
1,IDONTWANT,312,485,715.2992835162579
1,IDONTWANT,312,992,715.2992835162579
1,IDONTWANT,312,602,715.2992835162579
1,IDONTWANT,743,432,715.4858677807867
1,IDONTWANT,743,257,715.4858677807867
1,IDONTWANT,743,567,715.4858677807867
1,IDONTWANT,743,53,715.4858677807867
1,IDONTWANT,796,319,715.6717522906414
1,IDONTWANT,796,746,715.6717522906414
1,IDONTWANT,796,614,715.6717522906414
1,IDONTWANT,796,169,715.6717522906414
1,IDONTWANT,280,897,715.961747173611
1,IDONTWANT,280,964,715.961747173611
1,IDONTWANT,280,568,715.961747173611
1,IDONTWANT,280,563,715.961747173611
1,IDONTWANT,504,812,716.4196731516953
1,IDONTWANT,504,804,716.4196731516953
1,IDONTWANT,504,270,716.4196731516953
1,IDONTWANT,504,117,716.4196731516953
1,IDONTWANT,289,672,716.6496422171268
1,IDONTWANT,289,244,716.6496422171268
1,IDONTWANT,289,309,716.6496422171268
1,IDONTWANT,289,495,716.6496422171268
1,IDONTWANT,711,103,717.2004826567778
1,IDONTWANT,711,592,717.2004826567778
1,IDONTWANT,711,146,717.2004826567778
1,IDONTWANT,711,875,717.2004826567778
1,IDONTWANT,153,432,717.3216328237756
1,IDONTWANT,153,201,717.3216328237756
1,IDONTWANT,153,366,717.3216328237756
1,IDONTWANT,153,327,717.3216328237756
1,IDONTWANT,655,899,717.5785610286251
1,IDONTWANT,655,793,717.5785610286251
1,IDONTWANT,655,658,717.5785610286251
1,IDONTWANT,655,717,717.5785610286251
1,IDONTWANT,314,953,717.6431870102059
1,IDONTWANT,314,950,717.6431870102059
1,IDONTWANT,314,951,717.6431870102059
1,IDONTWANT,314,846,717.6431870102059
1,IDONTWANT,671,356,717.6488911991278
1,IDONTWANT,671,103,717.6488911991278
1,IDONTWANT,671,868,717.6488911991278
1,IDONTWANT,671,588,717.6488911991278
1,IDONTWANT,73,491,717.8866039581646
1,IDONTWANT,73,849,717.8866039581646
1,IDONTWANT,73,709,717.8866039581646
1,IDONTWANT,73,166,717.8866039581646
1,IDONTWANT,875,127,718.1343694563857
1,IDONTWANT,875,383,718.1343694563857
1,IDONTWANT,875,492,718.1343694563857
1,IDONTWANT,875,388,718.1343694563857
1,IDONTWANT,55,528,718.3123499397302
1,IDONTWANT,55,974,718.3123499397302
1,IDONTWANT,55,633,718.3123499397302
1,IDONTWANT,55,671,718.3123499397302
1,IDONTWANT,685,977,719.3176157385941
1,IDONTWANT,685,539,719.3176157385941
1,IDONTWANT,685,995,719.3176157385941
1,IDONTWANT,685,224,719.3176157385941
1,IDONTWANT,577,353,719.998757701097
1,IDONTWANT,577,145,719.998757701097
1,IDONTWANT,577,718,719.998757701097
1,IDONTWANT,577,29,719.998757701097
1,IDONTWANT,696,803,720.1035663804545
1,IDONTWANT,696,872,720.1035663804545
1,IDONTWANT,696,235,720.1035663804545
1,IDONTWANT,696,273,720.1035663804545
1,IDONTWANT,100,183,720.141032182073
1,IDONTWANT,100,445,720.141032182073
1,IDONTWANT,100,809,720.141032182073
1,IDONTWANT,100,652,720.141032182073
1,IDONTWANT,918,643,721.6325483188597
1,IDONTWANT,918,831,721.6325483188597
1,IDONTWANT,918,196,721.6325483188597
1,IDONTWANT,918,596,721.6325483188597
1,IDONTWANT,597,617,721.9401056973794
1,IDONTWANT,597,515,721.9401056973794
1,IDONTWANT,597,487,721.9401056973794
1,IDONTWANT,597,872,721.9401056973794
1,IDONTWANT,14,106,722.8056817302418
1,IDONTWANT,14,596,722.8056817302418
1,IDONTWANT,14,585,722.8056817302418
1,IDONTWANT,14,655,722.8056817302418
1,IDONTWANT,929,380,722.8406776670635
1,IDONTWANT,929,588,722.8406776670635
1,IDONTWANT,929,609,722.8406776670635
1,IDONTWANT,929,878,722.8406776670635
1,IDONTWANT,356,905,722.9858194450449
1,IDONTWANT,356,321,722.9858194450449
1,IDONTWANT,356,751,722.9858194450449
1,IDONTWANT,356,115,722.9858194450449
1,IDONTWANT,646,34,723.3388244310372
1,IDONTWANT,646,12,723.3388244310372
1,IDONTWANT,646,408,723.3388244310372
1,IDONTWANT,646,875,723.3388244310372
1,IDONTWANT,178,186,723.4581732381198
1,IDONTWANT,178,207,723.4581732381198
1,IDONTWANT,178,955,723.4581732381198
1,IDONTWANT,178,320,723.4581732381198
1,IDONTWANT,134,628,723.8959313957887
1,IDONTWANT,134,997,723.8959313957887
1,IDONTWANT,134,518,723.8959313957887
1,IDONTWANT,134,621,723.8959313957887
1,IDONTWANT,618,914,724.4947704724948
1,IDONTWANT,618,912,724.4947704724948
1,IDONTWANT,618,764,724.4947704724948
1,IDONTWANT,618,88,724.4947704724948
1,IDONTWANT,798,623,724.7611936121449
1,IDONTWANT,798,61,724.7611936121449
1,IDONTWANT,798,323,724.7611936121449
1,IDONTWANT,798,376,724.7611936121449
1,IDONTWANT,873,776,724.9676609067596
1,IDONTWANT,873,668,724.9676609067596
1,IDONTWANT,873,107,724.9676609067596
1,IDONTWANT,873,482,724.9676609067596
1,IDONTWANT,759,641,725.5057168805474
1,IDONTWANT,759,689,725.5057168805474
1,IDONTWANT,759,713,725.5057168805474
1,IDONTWANT,759,705,725.5057168805474
1,IDONTWANT,749,196,725.718593002244
1,IDONTWANT,749,324,725.718593002244
1,IDONTWANT,749,730,725.718593002244
1,IDONTWANT,749,306,725.718593002244
1,IDONTWANT,168,705,725.7756340241164
1,IDONTWANT,168,188,725.7756340241164
1,IDONTWANT,168,436,725.7756340241164
1,IDONTWANT,168,917,725.7756340241164
1,IDONTWANT,861,685,725.8525040730012
1,IDONTWANT,861,518,725.8525040730012
1,IDONTWANT,861,402,725.8525040730012
1,IDONTWANT,861,187,725.8525040730012
1,IDONTWANT,303,511,727.3600230788393
1,IDONTWANT,303,284,727.3600230788393
1,IDONTWANT,303,589,727.3600230788393
1,IDONTWANT,303,991,727.3600230788393
1,IDONTWANT,470,331,727.491543611756
1,IDONTWANT,470,120,727.491543611756
1,IDONTWANT,470,399,727.491543611756
1,IDONTWANT,470,614,727.491543611756
1,IDONTWANT,377,347,728.4472446262146
1,IDONTWANT,377,371,728.4472446262146
1,IDONTWANT,377,278,728.4472446262146
1,IDONTWANT,377,343,728.4472446262146
1,IDONTWANT,626,356,729.0048809152601
1,IDONTWANT,626,595,729.0048809152601
1,IDONTWANT,626,334,729.0048809152601
1,IDONTWANT,626,534,729.0048809152601
1,IDONTWANT,631,129,729.6608465956118
1,IDONTWANT,631,342,729.6608465956118
1,IDONTWANT,631,473,729.6608465956118
1,IDONTWANT,631,659,729.6608465956118
1,IDONTWANT,804,796,730.0891455115586
1,IDONTWANT,804,806,730.0891455115586
1,IDONTWANT,804,463,730.0891455115586
1,IDONTWANT,804,968,730.0891455115586
1,IDONTWANT,860,656,731.1584936191318
1,IDONTWANT,860,91,731.1584936191318
1,IDONTWANT,860,980,731.1584936191318
1,IDONTWANT,860,943,731.1584936191318
1,IDONTWANT,274,678,731.1740055087305
1,IDONTWANT,274,293,731.1740055087305
1,IDONTWANT,274,651,731.1740055087305
1,IDONTWANT,274,959,731.1740055087305
1,IDONTWANT,750,130,731.3376929816194
1,IDONTWANT,750,600,731.3376929816194
1,IDONTWANT,750,997,731.3376929816194
1,IDONTWANT,750,650,731.3376929816194
1,IDONTWANT,721,687,731.4812283766602
1,IDONTWANT,721,904,731.4812283766602
1,IDONTWANT,721,119,731.4812283766602
1,IDONTWANT,721,568,731.4812283766602
1,IDONTWANT,169,74,731.5198212828077
1,IDONTWANT,169,276,731.5198212828077
1,IDONTWANT,169,961,731.5198212828077
1,IDONTWANT,169,17,731.5198212828077
1,IDONTWANT,591,135,731.5899033793983
1,IDONTWANT,591,100,731.5899033793983
1,IDONTWANT,591,811,731.5899033793983
1,IDONTWANT,591,776,731.5899033793983
1,IDONTWANT,568,710,731.9109755369298
1,IDONTWANT,568,682,731.9109755369298
1,IDONTWANT,568,862,731.9109755369298
1,IDONTWANT,568,549,731.9109755369298
1,IDONTWANT,990,711,732.2805762309623
1,IDONTWANT,990,583,732.2805762309623
1,IDONTWANT,990,226,732.2805762309623
1,IDONTWANT,990,665,732.2805762309623
1,IDONTWANT,429,418,732.6815117120278
1,IDONTWANT,429,695,732.6815117120278
1,IDONTWANT,429,380,732.6815117120278
1,IDONTWANT,429,189,732.6815117120278
1,IDONTWANT,344,210,732.997800031048
1,IDONTWANT,344,508,732.997800031048
1,IDONTWANT,344,994,732.997800031048
1,IDONTWANT,344,205,732.997800031048
1,IDONTWANT,31,609,733.2491999921251
1,IDONTWANT,31,509,733.2491999921251
1,IDONTWANT,31,594,733.2491999921251
1,IDONTWANT,31,817,733.2491999921251
1,IDONTWANT,601,480,733.263414468006
1,IDONTWANT,601,722,733.263414468006
1,IDONTWANT,601,49,733.263414468006
1,IDONTWANT,601,550,733.263414468006
1,IDONTWANT,766,377,733.4455248549283
1,IDONTWANT,766,893,733.4455248549283
1,IDONTWANT,766,843,733.4455248549283
1,IDONTWANT,766,142,733.4455248549283
1,IDONTWANT,628,678,733.7753683800638
1,IDONTWANT,628,567,733.7753683800638
1,IDONTWANT,628,760,733.7753683800638
1,IDONTWANT,628,331,733.7753683800638
1,IDONTWANT,678,125,733.791312154234
1,IDONTWANT,678,747,733.791312154234
1,IDONTWANT,678,628,733.791312154234
1,IDONTWANT,678,364,733.791312154234
1,IDONTWANT,102,995,733.8246672314425
1,IDONTWANT,102,740,733.8246672314425
1,IDONTWANT,102,406,733.8246672314425
1,IDONTWANT,102,475,733.8246672314425
1,IDONTWANT,996,559,733.9019274136397
1,IDONTWANT,996,392,733.9019274136397
1,IDONTWANT,996,992,733.9019274136397
1,IDONTWANT,996,599,733.9019274136397
1,IDONTWANT,516,317,734.0786291823724
1,IDONTWANT,516,655,734.0786291823724
1,IDONTWANT,516,990,734.0786291823724
1,IDONTWANT,516,892,734.0786291823724
1,IDONTWANT,778,422,734.9755809941195
1,IDONTWANT,778,561,734.9755809941195
1,IDONTWANT,778,104,734.9755809941195
1,IDONTWANT,778,84,734.9755809941195
1,IDONTWANT,114,258,735.0399993678082
1,IDONTWANT,114,218,735.0399993678082
1,IDONTWANT,114,300,735.0399993678082
1,IDONTWANT,114,514,735.0399993678082
1,IDONTWANT,15,193,735.0804892399067
1,IDONTWANT,15,382,735.0804892399067
1,IDONTWANT,15,100,735.0804892399067
1,IDONTWANT,15,561,735.0804892399067
1,IDONTWANT,87,749,735.3620106292706
1,IDONTWANT,87,29,735.3620106292706
1,IDONTWANT,87,28,735.3620106292706
1,IDONTWANT,87,810,735.3620106292706
1,IDONTWANT,666,335,735.3917590542642
1,IDONTWANT,666,797,735.3917590542642
1,IDONTWANT,666,10,735.3917590542642
1,IDONTWANT,666,398,735.3917590542642
1,IDONTWANT,792,936,735.6702870307149
1,IDONTWANT,792,988,735.6702870307149
1,IDONTWANT,792,53,735.6702870307149
1,IDONTWANT,792,734,735.6702870307149
1,IDONTWANT,793,32,735.675503808289
1,IDONTWANT,793,11,735.675503808289
1,IDONTWANT,793,62,735.675503808289
1,IDONTWANT,793,15,735.675503808289
1,IDONTWANT,715,171,735.7907926117923
1,IDONTWANT,715,624,735.7907926117923
1,IDONTWANT,715,913,735.7907926117923
1,IDONTWANT,715,704,735.7907926117923
1,IDONTWANT,786,762,735.9282256816952
1,IDONTWANT,786,191,735.9282256816952
1,IDONTWANT,786,945,735.9282256816952
1,IDONTWANT,786,51,735.9282256816952
1,IDONTWANT,962,577,736.2088928278099
1,IDONTWANT,962,823,736.2088928278099
1,IDONTWANT,962,934,736.2088928278099
1,IDONTWANT,962,328,736.2088928278099
1,IDONTWANT,675,351,736.3027755353954
1,IDONTWANT,675,420,736.3027755353954
1,IDONTWANT,675,760,736.3027755353954
1,IDONTWANT,675,971,736.3027755353954
1,IDONTWANT,760,610,736.678166325862
1,IDONTWANT,760,898,736.678166325862
1,IDONTWANT,760,697,736.678166325862
1,IDONTWANT,760,84,736.678166325862
1,IDONTWANT,672,467,737.0299027487251
1,IDONTWANT,672,554,737.0299027487251
1,IDONTWANT,672,209,737.0299027487251
1,IDONTWANT,672,735,737.0299027487251
1,IDONTWANT,870,148,737.3973206061095
1,IDONTWANT,870,325,737.3973206061095
1,IDONTWANT,870,773,737.3973206061095
1,IDONTWANT,870,5,737.3973206061095
1,IDONTWANT,200,457,737.5307230587672
1,IDONTWANT,200,3,737.5307230587672
1,IDONTWANT,200,270,737.5307230587672
1,IDONTWANT,200,373,737.5307230587672
1,IDONTWANT,787,374,737.846224990026
1,IDONTWANT,787,793,737.846224990026
1,IDONTWANT,787,765,737.846224990026
1,IDONTWANT,787,730,737.846224990026
1,IDONTWANT,978,124,737.982301948384
1,IDONTWANT,978,532,737.982301948384
1,IDONTWANT,978,13,737.982301948384
1,IDONTWANT,978,444,737.982301948384
1,IDONTWANT,902,244,738.2595429457821
1,IDONTWANT,902,948,738.2595429457821
1,IDONTWANT,902,243,738.2595429457821
1,IDONTWANT,902,99,738.2595429457821
1,IDONTWANT,806,341,738.4202709093736
1,IDONTWANT,806,299,738.4202709093736
1,IDONTWANT,806,286,738.4202709093736
1,IDONTWANT,806,62,738.4202709093736
1,IDONTWANT,290,571,739.4201788458283
1,IDONTWANT,290,685,739.4201788458283
1,IDONTWANT,290,404,739.4201788458283
1,IDONTWANT,290,122,739.4201788458283
1,IDONTWANT,949,46,740.0074058074864
1,IDONTWANT,949,279,740.0074058074864
1,IDONTWANT,949,126,740.0074058074864
1,IDONTWANT,949,476,740.0074058074864
1,IDONTWANT,135,525,740.489287291452
1,IDONTWANT,135,205,740.489287291452
1,IDONTWANT,135,710,740.489287291452
1,IDONTWANT,135,284,740.489287291452
1,IDONTWANT,207,795,740.5377513625369
1,IDONTWANT,207,5,740.5377513625369
1,IDONTWANT,207,93,740.5377513625369
1,IDONTWANT,207,271,740.5377513625369
1,IDONTWANT,889,58,740.6000082125653
1,IDONTWANT,889,184,740.6000082125653
1,IDONTWANT,889,730,740.6000082125653
1,IDONTWANT,889,462,740.6000082125653
1,IDONTWANT,879,199,740.8813805223461
1,IDONTWANT,879,818,740.8813805223461
1,IDONTWANT,879,36,740.8813805223461
1,IDONTWANT,879,160,740.8813805223461
1,IDONTWANT,68,979,741.4827970578846
1,IDONTWANT,68,356,741.4827970578846
1,IDONTWANT,68,617,741.4827970578846
1,IDONTWANT,68,373,741.4827970578846
1,IDONTWANT,432,496,741.5260799502851
1,IDONTWANT,432,64,741.5260799502851
1,IDONTWANT,432,417,741.5260799502851
1,IDONTWANT,432,103,741.5260799502851
1,IDONTWANT,190,351,741.555385912304
1,IDONTWANT,190,204,741.555385912304
1,IDONTWANT,190,853,741.555385912304
1,IDONTWANT,190,904,741.555385912304
1,IDONTWANT,215,738,742.3880844953088
1,IDONTWANT,215,507,742.3880844953088
1,IDONTWANT,215,153,742.3880844953088
1,IDONTWANT,215,291,742.3880844953088
1,IDONTWANT,124,4,742.3995763265881
1,IDONTWANT,124,795,742.3995763265881
1,IDONTWANT,124,819,742.3995763265881
1,IDONTWANT,124,154,742.3995763265881
1,IDONTWANT,309,320,742.4998522118465
1,IDONTWANT,309,870,742.4998522118465
1,IDONTWANT,309,834,742.4998522118465
1,IDONTWANT,309,894,742.4998522118465
1,IDONTWANT,166,585,743.1696746073555
1,IDONTWANT,166,507,743.1696746073555
1,IDONTWANT,166,718,743.1696746073555
1,IDONTWANT,166,335,743.1696746073555
1,IDONTWANT,816,274,743.5979637120921
1,IDONTWANT,816,432,743.5979637120921
1,IDONTWANT,816,161,743.5979637120921
1,IDONTWANT,816,600,743.5979637120921
1,IDONTWANT,989,294,743.8789928341678
1,IDONTWANT,989,859,743.8789928341678
1,IDONTWANT,989,465,743.8789928341678
1,IDONTWANT,989,624,743.8789928341678
1,IDONTWANT,950,505,746.2368987332884
1,IDONTWANT,950,599,746.2368987332884
1,IDONTWANT,950,512,746.2368987332884
1,IDONTWANT,950,779,746.2368987332884
1,IDONTWANT,72,768,746.7225088863944
1,IDONTWANT,72,351,746.7225088863944
1,IDONTWANT,72,759,746.7225088863944
1,IDONTWANT,72,272,746.7225088863944
1,IDONTWANT,399,86,746.8934855443086
1,IDONTWANT,399,213,746.8934855443086
1,IDONTWANT,399,98,746.8934855443086
1,IDONTWANT,399,432,746.8934855443086
1,IDONTWANT,54,976,747.4291061762681
1,IDONTWANT,54,129,747.4291061762681
1,IDONTWANT,54,708,747.4291061762681
1,IDONTWANT,54,880,747.4291061762681
1,IDONTWANT,342,202,747.7114601640322
1,IDONTWANT,342,6,747.7114601640322
1,IDONTWANT,342,817,747.7114601640322
1,IDONTWANT,342,299,747.7114601640322
1,IDONTWANT,865,964,747.7768197654766
1,IDONTWANT,865,360,747.7768197654766
1,IDONTWANT,865,60,747.7768197654766
1,IDONTWANT,865,925,747.7768197654766
1,IDONTWANT,971,993,747.800526988088
1,IDONTWANT,971,406,747.800526988088
1,IDONTWANT,971,795,747.800526988088
1,IDONTWANT,971,959,747.800526988088
1,IDONTWANT,642,814,747.9782249907524
1,IDONTWANT,642,309,747.9782249907524
1,IDONTWANT,642,751,747.9782249907524
1,IDONTWANT,642,304,747.9782249907524
1,IDONTWANT,827,58,748.0166298640388
1,IDONTWANT,827,693,748.0166298640388
1,IDONTWANT,827,404,748.0166298640388
1,IDONTWANT,827,476,748.0166298640388
1,IDONTWANT,536,662,748.5950834187391
1,IDONTWANT,536,593,748.5950834187391
1,IDONTWANT,536,454,748.5950834187391
1,IDONTWANT,536,617,748.5950834187391
1,IDONTWANT,506,879,748.7456999704149
1,IDONTWANT,506,368,748.7456999704149
1,IDONTWANT,506,990,748.7456999704149
1,IDONTWANT,506,894,748.7456999704149
1,IDONTWANT,130,255,750.126460381732
1,IDONTWANT,130,196,750.126460381732
1,IDONTWANT,130,284,750.126460381732
1,IDONTWANT,130,43,750.126460381732
1,IDONTWANT,354,53,750.2063588402443
1,IDONTWANT,354,727,750.2063588402443
1,IDONTWANT,354,61,750.2063588402443
1,IDONTWANT,354,188,750.2063588402443
1,IDONTWANT,831,549,750.297526557805
1,IDONTWANT,831,825,750.297526557805
1,IDONTWANT,831,363,750.297526557805
1,IDONTWANT,831,790,750.297526557805
1,IDONTWANT,811,316,751.2195415217282
1,IDONTWANT,811,598,751.2195415217282
1,IDONTWANT,811,438,751.2195415217282
1,IDONTWANT,811,910,751.2195415217282
1,IDONTWANT,751,89,751.6073368409758
1,IDONTWANT,751,804,751.6073368409758
1,IDONTWANT,751,41,751.6073368409758
1,IDONTWANT,751,408,751.6073368409758
1,IDONTWANT,654,684,751.7102477223859
1,IDONTWANT,654,740,751.7102477223859
1,IDONTWANT,654,669,751.7102477223859
1,IDONTWANT,654,902,751.7102477223859
1,IDONTWANT,188,911,752.2431035751898
1,IDONTWANT,188,403,752.2431035751898
1,IDONTWANT,188,994,752.2431035751898
1,IDONTWANT,188,519,752.2431035751898
1,IDONTWANT,158,984,752.7048353154898
1,IDONTWANT,158,65,752.7048353154898
1,IDONTWANT,158,115,752.7048353154898
1,IDONTWANT,158,941,752.7048353154898
1,IDONTWANT,578,31,753.176536221061
1,IDONTWANT,578,42,753.176536221061
1,IDONTWANT,578,141,753.176536221061
1,IDONTWANT,578,710,753.176536221061
1,IDONTWANT,518,320,753.4740937057991
1,IDONTWANT,518,751,753.4740937057991
1,IDONTWANT,518,1,753.4740937057991
1,IDONTWANT,518,766,753.4740937057991
1,IDONTWANT,446,792,753.8781660441435
1,IDONTWANT,446,166,753.8781660441435
1,IDONTWANT,446,133,753.8781660441435
1,IDONTWANT,446,15,753.8781660441435
1,IDONTWANT,255,596,754.1599755914717
1,IDONTWANT,255,92,754.1599755914717
1,IDONTWANT,255,145,754.1599755914717
1,IDONTWANT,255,766,754.1599755914717
1,IDONTWANT,565,334,755.4622016055993
1,IDONTWANT,565,196,755.4622016055993
1,IDONTWANT,565,902,755.4622016055993
1,IDONTWANT,565,398,755.4622016055993
1,IDONTWANT,995,341,755.9921555860452
1,IDONTWANT,995,226,755.9921555860452
1,IDONTWANT,995,193,755.9921555860452
1,IDONTWANT,995,524,755.9921555860452
1,IDONTWANT,882,911,757.4579541880565
1,IDONTWANT,882,767,757.4579541880565
1,IDONTWANT,882,143,757.4579541880565
1,IDONTWANT,882,796,757.4579541880565
1,IDONTWANT,712,239,757.9043135437174
1,IDONTWANT,712,190,757.9043135437174
1,IDONTWANT,712,795,757.9043135437174
1,IDONTWANT,712,462,757.9043135437174
1,IDONTWANT,604,294,758.0528567892612
1,IDONTWANT,604,174,758.0528567892612
1,IDONTWANT,604,446,758.0528567892612
1,IDONTWANT,604,1,758.0528567892612
1,IDONTWANT,598,294,758.8427826344471
1,IDONTWANT,598,634,758.8427826344471
1,IDONTWANT,598,764,758.8427826344471
1,IDONTWANT,598,31,758.8427826344471
1,IDONTWANT,163,433,758.9435258798089
1,IDONTWANT,163,870,758.9435258798089
1,IDONTWANT,163,934,758.9435258798089
1,IDONTWANT,163,693,758.9435258798089
1,IDONTWANT,16,730,759.5443903883888
1,IDONTWANT,16,65,759.5443903883888
1,IDONTWANT,16,578,759.5443903883888
1,IDONTWANT,16,62,759.5443903883888
1,IDONTWANT,222,824,759.5585972393279
1,IDONTWANT,222,16,759.5585972393279
1,IDONTWANT,222,847,759.5585972393279
1,IDONTWANT,222,703,759.5585972393279
1,IDONTWANT,103,412,760.5295511657753
1,IDONTWANT,103,762,760.5295511657753
1,IDONTWANT,103,970,760.5295511657753
1,IDONTWANT,103,86,760.5295511657753
1,IDONTWANT,842,647,760.5525654389784
1,IDONTWANT,842,474,760.5525654389784
1,IDONTWANT,842,806,760.5525654389784
1,IDONTWANT,842,83,760.5525654389784
1,IDONTWANT,832,64,760.8882471110352
1,IDONTWANT,832,238,760.8882471110352
1,IDONTWANT,832,407,760.8882471110352
1,IDONTWANT,832,593,760.8882471110352
1,IDONTWANT,128,569,761.0190006053917
1,IDONTWANT,128,495,761.0190006053917
1,IDONTWANT,128,804,761.0190006053917
1,IDONTWANT,128,796,761.0190006053917
1,IDONTWANT,322,1,761.4110103783505
1,IDONTWANT,322,802,761.4110103783505
1,IDONTWANT,322,128,761.4110103783505
1,IDONTWANT,322,238,761.4110103783505
1,IDONTWANT,177,993,761.4979899868284
1,IDONTWANT,177,165,761.4979899868284
1,IDONTWANT,177,269,761.4979899868284
1,IDONTWANT,177,51,761.4979899868284
1,IDONTWANT,18,545,761.8310292375962
1,IDONTWANT,18,438,761.8310292375962
1,IDONTWANT,18,796,761.8310292375962
1,IDONTWANT,18,322,761.8310292375962
1,IDONTWANT,554,39,762.0890704046183
1,IDONTWANT,554,126,762.0890704046183
1,IDONTWANT,554,343,762.0890704046183
1,IDONTWANT,554,913,762.0890704046183
1,IDONTWANT,986,906,762.1658553588893
1,IDONTWANT,986,300,762.1658553588893
1,IDONTWANT,986,937,762.1658553588893
1,IDONTWANT,986,416,762.1658553588893
1,IDONTWANT,692,654,762.7083164311039
1,IDONTWANT,692,851,762.7083164311039
1,IDONTWANT,692,839,762.7083164311039
1,IDONTWANT,692,815,762.7083164311039
1,IDONTWANT,838,591,762.8573690113762
1,IDONTWANT,838,577,762.8573690113762
1,IDONTWANT,838,367,762.8573690113762
1,IDONTWANT,838,412,762.8573690113762
1,IDONTWANT,156,721,763.0836741527221
1,IDONTWANT,156,18,763.0836741527221
1,IDONTWANT,156,394,763.0836741527221
1,IDONTWANT,156,340,763.0836741527221
1,IDONTWANT,210,307,763.5101707523149
1,IDONTWANT,210,312,763.5101707523149
1,IDONTWANT,210,645,763.5101707523149
1,IDONTWANT,210,239,763.5101707523149
1,IDONTWANT,256,537,763.5775820880322
1,IDONTWANT,256,269,763.5775820880322
1,IDONTWANT,256,976,763.5775820880322
1,IDONTWANT,256,369,763.5775820880322
1,IDONTWANT,295,438,764.1102755685062
1,IDONTWANT,295,142,764.1102755685062
1,IDONTWANT,295,561,764.1102755685062
1,IDONTWANT,295,197,764.1102755685062
1,IDONTWANT,449,587,764.3450086378375
1,IDONTWANT,449,638,764.3450086378375
1,IDONTWANT,449,950,764.3450086378375
1,IDONTWANT,449,379,764.3450086378375
1,IDONTWANT,443,445,765.0722427643448
1,IDONTWANT,443,924,765.0722427643448
1,IDONTWANT,443,160,765.0722427643448
1,IDONTWANT,443,433,765.0722427643448
1,IDONTWANT,46,564,765.5008037970603
1,IDONTWANT,46,286,765.5008037970603
1,IDONTWANT,46,724,765.5008037970603
1,IDONTWANT,46,426,765.5008037970603
1,IDONTWANT,775,457,765.5705996730476
1,IDONTWANT,775,68,765.5705996730476
1,IDONTWANT,775,14,765.5705996730476
1,IDONTWANT,775,696,765.5705996730476
1,IDONTWANT,438,319,765.5953864362425
1,IDONTWANT,438,764,765.5953864362425
1,IDONTWANT,438,581,765.5953864362425
1,IDONTWANT,438,905,765.5953864362425
1,IDONTWANT,584,901,765.8586669160649
1,IDONTWANT,584,889,765.8586669160649
1,IDONTWANT,584,774,765.8586669160649
1,IDONTWANT,584,937,765.8586669160649
1,IDONTWANT,640,168,765.8691643374882
1,IDONTWANT,640,986,765.8691643374882
1,IDONTWANT,640,674,765.8691643374882
1,IDONTWANT,640,104,765.8691643374882
1,IDONTWANT,904,166,766.6262900810138
1,IDONTWANT,904,58,766.6262900810138
1,IDONTWANT,904,852,766.6262900810138
1,IDONTWANT,904,743,766.6262900810138
1,IDONTWANT,546,833,766.8083463199367
1,IDONTWANT,546,628,766.8083463199367
1,IDONTWANT,546,178,766.8083463199367
1,IDONTWANT,546,520,766.8083463199367
1,IDONTWANT,271,78,767.0055449555414
1,IDONTWANT,271,370,767.0055449555414
1,IDONTWANT,271,948,767.0055449555414
1,IDONTWANT,271,439,767.0055449555414
1,IDONTWANT,201,985,767.0587237849595
1,IDONTWANT,201,337,767.0587237849595
1,IDONTWANT,201,996,767.0587237849595
1,IDONTWANT,201,561,767.0587237849595
1,IDONTWANT,537,960,767.8052084878562
1,IDONTWANT,537,530,767.8052084878562
1,IDONTWANT,537,752,767.8052084878562
1,IDONTWANT,537,504,767.8052084878562
1,IDONTWANT,555,768,768.090942289682
1,IDONTWANT,555,948,768.090942289682
1,IDONTWANT,555,712,768.090942289682
1,IDONTWANT,555,966,768.090942289682
1,IDONTWANT,752,740,768.0975827041555
1,IDONTWANT,752,567,768.0975827041555
1,IDONTWANT,752,907,768.0975827041555
1,IDONTWANT,752,415,768.0975827041555
1,IDONTWANT,126,743,770.8792997287636
1,IDONTWANT,126,123,770.8792997287636
1,IDONTWANT,126,570,770.8792997287636
1,IDONTWANT,126,63,770.8792997287636
1,IDONTWANT,991,395,771.0824763679159
1,IDONTWANT,991,206,771.0824763679159
1,IDONTWANT,991,561,771.0824763679159
1,IDONTWANT,991,727,771.0824763679159
1,IDONTWANT,508,706,771.6979397147751
1,IDONTWANT,508,904,771.6979397147751
1,IDONTWANT,508,918,771.6979397147751
1,IDONTWANT,508,107,771.6979397147751
1,IDONTWANT,383,966,772.6796409211213
1,IDONTWANT,383,66,772.6796409211213
1,IDONTWANT,383,24,772.6796409211213
1,IDONTWANT,383,846,772.6796409211213
1,IDONTWANT,858,122,773.1157785562968
1,IDONTWANT,858,723,773.1157785562968
1,IDONTWANT,858,983,773.1157785562968
1,IDONTWANT,858,92,773.1157785562968
1,IDONTWANT,122,537,773.3158032798452
1,IDONTWANT,122,523,773.3158032798452
1,IDONTWANT,122,19,773.3158032798452
1,IDONTWANT,122,894,773.3158032798452
1,IDONTWANT,543,964,773.6710085506118
1,IDONTWANT,543,201,773.6710085506118
1,IDONTWANT,543,145,773.6710085506118
1,IDONTWANT,543,423,773.6710085506118
1,IDONTWANT,645,211,774.1038847115947
1,IDONTWANT,645,907,774.1038847115947
1,IDONTWANT,645,397,774.1038847115947
1,IDONTWANT,645,475,774.1038847115947
1,IDONTWANT,542,12,775.0049400750848
1,IDONTWANT,542,628,775.0049400750848
1,IDONTWANT,542,565,775.0049400750848
1,IDONTWANT,542,673,775.0049400750848
1,IDONTWANT,728,164,775.5324781255346
1,IDONTWANT,728,861,775.5324781255346
1,IDONTWANT,728,328,775.5324781255346
1,IDONTWANT,728,479,775.5324781255346
1,IDONTWANT,131,791,776.0211933088208
1,IDONTWANT,131,100,776.0211933088208
1,IDONTWANT,131,520,776.0211933088208
1,IDONTWANT,131,464,776.0211933088208
1,IDONTWANT,682,643,776.6258103508704
1,IDONTWANT,682,716,776.6258103508704
1,IDONTWANT,682,692,776.6258103508704
1,IDONTWANT,682,360,776.6258103508704
1,IDONTWANT,229,642,776.9339173371436
1,IDONTWANT,229,545,776.9339173371436
1,IDONTWANT,229,698,776.9339173371436
1,IDONTWANT,229,251,776.9339173371436
1,IDONTWANT,469,689,777.0560247115577
1,IDONTWANT,469,39,777.0560247115577
1,IDONTWANT,469,684,777.0560247115577
1,IDONTWANT,469,859,777.0560247115577
1,IDONTWANT,884,952,777.0972437884299
1,IDONTWANT,884,394,777.0972437884299
1,IDONTWANT,884,862,777.0972437884299
1,IDONTWANT,884,22,777.0972437884299
1,IDONTWANT,437,314,778.0448118449209
1,IDONTWANT,437,427,778.0448118449209
1,IDONTWANT,437,977,778.0448118449209
1,IDONTWANT,437,52,778.0448118449209
1,IDONTWANT,574,79,778.2804389031561
1,IDONTWANT,574,579,778.2804389031561
1,IDONTWANT,574,933,778.2804389031561
1,IDONTWANT,574,175,778.2804389031561
1,IDONTWANT,657,185,778.3960694751137
1,IDONTWANT,657,656,778.3960694751137
1,IDONTWANT,657,127,778.3960694751137
1,IDONTWANT,657,464,778.3960694751137
1,IDONTWANT,965,981,779.1630850945861
1,IDONTWANT,965,696,779.1630850945861
1,IDONTWANT,965,956,779.1630850945861
1,IDONTWANT,965,361,779.1630850945861
1,IDONTWANT,404,793,779.2179351066047
1,IDONTWANT,404,681,779.2179351066047
1,IDONTWANT,404,778,779.2179351066047
1,IDONTWANT,404,124,779.2179351066047
1,IDONTWANT,203,904,779.3302449872325
1,IDONTWANT,203,317,779.3302449872325
1,IDONTWANT,203,224,779.3302449872325
1,IDONTWANT,203,366,779.3302449872325
1,IDONTWANT,644,654,779.5114975964287
1,IDONTWANT,644,934,779.5114975964287
1,IDONTWANT,644,109,779.5114975964287
1,IDONTWANT,644,287,779.5114975964287
1,IDONTWANT,22,84,779.6900701317883
1,IDONTWANT,22,589,779.6900701317883
1,IDONTWANT,22,308,779.6900701317883
1,IDONTWANT,22,538,779.6900701317883
1,IDONTWANT,523,669,779.992023409327
1,IDONTWANT,523,46,779.992023409327
1,IDONTWANT,523,22,779.992023409327
1,IDONTWANT,523,55,779.992023409327
1,IDONTWANT,425,377,780.2009013888438
1,IDONTWANT,425,348,780.2009013888438
1,IDONTWANT,425,144,780.2009013888438
1,IDONTWANT,425,45,780.2009013888438
1,IDONTWANT,264,353,780.2883895241494
1,IDONTWANT,264,386,780.2883895241494
1,IDONTWANT,264,324,780.2883895241494
1,IDONTWANT,264,123,780.2883895241494
1,IDONTWANT,845,21,780.449523256548
1,IDONTWANT,845,96,780.449523256548
1,IDONTWANT,845,34,780.449523256548
1,IDONTWANT,845,209,780.449523256548
1,IDONTWANT,157,530,780.6860952779117
1,IDONTWANT,157,639,780.6860952779117
1,IDONTWANT,157,303,780.6860952779117
1,IDONTWANT,157,525,780.6860952779117
1,IDONTWANT,317,229,781.1219143223461
1,IDONTWANT,317,158,781.1219143223461
1,IDONTWANT,317,155,781.1219143223461
1,IDONTWANT,317,535,781.1219143223461
1,IDONTWANT,179,644,781.2914101642434
1,IDONTWANT,179,313,781.2914101642434
1,IDONTWANT,179,544,781.2914101642434
1,IDONTWANT,179,778,781.2914101642434
1,IDONTWANT,952,905,781.6913314811824
1,IDONTWANT,952,140,781.6913314811824
1,IDONTWANT,952,554,781.6913314811824
1,IDONTWANT,952,606,781.6913314811824
1,IDONTWANT,220,142,781.7030286491433
1,IDONTWANT,220,932,781.7030286491433
1,IDONTWANT,220,537,781.7030286491433
1,IDONTWANT,220,771,781.7030286491433
1,IDONTWANT,17,634,782.1798647989058
1,IDONTWANT,17,211,782.1798647989058
1,IDONTWANT,17,509,782.1798647989058
1,IDONTWANT,17,697,782.1798647989058
1,IDONTWANT,483,41,782.7188159035547
1,IDONTWANT,483,652,782.7188159035547
1,IDONTWANT,483,133,782.7188159035547
1,IDONTWANT,483,84,782.7188159035547
1,IDONTWANT,961,343,782.8766327204381
1,IDONTWANT,961,732,782.8766327204381
1,IDONTWANT,961,446,782.8766327204381
1,IDONTWANT,961,863,782.8766327204381
1,IDONTWANT,244,136,783.1251598128509
1,IDONTWANT,244,12,783.1251598128509
1,IDONTWANT,244,494,783.1251598128509
1,IDONTWANT,244,62,783.1251598128509
1,IDONTWANT,819,144,784.1539793422882
1,IDONTWANT,819,832,784.1539793422882
1,IDONTWANT,819,912,784.1539793422882
1,IDONTWANT,819,889,784.1539793422882
1,IDONTWANT,144,218,785.0635368639778
1,IDONTWANT,144,686,785.0635368639778
1,IDONTWANT,144,311,785.0635368639778
1,IDONTWANT,144,803,785.0635368639778
1,IDONTWANT,593,344,785.2430837040649
1,IDONTWANT,593,433,785.2430837040649
1,IDONTWANT,593,267,785.2430837040649
1,IDONTWANT,593,21,785.2430837040649
1,IDONTWANT,328,967,785.3856166531388
1,IDONTWANT,328,597,785.3856166531388
1,IDONTWANT,328,196,785.3856166531388
1,IDONTWANT,328,398,785.3856166531388
1,IDONTWANT,416,937,785.39644209459
1,IDONTWANT,416,382,785.39644209459
1,IDONTWANT,416,41,785.39644209459
1,IDONTWANT,416,898,785.39644209459
1,IDONTWANT,198,249,786.2414214971407
1,IDONTWANT,198,710,786.2414214971407
1,IDONTWANT,198,301,786.2414214971407
1,IDONTWANT,198,46,786.2414214971407
1,IDONTWANT,998,166,786.5777156664631
1,IDONTWANT,998,882,786.5777156664631
1,IDONTWANT,998,974,786.5777156664631
1,IDONTWANT,998,244,786.5777156664631
1,IDONTWANT,609,506,786.6888311975881
1,IDONTWANT,609,606,786.6888311975881
1,IDONTWANT,609,355,786.6888311975881
1,IDONTWANT,609,981,786.6888311975881
1,IDONTWANT,966,255,787.0113862462672
1,IDONTWANT,966,891,787.0113862462672
1,IDONTWANT,966,432,787.0113862462672
1,IDONTWANT,966,679,787.0113862462672
1,IDONTWANT,635,158,787.4996131196418
1,IDONTWANT,635,741,787.4996131196418
1,IDONTWANT,635,159,787.4996131196418
1,IDONTWANT,635,999,787.4996131196418
1,IDONTWANT,771,957,787.5449434191269
1,IDONTWANT,771,936,787.5449434191269
1,IDONTWANT,771,55,787.5449434191269
1,IDONTWANT,771,509,787.5449434191269
1,IDONTWANT,909,293,788.4180838451913
1,IDONTWANT,909,190,788.4180838451913
1,IDONTWANT,909,368,788.4180838451913
1,IDONTWANT,909,445,788.4180838451913
1,IDONTWANT,69,486,789.5366688496741
1,IDONTWANT,69,126,789.5366688496741
1,IDONTWANT,69,119,789.5366688496741
1,IDONTWANT,69,870,789.5366688496741
1,IDONTWANT,535,576,789.7172793422069
1,IDONTWANT,535,915,789.7172793422069
1,IDONTWANT,535,358,789.7172793422069
1,IDONTWANT,535,609,789.7172793422069
1,IDONTWANT,699,2,789.8710426308778
1,IDONTWANT,699,825,789.8710426308778
1,IDONTWANT,699,740,789.8710426308778
1,IDONTWANT,699,819,789.8710426308778
1,IDONTWANT,781,4,791.1378670351452
1,IDONTWANT,781,9,791.1378670351452
1,IDONTWANT,781,700,791.1378670351452
1,IDONTWANT,781,685,791.1378670351452
1,IDONTWANT,296,249,791.164499389447
1,IDONTWANT,296,92,791.164499389447
1,IDONTWANT,296,178,791.164499389447
1,IDONTWANT,296,351,791.164499389447
1,IDONTWANT,257,135,791.2057421736679
1,IDONTWANT,257,618,791.2057421736679
1,IDONTWANT,257,840,791.2057421736679
1,IDONTWANT,257,647,791.2057421736679
1,IDONTWANT,41,295,791.4363683791178
1,IDONTWANT,41,133,791.4363683791178
1,IDONTWANT,41,757,791.4363683791178
1,IDONTWANT,41,254,791.4363683791178
1,IDONTWANT,246,101,791.7051055470226
1,IDONTWANT,246,709,791.7051055470226
1,IDONTWANT,246,222,791.7051055470226
1,IDONTWANT,246,692,791.7051055470226
1,IDONTWANT,5,72,792.0098798038098
1,IDONTWANT,5,247,792.0098798038098
1,IDONTWANT,5,93,792.0098798038098
1,IDONTWANT,5,565,792.0098798038098
1,IDONTWANT,802,977,792.0486669813187
1,IDONTWANT,802,660,792.0486669813187
1,IDONTWANT,802,167,792.0486669813187
1,IDONTWANT,802,644,792.0486669813187
1,IDONTWANT,580,69,793.0983559444928
1,IDONTWANT,580,755,793.0983559444928
1,IDONTWANT,580,47,793.0983559444928
1,IDONTWANT,580,67,793.0983559444928
1,IDONTWANT,616,107,793.459656688195
1,IDONTWANT,616,644,793.459656688195
1,IDONTWANT,616,334,793.459656688195
1,IDONTWANT,616,364,793.459656688195
1,IDONTWANT,386,396,793.9281114651652
1,IDONTWANT,386,809,793.9281114651652
1,IDONTWANT,386,257,793.9281114651652
1,IDONTWANT,386,936,793.9281114651652
1,IDONTWANT,57,922,794.2848784927882
1,IDONTWANT,57,892,794.2848784927882
1,IDONTWANT,57,799,794.2848784927882
1,IDONTWANT,57,975,794.2848784927882
1,IDONTWANT,993,310,794.9731605216188
1,IDONTWANT,993,627,794.9731605216188
1,IDONTWANT,993,489,794.9731605216188
1,IDONTWANT,993,480,794.9731605216188
1,IDONTWANT,614,652,795.4077304635871
1,IDONTWANT,614,786,795.4077304635871
1,IDONTWANT,614,82,795.4077304635871
1,IDONTWANT,614,502,795.4077304635871
1,IDONTWANT,753,558,795.8632537644276
1,IDONTWANT,753,587,795.8632537644276
1,IDONTWANT,753,50,795.8632537644276
1,IDONTWANT,753,408,795.8632537644276
1,IDONTWANT,465,160,795.8775573529991
1,IDONTWANT,465,392,795.8775573529991
1,IDONTWANT,465,367,795.8775573529991
1,IDONTWANT,465,126,795.8775573529991
1,IDONTWANT,532,893,796.0855777293145
1,IDONTWANT,532,682,796.0855777293145
1,IDONTWANT,532,801,796.0855777293145
1,IDONTWANT,532,276,796.0855777293145
1,IDONTWANT,278,439,796.8444322842879
1,IDONTWANT,278,906,796.8444322842879
1,IDONTWANT,278,29,796.8444322842879
1,IDONTWANT,278,832,796.8444322842879
1,IDONTWANT,723,847,797.0819300173937
1,IDONTWANT,723,142,797.0819300173937
1,IDONTWANT,723,484,797.0819300173937
1,IDONTWANT,723,504,797.0819300173937
1,IDONTWANT,633,196,797.4264463597672
1,IDONTWANT,633,273,797.4264463597672
1,IDONTWANT,633,308,797.4264463597672
1,IDONTWANT,633,773,797.4264463597672
1,IDONTWANT,625,772,797.7862930142077
1,IDONTWANT,625,619,797.7862930142077
1,IDONTWANT,625,662,797.7862930142077
1,IDONTWANT,625,34,797.7862930142077
1,IDONTWANT,218,914,798.2973956311816
1,IDONTWANT,218,526,798.2973956311816
1,IDONTWANT,218,643,798.2973956311816
1,IDONTWANT,218,440,798.2973956311816
1,IDONTWANT,241,203,799.3279713712527
1,IDONTWANT,241,79,799.3279713712527
1,IDONTWANT,241,615,799.3279713712527
1,IDONTWANT,241,150,799.3279713712527
1,IDONTWANT,489,750,799.7233779659254
1,IDONTWANT,489,710,799.7233779659254
1,IDONTWANT,489,835,799.7233779659254
1,IDONTWANT,489,112,799.7233779659254
1,IDONTWANT,282,956,801.2727641167867
1,IDONTWANT,282,750,801.2727641167867
1,IDONTWANT,282,421,801.2727641167867
1,IDONTWANT,282,462,801.2727641167867
1,IDONTWANT,777,675,801.8081709526364
1,IDONTWANT,777,159,801.8081709526364
1,IDONTWANT,777,486,801.8081709526364
1,IDONTWANT,777,789,801.8081709526364
1,IDONTWANT,348,975,801.8479710459189
1,IDONTWANT,348,639,801.8479710459189
1,IDONTWANT,348,508,801.8479710459189
1,IDONTWANT,348,625,801.8479710459189
1,IDONTWANT,161,40,802.8070406795242
1,IDONTWANT,161,928,802.8070406795242
1,IDONTWANT,161,798,802.8070406795242
1,IDONTWANT,161,186,802.8070406795242
1,IDONTWANT,515,303,803.1967707925132
1,IDONTWANT,515,840,803.1967707925132
1,IDONTWANT,515,529,803.1967707925132
1,IDONTWANT,515,259,803.1967707925132
1,IDONTWANT,243,710,805.273631208825
1,IDONTWANT,243,312,805.273631208825
1,IDONTWANT,243,637,805.273631208825
1,IDONTWANT,243,582,805.273631208825
1,IDONTWANT,391,622,805.5269740957987
1,IDONTWANT,391,241,805.5269740957987
1,IDONTWANT,391,335,805.5269740957987
1,IDONTWANT,391,882,805.5269740957987
1,IDONTWANT,172,68,805.678980550499
1,IDONTWANT,172,271,805.678980550499
1,IDONTWANT,172,884,805.678980550499
1,IDONTWANT,172,124,805.678980550499
1,IDONTWANT,764,37,805.9787352690336
1,IDONTWANT,764,431,805.9787352690336
1,IDONTWANT,764,794,805.9787352690336
1,IDONTWANT,764,103,805.9787352690336
1,IDONTWANT,27,501,806.0028116745467
1,IDONTWANT,27,432,806.0028116745467
1,IDONTWANT,27,41,806.0028116745467
1,IDONTWANT,27,986,806.0028116745467
1,IDONTWANT,708,648,809.2140056283711
1,IDONTWANT,708,596,809.2140056283711
1,IDONTWANT,708,15,809.2140056283711
1,IDONTWANT,708,673,809.2140056283711
1,IDONTWANT,283,630,809.2447859463718
1,IDONTWANT,283,771,809.2447859463718
1,IDONTWANT,283,141,809.2447859463718
1,IDONTWANT,283,660,809.2447859463718
1,IDONTWANT,596,933,809.3613312779308
1,IDONTWANT,596,328,809.3613312779308
1,IDONTWANT,596,788,809.3613312779308
1,IDONTWANT,596,988,809.3613312779308
1,IDONTWANT,227,107,810.0231615640873
1,IDONTWANT,227,386,810.0231615640873
1,IDONTWANT,227,856,810.0231615640873
1,IDONTWANT,227,463,810.0231615640873
1,IDONTWANT,810,852,810.7990568384222
1,IDONTWANT,810,154,810.7990568384222
1,IDONTWANT,810,615,810.7990568384222
1,IDONTWANT,810,853,810.7990568384222
1,IDONTWANT,824,566,811.2140199573735
1,IDONTWANT,824,496,811.2140199573735
1,IDONTWANT,824,816,811.2140199573735
1,IDONTWANT,824,390,811.2140199573735
1,IDONTWANT,809,891,811.5022028330551
1,IDONTWANT,809,620,811.5022028330551
1,IDONTWANT,809,743,811.5022028330551
1,IDONTWANT,809,15,811.5022028330551
1,IDONTWANT,119,598,811.5835610492452
1,IDONTWANT,119,835,811.5835610492452
1,IDONTWANT,119,926,811.5835610492452
1,IDONTWANT,119,530,811.5835610492452
1,IDONTWANT,393,802,811.9832645626942
1,IDONTWANT,393,611,811.9832645626942
1,IDONTWANT,393,80,811.9832645626942
1,IDONTWANT,393,525,811.9832645626942
1,IDONTWANT,987,591,812.3678431409888
1,IDONTWANT,987,295,812.3678431409888
1,IDONTWANT,987,280,812.3678431409888
1,IDONTWANT,987,249,812.3678431409888
1,IDONTWANT,837,825,812.6690713892151
1,IDONTWANT,837,717,812.6690713892151
1,IDONTWANT,837,296,812.6690713892151
1,IDONTWANT,837,371,812.6690713892151
1,IDONTWANT,439,365,814.1529093624384
1,IDONTWANT,439,424,814.1529093624384
1,IDONTWANT,439,426,814.1529093624384
1,IDONTWANT,439,18,814.1529093624384
1,IDONTWANT,237,758,817.2450203243743
1,IDONTWANT,237,666,817.2450203243743
1,IDONTWANT,237,472,817.2450203243743
1,IDONTWANT,237,506,817.2450203243743
1,IDONTWANT,957,430,818.7768609507856
1,IDONTWANT,957,611,818.7768609507856
1,IDONTWANT,957,859,818.7768609507856
1,IDONTWANT,957,617,818.7768609507856
1,IDONTWANT,757,808,819.4270646293492
1,IDONTWANT,757,512,819.4270646293492
1,IDONTWANT,757,932,819.4270646293492
1,IDONTWANT,757,556,819.4270646293492
1,IDONTWANT,620,380,820.2929900723915
1,IDONTWANT,620,211,820.2929900723915
1,IDONTWANT,620,310,820.2929900723915
1,IDONTWANT,620,269,820.2929900723915
1,IDONTWANT,10,227,820.6615200298887
1,IDONTWANT,10,48,820.6615200298887
1,IDONTWANT,10,571,820.6615200298887
1,IDONTWANT,10,880,820.6615200298887
1,IDONTWANT,923,288,821.7715156251576
1,IDONTWANT,923,862,821.7715156251576
1,IDONTWANT,923,654,821.7715156251576
1,IDONTWANT,923,885,821.7715156251576
1,IDONTWANT,40,506,821.9623294799343
1,IDONTWANT,40,61,821.9623294799343
1,IDONTWANT,40,224,821.9623294799343
1,IDONTWANT,40,787,821.9623294799343
1,IDONTWANT,419,598,822.8378381001855
1,IDONTWANT,419,198,822.8378381001855
1,IDONTWANT,419,953,822.8378381001855
1,IDONTWANT,419,76,822.8378381001855
1,IDONTWANT,973,905,824.0614349190411
1,IDONTWANT,973,997,824.0614349190411
1,IDONTWANT,973,41,824.0614349190411
1,IDONTWANT,973,35,824.0614349190411
1,IDONTWANT,406,581,824.0763734239807
1,IDONTWANT,406,274,824.0763734239807
1,IDONTWANT,406,381,824.0763734239807
1,IDONTWANT,406,260,824.0763734239807
1,IDONTWANT,112,143,824.3925490596038
1,IDONTWANT,112,445,824.3925490596038
1,IDONTWANT,112,893,824.3925490596038
1,IDONTWANT,112,200,824.3925490596038
1,IDONTWANT,914,615,824.5616199172878
1,IDONTWANT,914,81,824.5616199172878
1,IDONTWANT,914,848,824.5616199172878
1,IDONTWANT,914,89,824.5616199172878
1,IDONTWANT,369,382,824.8157057476863
1,IDONTWANT,369,555,824.8157057476863
1,IDONTWANT,369,942,824.8157057476863
1,IDONTWANT,369,458,824.8157057476863
1,IDONTWANT,174,428,825.3756971018248
1,IDONTWANT,174,949,825.3756971018248
1,IDONTWANT,174,938,825.3756971018248
1,IDONTWANT,174,275,825.3756971018248
1,IDONTWANT,898,806,825.4398569292562
1,IDONTWANT,898,684,825.4398569292562
1,IDONTWANT,898,948,825.4398569292562
1,IDONTWANT,898,216,825.4398569292562
1,IDONTWANT,20,371,825.4929579066554
1,IDONTWANT,20,307,825.4929579066554
1,IDONTWANT,20,255,825.4929579066554
1,IDONTWANT,20,814,825.4929579066554
1,IDONTWANT,938,525,825.6878171808756
1,IDONTWANT,938,26,825.6878171808756
1,IDONTWANT,938,543,825.6878171808756
1,IDONTWANT,938,823,825.6878171808756
1,IDONTWANT,420,381,826.2304044450415
1,IDONTWANT,420,525,826.2304044450415
1,IDONTWANT,420,887,826.2304044450415
1,IDONTWANT,420,182,826.2304044450415
1,IDONTWANT,394,202,826.5373593629128
1,IDONTWANT,394,402,826.5373593629128
1,IDONTWANT,394,771,826.5373593629128
1,IDONTWANT,394,163,826.5373593629128
1,IDONTWANT,629,173,827.5045520207709
1,IDONTWANT,629,474,827.5045520207709
1,IDONTWANT,629,449,827.5045520207709
1,IDONTWANT,629,706,827.5045520207709
1,IDONTWANT,719,506,827.97688256277
1,IDONTWANT,719,709,827.97688256277
1,IDONTWANT,719,218,827.97688256277
1,IDONTWANT,719,543,827.97688256277
1,IDONTWANT,693,836,830.7337895619606
1,IDONTWANT,693,423,830.7337895619606
1,IDONTWANT,693,479,830.7337895619606
1,IDONTWANT,693,301,830.7337895619606
1,IDONTWANT,340,34,831.865508764163
1,IDONTWANT,340,713,831.865508764163
1,IDONTWANT,340,347,831.865508764163
1,IDONTWANT,340,736,831.865508764163
1,IDONTWANT,247,502,831.8800640780432
1,IDONTWANT,247,298,831.8800640780432
1,IDONTWANT,247,726,831.8800640780432
1,IDONTWANT,247,529,831.8800640780432
1,IDONTWANT,315,541,832.1232410419725
1,IDONTWANT,315,876,832.1232410419725
1,IDONTWANT,315,480,832.1232410419725
1,IDONTWANT,315,996,832.1232410419725
1,IDONTWANT,195,167,832.3769713844931
1,IDONTWANT,195,56,832.3769713844931
1,IDONTWANT,195,86,832.3769713844931
1,IDONTWANT,195,682,832.3769713844931
1,IDONTWANT,451,356,832.4031188117823
1,IDONTWANT,451,290,832.4031188117823
1,IDONTWANT,451,165,832.4031188117823
1,IDONTWANT,451,534,832.4031188117823
1,IDONTWANT,232,516,832.7797266437598
1,IDONTWANT,232,920,832.7797266437598
1,IDONTWANT,232,549,832.7797266437598
1,IDONTWANT,232,94,832.7797266437598
1,IDONTWANT,784,483,834.0260334452132
1,IDONTWANT,784,18,834.0260334452132
1,IDONTWANT,784,282,834.0260334452132
1,IDONTWANT,784,736,834.0260334452132
1,IDONTWANT,127,334,834.7272394126592
1,IDONTWANT,127,699,834.7272394126592
1,IDONTWANT,127,531,834.7272394126592
1,IDONTWANT,127,544,834.7272394126592
1,IDONTWANT,154,94,834.7292327183128
1,IDONTWANT,154,740,834.7292327183128
1,IDONTWANT,154,375,834.7292327183128
1,IDONTWANT,154,19,834.7292327183128
1,IDONTWANT,560,658,834.919738793116
1,IDONTWANT,560,951,834.919738793116
1,IDONTWANT,560,989,834.919738793116
1,IDONTWANT,560,916,834.919738793116
1,IDONTWANT,186,675,835.8779413289744
1,IDONTWANT,186,839,835.8779413289744
1,IDONTWANT,186,666,835.8779413289744
1,IDONTWANT,186,443,835.8779413289744
1,IDONTWANT,321,87,835.9759983287823
1,IDONTWANT,321,565,835.9759983287823
1,IDONTWANT,321,796,835.9759983287823
1,IDONTWANT,321,40,835.9759983287823
1,IDONTWANT,19,477,836.0328963156553
1,IDONTWANT,19,600,836.0328963156553
1,IDONTWANT,19,946,836.0328963156553
1,IDONTWANT,19,465,836.0328963156553
1,IDONTWANT,366,365,836.1482627328215
1,IDONTWANT,366,788,836.1482627328215
1,IDONTWANT,366,842,836.1482627328215
1,IDONTWANT,366,316,836.1482627328215
1,IDONTWANT,234,755,838.1289752931335
1,IDONTWANT,234,486,838.1289752931335
1,IDONTWANT,234,259,838.1289752931335
1,IDONTWANT,234,829,838.1289752931335
1,IDONTWANT,48,981,838.5415012501162
1,IDONTWANT,48,237,838.5415012501162
1,IDONTWANT,48,155,838.5415012501162
1,IDONTWANT,48,85,838.5415012501162
1,IDONTWANT,381,3,840.0008635191607
1,IDONTWANT,381,739,840.0008635191607
1,IDONTWANT,381,774,840.0008635191607
1,IDONTWANT,381,610,840.0008635191607
1,IDONTWANT,343,757,840.3926017193862
1,IDONTWANT,343,866,840.3926017193862
1,IDONTWANT,343,517,840.3926017193862
1,IDONTWANT,343,69,840.3926017193862
1,IDONTWANT,830,394,840.7663643610417
1,IDONTWANT,830,470,840.7663643610417
1,IDONTWANT,830,553,840.7663643610417
1,IDONTWANT,830,89,840.7663643610417
1,IDONTWANT,115,247,841.7451210538686
1,IDONTWANT,115,783,841.7451210538686
1,IDONTWANT,115,601,841.7451210538686
1,IDONTWANT,115,334,841.7451210538686
1,IDONTWANT,834,854,842.430115428222
1,IDONTWANT,834,534,842.430115428222
1,IDONTWANT,834,328,842.430115428222
1,IDONTWANT,834,488,842.430115428222
1,IDONTWANT,660,248,843.2184465786868
1,IDONTWANT,660,802,843.2184465786868
1,IDONTWANT,660,409,843.2184465786868
1,IDONTWANT,660,731,843.2184465786868
1,IDONTWANT,84,200,845.1203838473979
1,IDONTWANT,84,826,845.1203838473979
1,IDONTWANT,84,246,845.1203838473979
1,IDONTWANT,84,838,845.1203838473979
1,IDONTWANT,968,543,846.9148954927664
1,IDONTWANT,968,191,846.9148954927664
1,IDONTWANT,968,70,846.9148954927664
1,IDONTWANT,968,332,846.9148954927664
1,IDONTWANT,270,403,847.3778849712223
1,IDONTWANT,270,400,847.3778849712223
1,IDONTWANT,270,891,847.3778849712223
1,IDONTWANT,270,604,847.3778849712223
1,IDONTWANT,788,711,847.484494164321
1,IDONTWANT,788,877,847.484494164321
1,IDONTWANT,788,148,847.484494164321
1,IDONTWANT,788,747,847.484494164321
1,IDONTWANT,864,176,848.6847500631908
1,IDONTWANT,864,39,848.6847500631908
1,IDONTWANT,864,965,848.6847500631908
1,IDONTWANT,864,262,848.6847500631908
1,IDONTWANT,857,612,848.9558221876712
1,IDONTWANT,857,655,848.9558221876712
1,IDONTWANT,857,406,848.9558221876712
1,IDONTWANT,167,91,849.4586112777112
1,IDONTWANT,167,286,849.4586112777112
1,IDONTWANT,167,58,849.4586112777112
1,IDONTWANT,167,819,849.4586112777112
1,IDONTWANT,739,346,850.4598787877045
1,IDONTWANT,739,96,850.4598787877045
1,IDONTWANT,739,883,850.4598787877045
1,IDONTWANT,739,674,850.4598787877045
1,IDONTWANT,111,105,850.8249958732985
1,IDONTWANT,111,540,850.8249958732985
1,IDONTWANT,111,768,850.8249958732985
1,IDONTWANT,111,957,850.8249958732985
1,IDONTWANT,936,62,851.6014419624461
1,IDONTWANT,936,298,851.6014419624461
1,IDONTWANT,936,893,851.6014419624461
1,IDONTWANT,936,110,851.6014419624461
1,IDONTWANT,120,431,855.1667420287924
1,IDONTWANT,120,847,855.1667420287924
1,IDONTWANT,120,940,855.1667420287924
1,IDONTWANT,120,900,855.1667420287924
1,IDONTWANT,418,194,855.3092931497392
1,IDONTWANT,418,615,855.3092931497392
1,IDONTWANT,418,997,855.3092931497392
1,IDONTWANT,418,848,855.3092931497392
1,IDONTWANT,612,219,855.5804549837651
1,IDONTWANT,612,961,855.5804549837651
1,IDONTWANT,612,717,855.5804549837651
1,IDONTWANT,612,237,855.5804549837651
1,IDONTWANT,735,954,856.2087432116089
1,IDONTWANT,735,338,856.2087432116089
1,IDONTWANT,735,829,856.2087432116089
1,IDONTWANT,735,96,856.2087432116089
1,IDONTWANT,552,672,856.7387923376862
1,IDONTWANT,552,463,856.7387923376862
1,IDONTWANT,552,179,856.7387923376862
1,IDONTWANT,552,231,856.7387923376862
1,IDONTWANT,262,504,856.7614044685486
1,IDONTWANT,262,698,856.7614044685486
1,IDONTWANT,262,462,856.7614044685486
1,IDONTWANT,262,416,856.7614044685486
1,IDONTWANT,668,108,857.031064748999
1,IDONTWANT,668,39,857.031064748999
1,IDONTWANT,668,257,857.031064748999
1,IDONTWANT,668,556,857.031064748999
1,IDONTWANT,975,939,857.1831607650672
1,IDONTWANT,975,694,857.1831607650672
1,IDONTWANT,975,638,857.1831607650672
1,IDONTWANT,975,279,857.1831607650672
1,IDONTWANT,558,446,858.3476025191081
1,IDONTWANT,558,703,858.3476025191081
1,IDONTWANT,558,808,858.3476025191081
1,IDONTWANT,558,940,858.3476025191081
1,IDONTWANT,62,452,858.3880602900557
1,IDONTWANT,62,167,858.3880602900557
1,IDONTWANT,62,113,858.3880602900557
1,IDONTWANT,62,349,858.3880602900557
1,IDONTWANT,767,806,858.7477214017617
1,IDONTWANT,767,316,858.7477214017617
1,IDONTWANT,767,575,858.7477214017617
1,IDONTWANT,767,727,858.7477214017617
1,IDONTWANT,473,315,859.0164353312472
1,IDONTWANT,473,597,859.0164353312472
1,IDONTWANT,473,255,859.0164353312472
1,IDONTWANT,473,435,859.0164353312472
1,IDONTWANT,814,239,859.6038425949655
1,IDONTWANT,814,827,859.6038425949655
1,IDONTWANT,814,462,859.6038425949655
1,IDONTWANT,814,290,859.6038425949655
1,IDONTWANT,615,807,860.3185734508932
1,IDONTWANT,615,714,860.3185734508932
1,IDONTWANT,615,574,860.3185734508932
1,IDONTWANT,615,806,860.3185734508932
1,IDONTWANT,910,41,860.7444077739545
1,IDONTWANT,910,934,860.7444077739545
1,IDONTWANT,910,418,860.7444077739545
1,IDONTWANT,910,223,860.7444077739545
1,IDONTWANT,880,950,861.4248890157279
1,IDONTWANT,880,852,861.4248890157279
1,IDONTWANT,880,225,861.4248890157279
1,IDONTWANT,880,79,861.4248890157279
1,IDONTWANT,997,405,864.2126251087792
1,IDONTWANT,997,12,864.2126251087792
1,IDONTWANT,997,946,864.2126251087792
1,IDONTWANT,997,361,864.2126251087792
1,IDONTWANT,83,831,865.8242324537212
1,IDONTWANT,83,808,865.8242324537212
1,IDONTWANT,83,777,865.8242324537212
1,IDONTWANT,83,874,865.8242324537212
1,IDONTWANT,697,722,866.1390113676309
1,IDONTWANT,697,385,866.1390113676309
1,IDONTWANT,697,704,866.1390113676309
1,IDONTWANT,697,259,866.1390113676309
1,IDONTWANT,474,398,866.1969019581122
1,IDONTWANT,474,675,866.1969019581122
1,IDONTWANT,474,376,866.1969019581122
1,IDONTWANT,474,457,866.1969019581122
1,IDONTWANT,707,143,866.530908465739
1,IDONTWANT,707,543,866.530908465739
1,IDONTWANT,707,852,866.530908465739
1,IDONTWANT,707,353,866.530908465739
1,IDONTWANT,517,600,866.8181920099792
1,IDONTWANT,517,951,866.8181920099792
1,IDONTWANT,517,680,866.8181920099792
1,IDONTWANT,517,918,866.8181920099792
1,IDONTWANT,956,961,869.4558727378394
1,IDONTWANT,956,650,869.4558727378394
1,IDONTWANT,956,398,869.4558727378394
1,IDONTWANT,956,710,869.4558727378394
1,IDONTWANT,478,799,869.5140049626432
1,IDONTWANT,478,839,869.5140049626432
1,IDONTWANT,478,469,869.5140049626432
1,IDONTWANT,478,857,869.5140049626432
1,IDONTWANT,361,860,869.795809549249
1,IDONTWANT,361,383,869.795809549249
1,IDONTWANT,361,339,869.795809549249
1,IDONTWANT,361,454,869.795809549249
1,IDONTWANT,954,586,870.381610297819
1,IDONTWANT,954,473,870.381610297819
1,IDONTWANT,954,764,870.381610297819
1,IDONTWANT,954,406,870.381610297819
1,IDONTWANT,358,195,871.352614499736
1,IDONTWANT,358,189,871.352614499736
1,IDONTWANT,358,669,871.352614499736
1,IDONTWANT,358,959,871.352614499736
1,IDONTWANT,435,669,871.6718856834193
1,IDONTWANT,435,167,871.6718856834193
1,IDONTWANT,435,407,871.6718856834193
1,IDONTWANT,435,713,871.6718856834193
1,IDONTWANT,755,194,872.8939497374506
1,IDONTWANT,755,842,872.8939497374506
1,IDONTWANT,755,944,872.8939497374506
1,IDONTWANT,755,486,872.8939497374506
1,IDONTWANT,670,975,874.0276308213014
1,IDONTWANT,670,964,874.0276308213014
1,IDONTWANT,670,204,874.0276308213014
1,IDONTWANT,670,531,874.0276308213014
1,IDONTWANT,589,89,878.6518980416552
1,IDONTWANT,589,845,878.6518980416552
1,IDONTWANT,589,770,878.6518980416552
1,IDONTWANT,589,647,878.6518980416552
1,IDONTWANT,541,59,880.3435302639668
1,IDONTWANT,541,934,880.3435302639668
1,IDONTWANT,541,798,880.3435302639668
1,IDONTWANT,541,107,880.3435302639668
1,IDONTWANT,299,206,880.52538334795
1,IDONTWANT,299,909,880.52538334795
1,IDONTWANT,299,20,880.52538334795
1,IDONTWANT,299,768,880.52538334795
1,IDONTWANT,116,266,880.6682155654885
1,IDONTWANT,116,558,880.6682155654885
1,IDONTWANT,116,430,880.6682155654885
1,IDONTWANT,116,855,880.6682155654885
1,IDONTWANT,724,570,881.5560407497444
1,IDONTWANT,724,59,881.5560407497444
1,IDONTWANT,724,495,881.5560407497444
1,IDONTWANT,724,478,881.5560407497444
1,IDONTWANT,71,320,881.6166077551774
1,IDONTWANT,71,88,881.6166077551774
1,IDONTWANT,71,148,881.6166077551774
1,IDONTWANT,71,105,881.6166077551774
1,IDONTWANT,501,203,881.6729644819025
1,IDONTWANT,501,186,881.6729644819025
1,IDONTWANT,501,413,881.6729644819025
1,IDONTWANT,501,165,881.6729644819025
1,IDONTWANT,863,989,882.3122885912579
1,IDONTWANT,863,240,882.3122885912579
1,IDONTWANT,863,738,882.3122885912579
1,IDONTWANT,863,227,882.3122885912579
1,IDONTWANT,269,297,884.219956312548
1,IDONTWANT,269,259,884.219956312548
1,IDONTWANT,269,382,884.219956312548
1,IDONTWANT,269,66,884.219956312548
1,IDONTWANT,301,764,884.692591367739
1,IDONTWANT,301,537,884.692591367739
1,IDONTWANT,301,215,884.692591367739
1,IDONTWANT,301,386,884.692591367739
1,IDONTWANT,325,642,884.8387211523343
1,IDONTWANT,325,257,884.8387211523343
1,IDONTWANT,325,541,884.8387211523343
1,IDONTWANT,325,652,884.8387211523343
1,IDONTWANT,302,276,885.7573438937562
1,IDONTWANT,302,347,885.7573438937562
1,IDONTWANT,302,771,885.7573438937562
1,IDONTWANT,302,63,885.7573438937562
1,IDONTWANT,888,146,886.2386629178051
1,IDONTWANT,888,339,886.2386629178051
1,IDONTWANT,888,226,886.2386629178051
1,IDONTWANT,888,753,886.2386629178051
1,IDONTWANT,441,660,886.9212420449405
1,IDONTWANT,441,201,886.9212420449405
1,IDONTWANT,441,400,886.9212420449405
1,IDONTWANT,441,746,886.9212420449405
1,IDONTWANT,165,152,886.9592520463925
1,IDONTWANT,165,550,886.9592520463925
1,IDONTWANT,165,942,886.9592520463925
1,IDONTWANT,165,528,886.9592520463925
1,IDONTWANT,440,885,887.3297215009353
1,IDONTWANT,440,786,887.3297215009353
1,IDONTWANT,440,822,887.3297215009353
1,IDONTWANT,440,372,887.3297215009353
1,IDONTWANT,56,693,890.3023340738181
1,IDONTWANT,56,758,890.3023340738181
1,IDONTWANT,56,55,890.3023340738181
1,IDONTWANT,56,468,890.3023340738181
1,IDONTWANT,66,73,891.7935682032314
1,IDONTWANT,66,896,891.7935682032314
1,IDONTWANT,66,213,891.7935682032314
1,IDONTWANT,66,629,891.7935682032314
1,IDONTWANT,59,402,892.5564001856286
1,IDONTWANT,59,408,892.5564001856286
1,IDONTWANT,59,409,892.5564001856286
1,IDONTWANT,59,404,892.5564001856286
1,IDONTWANT,90,458,893.7371828988121
1,IDONTWANT,90,828,893.7371828988121
1,IDONTWANT,90,960,893.7371828988121
1,IDONTWANT,90,741,893.7371828988121
1,IDONTWANT,925,419,893.8275624270186
1,IDONTWANT,925,933,893.8275624270186
1,IDONTWANT,925,781,893.8275624270186
1,IDONTWANT,925,488,893.8275624270186
1,IDONTWANT,279,780,894.4747015365446
1,IDONTWANT,279,647,894.4747015365446
1,IDONTWANT,279,410,894.4747015365446
1,IDONTWANT,279,936,894.4747015365446
1,IDONTWANT,259,721,894.6027626853449
1,IDONTWANT,259,374,894.6027626853449
1,IDONTWANT,259,236,894.6027626853449
1,IDONTWANT,259,510,894.6027626853449
1,IDONTWANT,896,925,895.6050700017386
1,IDONTWANT,896,494,895.6050700017386
1,IDONTWANT,896,116,895.6050700017386
1,IDONTWANT,896,157,895.6050700017386
1,IDONTWANT,51,604,895.9369806133033
1,IDONTWANT,51,187,895.9369806133033
1,IDONTWANT,51,270,895.9369806133033
1,IDONTWANT,51,289,895.9369806133033
1,IDONTWANT,658,442,896.046875534562
1,IDONTWANT,658,320,896.046875534562
1,IDONTWANT,658,266,896.046875534562
1,IDONTWANT,658,643,896.046875534562
1,IDONTWANT,379,268,898.6657091779228
1,IDONTWANT,379,765,898.6657091779228
1,IDONTWANT,379,734,898.6657091779228
1,IDONTWANT,379,707,898.6657091779228
1,IDONTWANT,423,108,900.9718021058205
1,IDONTWANT,423,653,900.9718021058205
1,IDONTWANT,423,611,900.9718021058205
1,IDONTWANT,423,727,900.9718021058205
1,IDONTWANT,548,49,901.542012292332
1,IDONTWANT,548,911,901.542012292332
1,IDONTWANT,548,742,901.542012292332
1,IDONTWANT,548,802,901.542012292332
1,IDONTWANT,748,504,903.1089193329128
1,IDONTWANT,748,811,903.1089193329128
1,IDONTWANT,748,120,903.1089193329128
1,IDONTWANT,748,338,903.1089193329128
1,IDONTWANT,630,792,907.220928858374
1,IDONTWANT,630,263,907.220928858374
1,IDONTWANT,630,593,907.220928858374
1,IDONTWANT,630,236,907.220928858374
1,IDONTWANT,638,335,911.1125335294114
1,IDONTWANT,638,979,911.1125335294114
1,IDONTWANT,638,193,911.1125335294114
1,IDONTWANT,638,264,911.1125335294114
1,IDONTWANT,462,630,911.3900460006477
1,IDONTWANT,462,867,911.3900460006477
1,IDONTWANT,462,200,911.3900460006477
1,IDONTWANT,462,850,911.3900460006477
1,IDONTWANT,426,208,911.8816890748667
1,IDONTWANT,426,261,911.8816890748667
1,IDONTWANT,426,39,911.8816890748667
1,IDONTWANT,426,614,911.8816890748667
1,IDONTWANT,805,278,912.4605060908452
1,IDONTWANT,805,803,912.4605060908452
1,IDONTWANT,805,772,912.4605060908452
1,IDONTWANT,805,580,912.4605060908452
1,IDONTWANT,225,236,912.628145933575
1,IDONTWANT,225,87,912.628145933575
1,IDONTWANT,225,31,912.628145933575
1,IDONTWANT,225,42,912.628145933575
1,IDONTWANT,261,25,912.8256948097203
1,IDONTWANT,261,162,912.8256948097203
1,IDONTWANT,261,3,912.8256948097203
1,IDONTWANT,261,973,912.8256948097203
1,IDONTWANT,209,601,912.9721356738164
1,IDONTWANT,209,42,912.9721356738164
1,IDONTWANT,209,404,912.9721356738164
1,IDONTWANT,209,23,912.9721356738164
1,IDONTWANT,649,22,913.5933632505396
1,IDONTWANT,649,145,913.5933632505396
1,IDONTWANT,649,263,913.5933632505396
1,IDONTWANT,649,618,913.5933632505396
1,IDONTWANT,450,755,914.725734751378
1,IDONTWANT,450,517,914.725734751378
1,IDONTWANT,450,175,914.725734751378
1,IDONTWANT,450,149,914.725734751378
1,IDONTWANT,526,229,915.4506288398896
1,IDONTWANT,526,423,915.4506288398896
1,IDONTWANT,526,598,915.4506288398896
1,IDONTWANT,526,308,915.4506288398896
1,IDONTWANT,496,629,915.9795146518175
1,IDONTWANT,496,281,915.9795146518175
1,IDONTWANT,496,927,915.9795146518175
1,IDONTWANT,496,836,915.9795146518175
1,IDONTWANT,25,121,916.0134699241596
1,IDONTWANT,25,525,916.0134699241596
1,IDONTWANT,25,429,916.0134699241596
1,IDONTWANT,25,169,916.0134699241596
1,IDONTWANT,170,650,917.7945524632225
1,IDONTWANT,170,90,917.7945524632225
1,IDONTWANT,170,821,917.7945524632225
1,IDONTWANT,170,267,917.7945524632225
1,IDONTWANT,527,604,918.2343405539784
1,IDONTWANT,527,136,918.2343405539784
1,IDONTWANT,527,209,918.2343405539784
1,IDONTWANT,527,375,918.2343405539784
1,IDONTWANT,851,134,918.8915019458128
1,IDONTWANT,851,260,918.8915019458128
1,IDONTWANT,851,864,918.8915019458128
1,IDONTWANT,851,38,918.8915019458128
1,IDONTWANT,594,359,919.5443453880167
1,IDONTWANT,594,262,919.5443453880167
1,IDONTWANT,594,953,919.5443453880167
1,IDONTWANT,594,289,919.5443453880167
1,IDONTWANT,13,574,919.685908508574
1,IDONTWANT,13,836,919.685908508574
1,IDONTWANT,13,699,919.685908508574
1,IDONTWANT,13,186,919.685908508574
1,IDONTWANT,367,842,920.2809365455582
1,IDONTWANT,367,824,920.2809365455582
1,IDONTWANT,367,443,920.2809365455582
1,IDONTWANT,367,89,920.2809365455582
1,IDONTWANT,856,932,920.7114437359322
1,IDONTWANT,856,917,920.7114437359322
1,IDONTWANT,856,65,920.7114437359322
1,IDONTWANT,856,884,920.7114437359322
1,IDONTWANT,912,863,920.7919398317188
1,IDONTWANT,912,184,920.7919398317188
1,IDONTWANT,912,534,920.7919398317188
1,IDONTWANT,912,788,920.7919398317188
1,IDONTWANT,448,826,920.810829782052
1,IDONTWANT,448,932,920.810829782052
1,IDONTWANT,448,406,920.810829782052
1,IDONTWANT,448,91,920.810829782052
1,IDONTWANT,511,271,920.8713357672552
1,IDONTWANT,511,384,920.8713357672552
1,IDONTWANT,511,377,920.8713357672552
1,IDONTWANT,511,592,920.8713357672552
1,IDONTWANT,413,102,920.8996438202889
1,IDONTWANT,413,670,920.8996438202889
1,IDONTWANT,413,476,920.8996438202889
1,IDONTWANT,413,37,920.8996438202889
1,IDONTWANT,407,756,922.8576867580277
1,IDONTWANT,407,266,922.8576867580277
1,IDONTWANT,407,203,922.8576867580277
1,IDONTWANT,407,450,922.8576867580277
1,IDONTWANT,400,511,923.9655972466865
1,IDONTWANT,400,727,923.9655972466865
1,IDONTWANT,400,996,923.9655972466865
1,IDONTWANT,400,458,923.9655972466865
1,IDONTWANT,676,467,923.9726772732533
1,IDONTWANT,676,215,923.9726772732533
1,IDONTWANT,676,701,923.9726772732533
1,IDONTWANT,676,188,923.9726772732533
1,IDONTWANT,621,438,926.1922167732394
1,IDONTWANT,621,923,926.1922167732394
1,IDONTWANT,621,558,926.1922167732394
1,IDONTWANT,621,513,926.1922167732394
1,IDONTWANT,606,769,926.4139828001248
1,IDONTWANT,606,55,926.4139828001248
1,IDONTWANT,606,4,926.4139828001248
1,IDONTWANT,606,356,926.4139828001248
1,IDONTWANT,746,515,927.2395420169112
1,IDONTWANT,746,278,927.2395420169112
1,IDONTWANT,746,894,927.2395420169112
1,IDONTWANT,746,518,927.2395420169112
1,IDONTWANT,941,186,927.5251805194409
1,IDONTWANT,941,171,927.5251805194409
1,IDONTWANT,941,105,927.5251805194409
1,IDONTWANT,941,319,927.5251805194409
1,IDONTWANT,677,401,929.37485721327
1,IDONTWANT,677,526,929.37485721327
1,IDONTWANT,677,782,929.37485721327
1,IDONTWANT,677,956,929.37485721327
1,IDONTWANT,80,172,930.2309104062663
1,IDONTWANT,80,365,930.2309104062663
1,IDONTWANT,80,791,930.2309104062663
1,IDONTWANT,80,229,930.2309104062663
1,IDONTWANT,575,148,931.9427249898822
1,IDONTWANT,575,33,931.9427249898822
1,IDONTWANT,575,27,931.9427249898822
1,IDONTWANT,575,114,931.9427249898822
1,IDONTWANT,807,636,932.8506773156405
1,IDONTWANT,807,998,932.8506773156405
1,IDONTWANT,807,666,932.8506773156405
1,IDONTWANT,807,720,932.8506773156405
1,IDONTWANT,514,631,934.8854680973536
1,IDONTWANT,514,762,934.8854680973536
1,IDONTWANT,514,981,934.8854680973536
1,IDONTWANT,514,49,934.8854680973536
1,IDONTWANT,572,585,936.5052487179325
1,IDONTWANT,572,906,936.5052487179325
1,IDONTWANT,572,315,936.5052487179325
1,IDONTWANT,572,809,936.5052487179325
1,IDONTWANT,224,700,937.1384438120348
1,IDONTWANT,224,980,937.1384438120348
1,IDONTWANT,224,710,937.1384438120348
1,IDONTWANT,224,659,937.1384438120348
1,IDONTWANT,228,572,937.3096945114658
1,IDONTWANT,228,51,937.3096945114658
1,IDONTWANT,228,643,937.3096945114658
1,IDONTWANT,228,19,937.3096945114658
1,IDONTWANT,791,685,939.4683581974667
1,IDONTWANT,791,955,939.4683581974667
1,IDONTWANT,791,912,939.4683581974667
1,IDONTWANT,791,260,939.4683581974667
1,IDONTWANT,308,662,939.8639055982429
1,IDONTWANT,308,457,939.8639055982429
1,IDONTWANT,308,443,939.8639055982429
1,IDONTWANT,308,977,939.8639055982429
1,IDONTWANT,133,935,940.3286568442559
1,IDONTWANT,133,64,940.3286568442559
1,IDONTWANT,133,454,940.3286568442559
1,IDONTWANT,133,334,940.3286568442559
1,IDONTWANT,482,452,941.1065444646842
1,IDONTWANT,482,517,941.1065444646842
1,IDONTWANT,482,523,941.1065444646842
1,IDONTWANT,482,673,941.1065444646842
1,IDONTWANT,590,648,941.5873292240204
1,IDONTWANT,590,294,941.5873292240204
1,IDONTWANT,590,488,941.5873292240204
1,IDONTWANT,590,102,941.5873292240204
1,IDONTWANT,841,383,943.047523980053
1,IDONTWANT,841,888,943.047523980053
1,IDONTWANT,841,108,943.047523980053
1,IDONTWANT,841,380,943.047523980053
1,IDONTWANT,573,217,945.2061783939417
1,IDONTWANT,573,400,945.2061783939417
1,IDONTWANT,573,638,945.2061783939417
1,IDONTWANT,573,600,945.2061783939417
1,IDONTWANT,946,590,948.1033812918226
1,IDONTWANT,946,475,948.1033812918226
1,IDONTWANT,946,535,948.1033812918226
1,IDONTWANT,946,244,948.1033812918226
1,IDONTWANT,212,874,948.7285979741847
1,IDONTWANT,212,769,948.7285979741847
1,IDONTWANT,212,158,948.7285979741847
1,IDONTWANT,212,674,948.7285979741847
1,IDONTWANT,877,146,949.0035566746736
1,IDONTWANT,877,937,949.0035566746736
1,IDONTWANT,877,693,949.0035566746736
1,IDONTWANT,877,914,949.0035566746736
1,IDONTWANT,540,415,949.627405645702
1,IDONTWANT,540,190,949.627405645702
1,IDONTWANT,540,243,949.627405645702
1,IDONTWANT,540,163,949.627405645702
1,IDONTWANT,794,905,950.888721934251
1,IDONTWANT,794,666,950.888721934251
1,IDONTWANT,794,703,950.888721934251
1,IDONTWANT,794,837,950.888721934251
1,IDONTWANT,492,815,950.9888941229824
1,IDONTWANT,492,169,950.9888941229824
1,IDONTWANT,492,703,950.9888941229824
1,IDONTWANT,492,808,950.9888941229824
1,IDONTWANT,493,739,952.7351951394404
1,IDONTWANT,493,953,952.7351951394404
1,IDONTWANT,493,226,952.7351951394404
1,IDONTWANT,493,67,952.7351951394404
1,IDONTWANT,876,172,954.3421746341138
1,IDONTWANT,876,451,954.3421746341138
1,IDONTWANT,876,244,954.3421746341138
1,IDONTWANT,876,826,954.3421746341138
1,IDONTWANT,559,535,954.5384344857503
1,IDONTWANT,559,996,954.5384344857503
1,IDONTWANT,559,271,954.5384344857503
1,IDONTWANT,559,302,954.5384344857503
1,IDONTWANT,868,525,954.9615091063273
1,IDONTWANT,868,726,954.9615091063273
1,IDONTWANT,868,757,954.9615091063273
1,IDONTWANT,868,662,954.9615091063273
1,IDONTWANT,24,460,955.274450324804
1,IDONTWANT,24,295,955.274450324804
1,IDONTWANT,24,624,955.274450324804
1,IDONTWANT,24,75,955.274450324804
1,IDONTWANT,940,991,956.9703633542123
1,IDONTWANT,940,90,956.9703633542123
1,IDONTWANT,940,229,956.9703633542123
1,IDONTWANT,940,633,956.9703633542123
1,IDONTWANT,454,812,957.1466099257315
1,IDONTWANT,454,991,957.1466099257315
1,IDONTWANT,454,825,957.1466099257315
1,IDONTWANT,454,202,957.1466099257315
1,IDONTWANT,151,853,960.8457301331474
1,IDONTWANT,151,230,960.8457301331474
1,IDONTWANT,151,166,960.8457301331474
1,IDONTWANT,151,724,960.8457301331474
1,IDONTWANT,571,447,961.4526795383888
1,IDONTWANT,571,979,961.4526795383888
1,IDONTWANT,571,743,961.4526795383888
1,IDONTWANT,571,239,961.4526795383888
1,IDONTWANT,30,322,962.5595600039092
1,IDONTWANT,30,349,962.5595600039092
1,IDONTWANT,30,712,962.5595600039092
1,IDONTWANT,30,359,962.5595600039092
1,IDONTWANT,242,340,963.1916051416946
1,IDONTWANT,242,261,963.1916051416946
1,IDONTWANT,242,668,963.1916051416946
1,IDONTWANT,242,762,963.1916051416946
1,IDONTWANT,70,500,963.6741341802815
1,IDONTWANT,70,478,963.6741341802815
1,IDONTWANT,70,492,963.6741341802815
1,IDONTWANT,70,496,963.6741341802815
1,IDONTWANT,192,415,966.5147236951095
1,IDONTWANT,192,356,966.5147236951095
1,IDONTWANT,192,55,966.5147236951095
1,IDONTWANT,192,858,966.5147236951095
1,IDONTWANT,330,1,967.1596005583629
1,IDONTWANT,330,10,967.1596005583629
1,IDONTWANT,330,551,967.1596005583629
1,IDONTWANT,330,308,967.1596005583629
1,IDONTWANT,667,852,969.1985586030296
1,IDONTWANT,667,501,969.1985586030296
1,IDONTWANT,667,930,969.1985586030296
1,IDONTWANT,667,999,969.1985586030296
1,IDONTWANT,790,570,972.8732159336239
1,IDONTWANT,790,726,972.8732159336239
1,IDONTWANT,790,510,972.8732159336239
1,IDONTWANT,790,471,972.8732159336239
1,IDONTWANT,424,635,973.5645690151224
1,IDONTWANT,424,358,973.5645690151224
1,IDONTWANT,424,222,973.5645690151224
1,IDONTWANT,424,38,973.5645690151224
1,IDONTWANT,106,477,973.9487241818751
1,IDONTWANT,106,826,973.9487241818751
1,IDONTWANT,106,672,973.9487241818751
1,IDONTWANT,106,150,973.9487241818751
1,IDONTWANT,703,675,974.6076018206176
1,IDONTWANT,703,919,974.6076018206176
1,IDONTWANT,703,371,974.6076018206176
1,IDONTWANT,703,156,974.6076018206176
1,IDONTWANT,298,378,974.8616608086793
1,IDONTWANT,298,264,974.8616608086793
1,IDONTWANT,298,829,974.8616608086793
1,IDONTWANT,298,584,974.8616608086793
1,IDONTWANT,339,948,977.5985886455904
1,IDONTWANT,339,380,977.5985886455904
1,IDONTWANT,339,232,977.5985886455904
1,IDONTWANT,339,505,977.5985886455904
1,IDONTWANT,329,267,977.6480980734927
1,IDONTWANT,329,228,977.6480980734927
1,IDONTWANT,329,810,977.6480980734927
1,IDONTWANT,329,616,977.6480980734927
1,IDONTWANT,853,85,978.2861385449366
1,IDONTWANT,853,28,978.2861385449366
1,IDONTWANT,853,52,978.2861385449366
1,IDONTWANT,853,35,978.2861385449366
1,IDONTWANT,475,516,983.3132249551447
1,IDONTWANT,475,448,983.3132249551447
1,IDONTWANT,475,183,983.3132249551447
1,IDONTWANT,475,23,983.3132249551447
1,IDONTWANT,688,796,983.4920181592701
1,IDONTWANT,688,70,983.4920181592701
1,IDONTWANT,688,830,983.4920181592701
1,IDONTWANT,688,818,983.4920181592701
1,IDONTWANT,679,652,984.4740790598512
1,IDONTWANT,679,57,984.4740790598512
1,IDONTWANT,679,258,984.4740790598512
1,IDONTWANT,679,280,984.4740790598512
1,IDONTWANT,680,391,990.0494266227561
1,IDONTWANT,680,409,990.0494266227561
1,IDONTWANT,680,62,990.0494266227561
1,IDONTWANT,680,13,990.0494266227561
1,IDONTWANT,869,779,991.1722394146171
1,IDONTWANT,869,495,991.1722394146171
1,IDONTWANT,869,57,991.1722394146171
1,IDONTWANT,869,103,991.1722394146171
1,IDONTWANT,899,573,991.8344346378929
1,IDONTWANT,899,488,991.8344346378929
1,IDONTWANT,899,855,991.8344346378929
1,IDONTWANT,899,293,991.8344346378929
1,IDONTWANT,184,565,995.0687721678847
1,IDONTWANT,184,195,995.0687721678847
1,IDONTWANT,184,527,995.0687721678847
1,IDONTWANT,184,487,995.0687721678847
1,IDONTWANT,900,122,995.2965751174728
1,IDONTWANT,900,263,995.2965751174728
1,IDONTWANT,900,772,995.2965751174728
1,IDONTWANT,900,206,995.2965751174728
1,IDONTWANT,221,517,1001.26647146388
1,IDONTWANT,221,583,1001.26647146388
1,IDONTWANT,221,855,1001.26647146388
1,IDONTWANT,221,833,1001.26647146388
1,IDONTWANT,726,252,1002.4508344261228
1,IDONTWANT,726,510,1002.4508344261228
1,IDONTWANT,726,168,1002.4508344261228
1,IDONTWANT,726,552,1002.4508344261228
1,IDONTWANT,265,861,1003.9552872680679
1,IDONTWANT,265,340,1003.9552872680679
1,IDONTWANT,265,1,1003.9552872680679
1,IDONTWANT,265,333,1003.9552872680679
1,IDONTWANT,985,450,1007.1123026099842
1,IDONTWANT,985,126,1007.1123026099842
1,IDONTWANT,985,523,1007.1123026099842
1,IDONTWANT,985,134,1007.1123026099842
1,IDONTWANT,557,272,1008.9109473248341
1,IDONTWANT,557,652,1008.9109473248341
1,IDONTWANT,557,568,1008.9109473248341
1,IDONTWANT,557,696,1008.9109473248341
1,IDONTWANT,417,300,1013.2410328382753
1,IDONTWANT,417,238,1013.2410328382753
1,IDONTWANT,417,122,1013.2410328382753
1,IDONTWANT,417,51,1013.2410328382753
1,IDONTWANT,881,957,1013.6563207483609
1,IDONTWANT,881,633,1013.6563207483609
1,IDONTWANT,881,888,1013.6563207483609
1,IDONTWANT,881,382,1013.6563207483609
1,IDONTWANT,9,591,1014.0622604721324
1,IDONTWANT,9,600,1014.0622604721324
1,IDONTWANT,9,407,1014.0622604721324
1,IDONTWANT,9,51,1014.0622604721324
1,IDONTWANT,360,319,1016.595684430323
1,IDONTWANT,360,681,1016.595684430323
1,IDONTWANT,360,743,1016.595684430323
1,IDONTWANT,360,388,1016.595684430323
1,IDONTWANT,944,715,1017.1228428126537
1,IDONTWANT,944,756,1017.1228428126537
1,IDONTWANT,944,199,1017.1228428126537
1,IDONTWANT,944,267,1017.1228428126537
1,IDONTWANT,583,546,1022.3098494869837
1,IDONTWANT,583,913,1022.3098494869837
1,IDONTWANT,583,681,1022.3098494869837
1,IDONTWANT,583,67,1022.3098494869837
1,IDONTWANT,33,968,1025.170176960971
1,IDONTWANT,33,277,1025.170176960971
1,IDONTWANT,33,486,1025.170176960971
1,IDONTWANT,33,714,1025.170176960971
1,IDONTWANT,291,171,1027.7944118825753
1,IDONTWANT,291,659,1027.7944118825753
1,IDONTWANT,291,165,1027.7944118825753
1,IDONTWANT,291,76,1027.7944118825753
1,IDONTWANT,782,124,1030.0543482056823
1,IDONTWANT,782,990,1030.0543482056823
1,IDONTWANT,782,880,1030.0543482056823
1,IDONTWANT,782,90,1030.0543482056823
1,IDONTWANT,38,356,1031.881994583306
1,IDONTWANT,38,23,1031.881994583306
1,IDONTWANT,38,964,1031.881994583306
1,IDONTWANT,38,473,1031.881994583306
1,IDONTWANT,607,502,1037.5756225733787
1,IDONTWANT,607,97,1037.5756225733787
1,IDONTWANT,607,503,1037.5756225733787
1,IDONTWANT,607,712,1037.5756225733787
1,IDONTWANT,275,152,1038.304035981083
1,IDONTWANT,275,255,1038.304035981083
1,IDONTWANT,275,995,1038.304035981083
1,IDONTWANT,275,272,1038.304035981083
1,IDONTWANT,736,522,1044.421663407227
1,IDONTWANT,736,495,1044.421663407227
1,IDONTWANT,736,496,1044.421663407227
1,IDONTWANT,736,776,1044.421663407227
1,IDONTWANT,871,962,1048.805760932551
1,IDONTWANT,871,203,1048.805760932551
1,IDONTWANT,871,693,1048.805760932551
1,IDONTWANT,871,766,1048.805760932551
1,IDONTWANT,742,215,1051.1301377711427
1,IDONTWANT,742,290,1051.1301377711427
1,IDONTWANT,742,445,1051.1301377711427
1,IDONTWANT,742,350,1051.1301377711427
1,IDONTWANT,686,821,1059.0549680218437
1,IDONTWANT,686,984,1059.0549680218437
1,IDONTWANT,686,401,1059.0549680218437
1,IDONTWANT,686,473,1059.0549680218437
1,IDONTWANT,513,83,1060.4105365335638
1,IDONTWANT,513,452,1060.4105365335638
1,IDONTWANT,513,235,1060.4105365335638
1,IDONTWANT,513,180,1060.4105365335638
1,IDONTWANT,219,752,1065.4987563155717
1,IDONTWANT,219,718,1065.4987563155717
1,IDONTWANT,219,832,1065.4987563155717
1,IDONTWANT,219,518,1065.4987563155717
1,IDONTWANT,619,432,1073.5230723600553
1,IDONTWANT,619,910,1073.5230723600553
1,IDONTWANT,619,662,1073.5230723600553
1,IDONTWANT,619,25,1073.5230723600553
1,IDONTWANT,336,22,1078.4726644635389
1,IDONTWANT,336,198,1078.4726644635389
1,IDONTWANT,336,511,1078.4726644635389
1,IDONTWANT,336,907,1078.4726644635389
1,IDONTWANT,337,691,1083.3211835942748
1,IDONTWANT,337,663,1083.3211835942748
1,IDONTWANT,337,431,1083.3211835942748
1,IDONTWANT,337,83,1083.3211835942748
1,IDONTWANT,829,600,1083.8303943425603
1,IDONTWANT,829,769,1083.8303943425603
1,IDONTWANT,829,9,1083.8303943425603
1,IDONTWANT,829,810,1083.8303943425603
1,IDONTWANT,8,643,1086.6722696068884
1,IDONTWANT,8,597,1086.6722696068884
1,IDONTWANT,8,971,1086.6722696068884
1,IDONTWANT,8,64,1086.6722696068884
1,IDONTWANT,921,861,1086.8788149571742
1,IDONTWANT,921,738,1086.8788149571742
1,IDONTWANT,921,939,1086.8788149571742
1,IDONTWANT,921,56,1086.8788149571742
1,IDONTWANT,780,155,1093.0203592511118
1,IDONTWANT,780,641,1093.0203592511118
1,IDONTWANT,780,15,1093.0203592511118
1,IDONTWANT,780,437,1093.0203592511118
1,IDONTWANT,556,866,1111.7127359002968
1,IDONTWANT,556,269,1111.7127359002968
1,IDONTWANT,556,729,1111.7127359002968
1,IDONTWANT,556,53,1111.7127359002968
1,IDONTWANT,292,212,1116.9790984566098
1,IDONTWANT,292,513,1116.9790984566098
1,IDONTWANT,292,928,1116.9790984566098
1,IDONTWANT,292,832,1116.9790984566098
1,IDONTWANT,664,530,1127.0843955857981
1,IDONTWANT,664,692,1127.0843955857981
1,IDONTWANT,664,677,1127.0843955857981
1,IDONTWANT,664,953,1127.0843955857981
1,IDONTWANT,732,77,1134.0438076987616
1,IDONTWANT,732,184,1134.0438076987616
1,IDONTWANT,732,652,1134.0438076987616
1,IDONTWANT,732,369,1134.0438076987616
1,IDONTWANT,176,727,1136.4805000204008
1,IDONTWANT,176,245,1136.4805000204008
1,IDONTWANT,176,961,1136.4805000204008
1,IDONTWANT,176,112,1136.4805000204008
1,IDONTWANT,500,243,1138.6087914779869
1,IDONTWANT,500,326,1138.6087914779869
1,IDONTWANT,500,381,1138.6087914779869
1,IDONTWANT,500,37,1138.6087914779869
1,IDONTWANT,602,579,1146.8980251636697
1,IDONTWANT,602,221,1146.8980251636697
1,IDONTWANT,602,732,1146.8980251636697
1,IDONTWANT,602,883,1146.8980251636697
1,IDONTWANT,75,975,1151.2747558026585
1,IDONTWANT,75,541,1151.2747558026585
1,IDONTWANT,75,371,1151.2747558026585
1,IDONTWANT,75,151,1151.2747558026585
1,IDONTWANT,947,719,1169.4032728754528
1,IDONTWANT,947,454,1169.4032728754528
1,IDONTWANT,947,105,1169.4032728754528
1,IDONTWANT,947,359,1169.4032728754528
1,IDONTWANT,586,252,1170.7240938751274
1,IDONTWANT,586,210,1170.7240938751274
1,IDONTWANT,586,208,1170.7240938751274
1,IDONTWANT,586,114,1170.7240938751274
1,IDONTWANT,113,846,1174.9313143410145
1,IDONTWANT,113,895,1174.9313143410145
1,IDONTWANT,113,217,1174.9313143410145
1,IDONTWANT,113,28,1174.9313143410145
1,IDONTWANT,533,411,1186.4587046438457
1,IDONTWANT,533,832,1186.4587046438457
1,IDONTWANT,533,270,1186.4587046438457
1,IDONTWANT,533,991,1186.4587046438457
1,IDONTWANT,139,951,1186.5463924328085
1,IDONTWANT,139,266,1186.5463924328085
1,IDONTWANT,139,945,1186.5463924328085
1,IDONTWANT,139,573,1186.5463924328085
1,IDONTWANT,833,533,1187.5596425462966
1,IDONTWANT,833,919,1187.5596425462966
1,IDONTWANT,833,265,1187.5596425462966
1,IDONTWANT,833,907,1187.5596425462966
1,IDONTWANT,737,920,1188.7646869018051
1,IDONTWANT,737,147,1188.7646869018051
1,IDONTWANT,737,34,1188.7646869018051
1,IDONTWANT,737,218,1188.7646869018051
1,IDONTWANT,387,441,1197.5982894193116
1,IDONTWANT,387,835,1197.5982894193116
1,IDONTWANT,387,506,1197.5982894193116
1,IDONTWANT,387,135,1197.5982894193116
1,IDONTWANT,499,607,1197.9260985109227
1,IDONTWANT,499,269,1197.9260985109227
1,IDONTWANT,499,631,1197.9260985109227
1,IDONTWANT,499,519,1197.9260985109227
1,IDONTWANT,117,135,1204.4806604241971
1,IDONTWANT,117,62,1204.4806604241971
1,IDONTWANT,117,932,1204.4806604241971
1,IDONTWANT,117,758,1204.4806604241971
1,IDONTWANT,694,779,1213.0877334826962
1,IDONTWANT,694,561,1213.0877334826962
1,IDONTWANT,694,665,1213.0877334826962
1,IDONTWANT,694,128,1213.0877334826962
1,IDONTWANT,895,502,1222.969465656334
1,IDONTWANT,895,111,1222.969465656334
1,IDONTWANT,895,325,1222.969465656334
1,IDONTWANT,895,467,1222.969465656334
1,IDONTWANT,553,107,1231.766270292395
1,IDONTWANT,553,267,1231.766270292395
1,IDONTWANT,553,237,1231.766270292395
1,IDONTWANT,553,660,1231.766270292395
1,IDONTWANT,245,498,1251.1793060863806
1,IDONTWANT,245,276,1251.1793060863806
1,IDONTWANT,245,996,1251.1793060863806
1,IDONTWANT,245,689,1251.1793060863806
1,IDONTWANT,395,253,1251.7173409164368
1,IDONTWANT,395,418,1251.7173409164368
1,IDONTWANT,395,66,1251.7173409164368
1,IDONTWANT,395,666,1251.7173409164368
1,IDONTWANT,350,428,1255.8802760054753
1,IDONTWANT,350,933,1255.8802760054753
1,IDONTWANT,350,682,1255.8802760054753
1,IDONTWANT,350,57,1255.8802760054753
1,IDONTWANT,306,869,1261.1551735732262
1,IDONTWANT,306,221,1261.1551735732262
1,IDONTWANT,306,94,1261.1551735732262
1,IDONTWANT,306,277,1261.1551735732262
1,IDONTWANT,444,116,1274.2475988896094
1,IDONTWANT,444,841,1274.2475988896094
1,IDONTWANT,444,92,1274.2475988896094
1,IDONTWANT,444,415,1274.2475988896094
1,IDONTWANT,77,777,1288.0018674011037
1,IDONTWANT,77,541,1288.0018674011037
1,IDONTWANT,77,306,1288.0018674011037
1,IDONTWANT,77,659,1288.0018674011037
1,IDONTWANT,551,935,1290.5027731951395
1,IDONTWANT,551,476,1290.5027731951395
1,IDONTWANT,551,82,1290.5027731951395
1,IDONTWANT,551,760,1290.5027731951395
1,IDONTWANT,216,742,1295.5340918308636
1,IDONTWANT,216,634,1295.5340918308636
1,IDONTWANT,216,659,1295.5340918308636
1,IDONTWANT,216,148,1295.5340918308636
1,IDONTWANT,770,441,1301.6887712803552
1,IDONTWANT,770,579,1301.6887712803552
1,IDONTWANT,770,657,1301.6887712803552
1,IDONTWANT,770,592,1301.6887712803552
1,IDONTWANT,595,49,1320.1566997870214
1,IDONTWANT,595,733,1320.1566997870214
1,IDONTWANT,595,779,1320.1566997870214
1,IDONTWANT,595,376,1320.1566997870214
1,IDONTWANT,522,135,1321.38684885651
1,IDONTWANT,522,500,1321.38684885651
1,IDONTWANT,522,232,1321.38684885651
1,IDONTWANT,522,628,1321.38684885651
1,IDONTWANT,231,817,1332.6002637848085
1,IDONTWANT,231,71,1332.6002637848085
1,IDONTWANT,231,767,1332.6002637848085
1,IDONTWANT,231,955,1332.6002637848085
1,IDONTWANT,883,457,1334.5233112141636
1,IDONTWANT,883,981,1334.5233112141636
1,IDONTWANT,883,99,1334.5233112141636
1,IDONTWANT,883,949,1334.5233112141636
1,IDONTWANT,110,819,1366.578148719664
1,IDONTWANT,110,995,1366.578148719664
1,IDONTWANT,110,744,1366.578148719664
1,IDONTWANT,110,666,1366.578148719664
1,IDONTWANT,850,607,1401.073269698806
1,IDONTWANT,850,838,1401.073269698806
1,IDONTWANT,850,623,1401.073269698806
1,IDONTWANT,850,987,1401.073269698806
1,IDONTWANT,720,80,1415.7970118650217
1,IDONTWANT,720,760,1415.7970118650217
1,IDONTWANT,720,860,1415.7970118650217
1,IDONTWANT,720,449,1415.7970118650217
1,IDONTWANT,182,823,1458.2226639346404
1,IDONTWANT,182,18,1458.2226639346404
1,IDONTWANT,182,257,1458.2226639346404
1,IDONTWANT,182,37,1458.2226639346404
1,IDONTWANT,789,86,1507.277729345335
1,IDONTWANT,789,300,1507.277729345335
1,IDONTWANT,789,643,1507.277729345335
1,IDONTWANT,180,211,1541.356421362264
1,IDONTWANT,180,297,1541.356421362264
1,IDONTWANT,180,457,1541.356421362264
1,IDONTWANT,281,208,1665.6995190738894
1,IDONTWANT,281,737,1665.6995190738894
1,IDONTWANT,281,82,1665.6995190738894
1,IDONTWANT,281,50,1665.6995190738894
1,IDONTWANT,744,847,1950.0242925768719
1,IDONTWANT,744,296,1950.0242925768719
1,IDONTWANT,744,299,1950.0242925768719
1,IDONTWANT,744,363,1950.0242925768719
2,IDONTWANT,19,477,176.4849787865313
2,IDONTWANT,19,600,176.4849787865313
2,IDONTWANT,19,946,176.4849787865313
2,IDONTWANT,19,465,176.4849787865313
2,IDONTWANT,94,495,211.72372904823683
2,IDONTWANT,94,640,211.72372904823683
2,IDONTWANT,94,922,211.72372904823683
2,IDONTWANT,94,625,211.72372904823683
2,IDONTWANT,374,35,242.84189290387792
2,IDONTWANT,374,476,242.84189290387792
2,IDONTWANT,374,64,242.84189290387792
2,IDONTWANT,374,823,242.84189290387792
2,IDONTWANT,375,943,257.30759322301344
2,IDONTWANT,375,63,257.30759322301344
2,IDONTWANT,375,263,257.30759322301344
2,IDONTWANT,375,199,257.30759322301344
2,IDONTWANT,477,240,261.52439499573836
2,IDONTWANT,477,457,261.52439499573836
2,IDONTWANT,477,782,261.52439499573836
2,IDONTWANT,477,634,261.52439499573836
2,IDONTWANT,495,258,269.85859522758597
2,IDONTWANT,495,162,269.85859522758597
2,IDONTWANT,495,331,269.85859522758597
2,IDONTWANT,495,919,269.85859522758597
2,IDONTWANT,640,168,271.25113532322786
2,IDONTWANT,640,986,271.25113532322786
2,IDONTWANT,640,674,271.25113532322786
2,IDONTWANT,640,104,271.25113532322786
2,IDONTWANT,943,30,297.6534641589912
2,IDONTWANT,943,19,297.6534641589912
2,IDONTWANT,943,98,297.6534641589912
2,IDONTWANT,943,949,297.6534641589912
2,IDONTWANT,155,347,343.6566744881034
2,IDONTWANT,155,568,343.6566744881034
2,IDONTWANT,155,470,343.6566744881034
2,IDONTWANT,155,452,343.6566744881034
2,IDONTWANT,823,355,362.15493465123694
2,IDONTWANT,823,547,362.15493465123694
2,IDONTWANT,823,87,362.15493465123694
2,IDONTWANT,823,552,362.15493465123694
2,IDONTWANT,240,47,371.9679392797975
2,IDONTWANT,240,632,371.9679392797975
2,IDONTWANT,240,648,371.9679392797975
2,IDONTWANT,240,659,371.9679392797975
2,IDONTWANT,581,878,381.83719522601285
2,IDONTWANT,581,605,381.83719522601285
2,IDONTWANT,581,781,381.83719522601285
2,IDONTWANT,581,372,381.83719522601285
2,IDONTWANT,349,191,384.6722182341486
2,IDONTWANT,349,918,384.6722182341486
2,IDONTWANT,349,228,384.6722182341486
2,IDONTWANT,349,497,384.6722182341486
2,IDONTWANT,64,581,399.2319606020792
2,IDONTWANT,64,155,399.2319606020792
2,IDONTWANT,64,550,399.2319606020792
2,IDONTWANT,64,104,399.2319606020792
2,IDONTWANT,634,721,401.47575743951097
2,IDONTWANT,634,847,401.47575743951097
2,IDONTWANT,634,864,401.47575743951097
2,IDONTWANT,634,632,401.47575743951097
2,IDONTWANT,322,1,410.4087528406996
2,IDONTWANT,322,802,410.4087528406996
2,IDONTWANT,322,128,410.4087528406996
2,IDONTWANT,322,238,410.4087528406996
2,IDONTWANT,63,616,412.1820563976228
2,IDONTWANT,63,53,412.1820563976228
2,IDONTWANT,63,105,412.1820563976228
2,IDONTWANT,63,0,412.1820563976228
2,IDONTWANT,107,627,412.6401408022472
2,IDONTWANT,107,847,412.6401408022472
2,IDONTWANT,107,611,412.6401408022472
2,IDONTWANT,107,486,412.6401408022472
2,IDONTWANT,719,506,413.2582660070693
2,IDONTWANT,719,709,413.2582660070693
2,IDONTWANT,719,218,413.2582660070693
2,IDONTWANT,719,543,413.2582660070693
2,IDONTWANT,485,738,415.31501876300166
2,IDONTWANT,485,524,415.31501876300166
2,IDONTWANT,485,81,415.31501876300166
2,IDONTWANT,485,55,415.31501876300166
2,IDONTWANT,476,3,421.8120093767428
2,IDONTWANT,476,634,421.8120093767428
2,IDONTWANT,476,502,421.8120093767428
2,IDONTWANT,476,477,421.8120093767428
2,IDONTWANT,605,536,433.8996438173247
2,IDONTWANT,605,206,433.8996438173247
2,IDONTWANT,605,295,433.8996438173247
2,IDONTWANT,605,781,433.8996438173247
2,IDONTWANT,98,932,435.7659912162377
2,IDONTWANT,98,398,435.7659912162377
2,IDONTWANT,98,802,435.7659912162377
2,IDONTWANT,98,729,435.7659912162377
2,IDONTWANT,721,687,438.29752142386553
2,IDONTWANT,721,904,438.29752142386553
2,IDONTWANT,721,119,438.29752142386553
2,IDONTWANT,721,568,438.29752142386553
2,IDONTWANT,35,719,439.97165882852096
2,IDONTWANT,35,318,439.97165882852096
2,IDONTWANT,35,663,439.97165882852096
2,IDONTWANT,35,592,439.97165882852096
2,IDONTWANT,331,472,440.7185530677179
2,IDONTWANT,331,285,440.7185530677179
2,IDONTWANT,331,982,440.7185530677179
2,IDONTWANT,331,323,440.7185530677179
2,IDONTWANT,368,50,443.2029882827183
2,IDONTWANT,368,723,443.2029882827183
2,IDONTWANT,368,485,443.2029882827183
2,IDONTWANT,368,200,443.2029882827183
2,IDONTWANT,625,772,444.5568904805639
2,IDONTWANT,625,619,444.5568904805639
2,IDONTWANT,625,662,444.5568904805639
2,IDONTWANT,625,34,444.5568904805639
2,IDONTWANT,878,12,457.4079447734331
2,IDONTWANT,878,479,457.4079447734331
2,IDONTWANT,878,734,457.4079447734331
2,IDONTWANT,878,935,457.4079447734331
2,IDONTWANT,452,175,458.9064370485054
2,IDONTWANT,452,948,458.9064370485054
2,IDONTWANT,452,68,458.9064370485054
2,IDONTWANT,452,111,458.9064370485054
2,IDONTWANT,258,521,459.3006718793827
2,IDONTWANT,258,287,459.3006718793827
2,IDONTWANT,258,909,459.3006718793827
2,IDONTWANT,258,115,459.3006718793827
2,IDONTWANT,323,584,462.45689734725306
2,IDONTWANT,323,942,462.45689734725306
2,IDONTWANT,323,38,462.45689734725306
2,IDONTWANT,323,661,462.45689734725306
2,IDONTWANT,199,471,462.45866410253655
2,IDONTWANT,199,189,462.45866410253655
2,IDONTWANT,199,161,462.45866410253655
2,IDONTWANT,199,276,462.45866410253655
2,IDONTWANT,277,792,462.75528913895965
2,IDONTWANT,277,383,462.75528913895965
2,IDONTWANT,277,804,462.75528913895965
2,IDONTWANT,277,980,462.75528913895965
2,IDONTWANT,494,854,465.39926310488556
2,IDONTWANT,494,359,465.39926310488556
2,IDONTWANT,494,626,465.39926310488556
2,IDONTWANT,494,775,465.39926310488556
2,IDONTWANT,104,743,465.8959419088111
2,IDONTWANT,104,163,465.8959419088111
2,IDONTWANT,104,175,465.8959419088111
2,IDONTWANT,104,131,465.8959419088111
2,IDONTWANT,30,322,466.83771465137784
2,IDONTWANT,30,349,466.83771465137784
2,IDONTWANT,30,712,466.83771465137784
2,IDONTWANT,30,359,466.83771465137784
2,IDONTWANT,616,107,466.97854180527406
2,IDONTWANT,616,644,466.97854180527406
2,IDONTWANT,616,334,466.97854180527406
2,IDONTWANT,616,364,466.97854180527406
2,IDONTWANT,922,530,467.19248536105533
2,IDONTWANT,922,830,467.19248536105533
2,IDONTWANT,922,355,467.19248536105533
2,IDONTWANT,922,343,467.19248536105533
2,IDONTWANT,524,2,468.16169430938976
2,IDONTWANT,524,581,468.16169430938976
2,IDONTWANT,524,363,468.16169430938976
2,IDONTWANT,524,311,468.16169430938976
2,IDONTWANT,287,289,468.57108644335
2,IDONTWANT,287,305,468.57108644335
2,IDONTWANT,287,261,468.57108644335
2,IDONTWANT,287,757,468.57108644335
2,IDONTWANT,906,452,468.6226781015878
2,IDONTWANT,906,826,468.6226781015878
2,IDONTWANT,906,519,468.6226781015878
2,IDONTWANT,906,349,468.6226781015878
2,IDONTWANT,792,936,470.3057840977877
2,IDONTWANT,792,988,470.3057840977877
2,IDONTWANT,792,53,470.3057840977877
2,IDONTWANT,792,734,470.3057840977877
2,IDONTWANT,65,972,473.30908188486865
2,IDONTWANT,65,373,473.30908188486865
2,IDONTWANT,65,629,473.30908188486865
2,IDONTWANT,65,26,473.30908188486865
2,IDONTWANT,355,403,474.83617569978225
2,IDONTWANT,355,461,474.83617569978225
2,IDONTWANT,355,920,474.83617569978225
2,IDONTWANT,355,730,474.83617569978225
2,IDONTWANT,932,123,480.2073367485932
2,IDONTWANT,932,365,480.2073367485932
2,IDONTWANT,932,731,480.2073367485932
2,IDONTWANT,932,250,480.2073367485932
2,IDONTWANT,927,254,483.11254489340695
2,IDONTWANT,927,190,483.11254489340695
2,IDONTWANT,927,576,483.11254489340695
2,IDONTWANT,927,851,483.11254489340695
2,IDONTWANT,919,315,483.4745836227506
2,IDONTWANT,919,207,483.4745836227506
2,IDONTWANT,919,10,483.4745836227506
2,IDONTWANT,919,67,483.4745836227506
2,IDONTWANT,239,933,484.23339344181574
2,IDONTWANT,239,701,484.23339344181574
2,IDONTWANT,239,295,484.23339344181574
2,IDONTWANT,239,786,484.23339344181574
2,IDONTWANT,254,969,484.47682923346616
2,IDONTWANT,254,953,484.47682923346616
2,IDONTWANT,254,215,484.47682923346616
2,IDONTWANT,254,76,484.47682923346616
2,IDONTWANT,600,531,484.8548074696582
2,IDONTWANT,600,792,484.8548074696582
2,IDONTWANT,600,100,484.8548074696582
2,IDONTWANT,600,355,484.8548074696582
2,IDONTWANT,990,711,485.7381996691561
2,IDONTWANT,990,583,485.7381996691561
2,IDONTWANT,990,226,485.7381996691561
2,IDONTWANT,990,665,485.7381996691561
2,IDONTWANT,162,277,486.8542769602178
2,IDONTWANT,162,774,486.8542769602178
2,IDONTWANT,162,132,486.8542769602178
2,IDONTWANT,162,840,486.8542769602178
2,IDONTWANT,436,277,487.6584819082257
2,IDONTWANT,436,419,487.6584819082257
2,IDONTWANT,436,290,487.6584819082257
2,IDONTWANT,436,684,487.6584819082257
2,IDONTWANT,652,718,490.9226217341445
2,IDONTWANT,652,587,490.9226217341445
2,IDONTWANT,652,601,490.9226217341445
2,IDONTWANT,652,768,490.9226217341445
2,IDONTWANT,188,911,491.6491600254036
2,IDONTWANT,188,403,491.6491600254036
2,IDONTWANT,188,994,491.6491600254036
2,IDONTWANT,188,519,491.6491600254036
2,IDONTWANT,471,466,500.00480010187033
2,IDONTWANT,471,564,500.00480010187033
2,IDONTWANT,471,870,500.00480010187033
2,IDONTWANT,471,643,500.00480010187033
2,IDONTWANT,662,870,500.17306379009773
2,IDONTWANT,662,433,500.17306379009773
2,IDONTWANT,662,494,500.17306379009773
2,IDONTWANT,662,466,500.17306379009773
2,IDONTWANT,648,512,501.022863793575
2,IDONTWANT,648,647,501.022863793575
2,IDONTWANT,648,303,501.022863793575
2,IDONTWANT,648,474,501.022863793575
2,IDONTWANT,160,107,504.36779143171145
2,IDONTWANT,160,86,504.36779143171145
2,IDONTWANT,160,272,504.36779143171145
2,IDONTWANT,160,279,504.36779143171145
2,IDONTWANT,175,637,505.27768401129555
2,IDONTWANT,175,132,505.27768401129555
2,IDONTWANT,175,44,505.27768401129555
2,IDONTWANT,175,540,505.27768401129555
2,IDONTWANT,403,240,506.73078475852583
2,IDONTWANT,403,766,506.73078475852583
2,IDONTWANT,403,552,506.73078475852583
2,IDONTWANT,403,868,506.73078475852583
2,IDONTWANT,432,496,506.8203762763768
2,IDONTWANT,432,64,506.8203762763768
2,IDONTWANT,432,417,506.8203762763768
2,IDONTWANT,432,103,506.8203762763768
2,IDONTWANT,461,878,507.9872849847685
2,IDONTWANT,461,227,507.9872849847685
2,IDONTWANT,461,636,507.9872849847685
2,IDONTWANT,461,414,507.9872849847685
2,IDONTWANT,316,460,508.74687905145834
2,IDONTWANT,316,254,508.74687905145834
2,IDONTWANT,316,802,508.74687905145834
2,IDONTWANT,316,111,508.74687905145834
2,IDONTWANT,502,652,512.7939573704693
2,IDONTWANT,502,959,512.7939573704693
2,IDONTWANT,502,284,512.7939573704693
2,IDONTWANT,502,696,512.7939573704693
2,IDONTWANT,520,631,512.880713806716
2,IDONTWANT,520,641,512.880713806716
2,IDONTWANT,520,442,512.880713806716
2,IDONTWANT,520,427,512.880713806716
2,IDONTWANT,531,98,514.8972266615621
2,IDONTWANT,531,65,514.8972266615621
2,IDONTWANT,531,654,514.8972266615621
2,IDONTWANT,531,148,514.8972266615621
2,IDONTWANT,3,60,517.135330703048
2,IDONTWANT,3,932,517.135330703048
2,IDONTWANT,3,520,517.135330703048
2,IDONTWANT,3,220,517.135330703048
2,IDONTWANT,87,749,517.3130771887502
2,IDONTWANT,87,29,517.3130771887502
2,IDONTWANT,87,28,517.3130771887502
2,IDONTWANT,87,810,517.3130771887502
2,IDONTWANT,911,283,520.4498627099738
2,IDONTWANT,911,585,520.4498627099738
2,IDONTWANT,911,185,520.4498627099738
2,IDONTWANT,911,141,520.4498627099738
2,IDONTWANT,384,239,522.8988774724751
2,IDONTWANT,384,109,522.8988774724751
2,IDONTWANT,384,487,522.8988774724751
2,IDONTWANT,384,733,522.8988774724751
2,IDONTWANT,920,708,523.8794463422522
2,IDONTWANT,920,750,523.8794463422522
2,IDONTWANT,920,532,523.8794463422522
2,IDONTWANT,920,417,523.8794463422522
2,IDONTWANT,28,685,524.9923314107816
2,IDONTWANT,28,80,524.9923314107816
2,IDONTWANT,28,783,524.9923314107816
2,IDONTWANT,28,572,524.9923314107816
2,IDONTWANT,627,159,525.3185411707556
2,IDONTWANT,627,889,525.3185411707556
2,IDONTWANT,627,864,525.3185411707556
2,IDONTWANT,627,461,525.3185411707556
2,IDONTWANT,847,600,529.3869557286848
2,IDONTWANT,847,580,529.3869557286848
2,IDONTWANT,847,218,529.3869557286848
2,IDONTWANT,847,267,529.3869557286848
2,IDONTWANT,332,661,529.9229945164077
2,IDONTWANT,332,860,529.9229945164077
2,IDONTWANT,332,905,529.9229945164077
2,IDONTWANT,332,248,529.9229945164077
2,IDONTWANT,433,815,531.191995469545
2,IDONTWANT,433,404,531.191995469545
2,IDONTWANT,433,680,531.191995469545
2,IDONTWANT,433,564,531.191995469545
2,IDONTWANT,457,322,532.1044716830997
2,IDONTWANT,457,54,532.1044716830997
2,IDONTWANT,457,623,532.1044716830997
2,IDONTWANT,457,949,532.1044716830997
2,IDONTWANT,772,581,534.5638936526016
2,IDONTWANT,772,534,534.5638936526016
2,IDONTWANT,772,40,534.5638936526016
2,IDONTWANT,772,845,534.5638936526016
2,IDONTWANT,918,643,534.8372158013188
2,IDONTWANT,918,831,534.8372158013188
2,IDONTWANT,918,196,534.8372158013188
2,IDONTWANT,918,596,534.8372158013188
2,IDONTWANT,779,659,537.1776880623561
2,IDONTWANT,779,483,537.1776880623561
2,IDONTWANT,779,217,537.1776880623561
2,IDONTWANT,779,918,537.1776880623561
2,IDONTWANT,506,879,537.5160869216583
2,IDONTWANT,506,368,537.5160869216583
2,IDONTWANT,506,990,537.5160869216583
2,IDONTWANT,506,894,537.5160869216583
2,IDONTWANT,623,239,538.2503260337694
2,IDONTWANT,623,967,538.2503260337694
2,IDONTWANT,623,471,538.2503260337694
2,IDONTWANT,623,129,538.2503260337694
2,IDONTWANT,163,433,539.13390726124
2,IDONTWANT,163,870,539.13390726124
2,IDONTWANT,163,934,539.13390726124
2,IDONTWANT,163,693,539.13390726124
2,IDONTWANT,568,710,539.2476622182943
2,IDONTWANT,568,682,539.2476622182943
2,IDONTWANT,568,862,539.2476622182943
2,IDONTWANT,568,549,539.2476622182943
2,IDONTWANT,121,514,540.7609824311326
2,IDONTWANT,121,134,540.7609824311326
2,IDONTWANT,121,545,540.7609824311326
2,IDONTWANT,121,156,540.7609824311326
2,IDONTWANT,466,153,542.4263350774328
2,IDONTWANT,466,252,542.4263350774328
2,IDONTWANT,466,994,542.4263350774328
2,IDONTWANT,466,743,542.4263350774328
2,IDONTWANT,257,135,543.9201093308388
2,IDONTWANT,257,618,543.9201093308388
2,IDONTWANT,257,840,543.9201093308388
2,IDONTWANT,257,647,543.9201093308388
2,IDONTWANT,311,436,548.2385700996624
2,IDONTWANT,311,727,548.2385700996624
2,IDONTWANT,311,783,548.2385700996624
2,IDONTWANT,311,918,548.2385700996624
2,IDONTWANT,724,570,549.1635746931172
2,IDONTWANT,724,59,549.1635746931172
2,IDONTWANT,724,495,549.1635746931172
2,IDONTWANT,724,478,549.1635746931172
2,IDONTWANT,830,394,549.4599627883713
2,IDONTWANT,830,470,549.4599627883713
2,IDONTWANT,830,553,549.4599627883713
2,IDONTWANT,830,89,549.4599627883713
2,IDONTWANT,61,64,550.3751461770629
2,IDONTWANT,61,196,550.3751461770629
2,IDONTWANT,61,69,550.3751461770629
2,IDONTWANT,61,214,550.3751461770629
2,IDONTWANT,359,538,550.5371046590351
2,IDONTWANT,359,765,550.5371046590351
2,IDONTWANT,359,479,550.5371046590351
2,IDONTWANT,359,32,550.5371046590351
2,IDONTWANT,55,528,551.1518373406241
2,IDONTWANT,55,974,551.1518373406241
2,IDONTWANT,55,633,551.1518373406241
2,IDONTWANT,55,671,551.1518373406241
2,IDONTWANT,47,368,552.8354739554343
2,IDONTWANT,47,700,552.8354739554343
2,IDONTWANT,47,906,552.8354739554343
2,IDONTWANT,47,390,552.8354739554343
2,IDONTWANT,738,735,553.0469080659662
2,IDONTWANT,738,425,553.0469080659662
2,IDONTWANT,738,640,553.0469080659662
2,IDONTWANT,738,129,553.0469080659662
2,IDONTWANT,465,160,553.2279261377355
2,IDONTWANT,465,392,553.2279261377355
2,IDONTWANT,465,367,553.2279261377355
2,IDONTWANT,465,126,553.2279261377355
2,IDONTWANT,263,310,554.0386987627211
2,IDONTWANT,263,745,554.0386987627211
2,IDONTWANT,263,144,554.0386987627211
2,IDONTWANT,263,427,554.0386987627211
2,IDONTWANT,964,54,554.2657149447045
2,IDONTWANT,964,332,554.2657149447045
2,IDONTWANT,964,529,554.2657149447045
2,IDONTWANT,964,150,554.2657149447045
2,IDONTWANT,643,445,554.4338928918951
2,IDONTWANT,643,280,554.4338928918951
2,IDONTWANT,643,200,554.4338928918951
2,IDONTWANT,643,111,554.4338928918951
2,IDONTWANT,530,249,554.5217156896138
2,IDONTWANT,530,725,554.5217156896138
2,IDONTWANT,530,152,554.5217156896138
2,IDONTWANT,530,461,554.5217156896138
2,IDONTWANT,632,907,554.5580689963116
2,IDONTWANT,632,714,554.5580689963116
2,IDONTWANT,632,243,554.5580689963116
2,IDONTWANT,632,519,554.5580689963116
2,IDONTWANT,394,202,554.8898422538614
2,IDONTWANT,394,402,554.8898422538614
2,IDONTWANT,394,771,554.8898422538614
2,IDONTWANT,394,163,554.8898422538614
2,IDONTWANT,730,303,555.2528101948284
2,IDONTWANT,730,861,555.2528101948284
2,IDONTWANT,730,476,555.2528101948284
2,IDONTWANT,730,383,555.2528101948284
2,IDONTWANT,766,377,556.9691668795643
2,IDONTWANT,766,893,556.9691668795643
2,IDONTWANT,766,843,556.9691668795643
2,IDONTWANT,766,142,556.9691668795643
2,IDONTWANT,861,685,557.198223579287
2,IDONTWANT,861,518,557.198223579287
2,IDONTWANT,861,402,557.198223579287
2,IDONTWANT,861,187,557.198223579287
2,IDONTWANT,950,505,557.2276985381307
2,IDONTWANT,950,599,557.2276985381307
2,IDONTWANT,950,512,557.2276985381307
2,IDONTWANT,950,779,557.2276985381307
2,IDONTWANT,536,662,557.3483617748509
2,IDONTWANT,536,593,557.3483617748509
2,IDONTWANT,536,454,557.3483617748509
2,IDONTWANT,536,617,557.3483617748509
2,IDONTWANT,191,724,557.9546021782883
2,IDONTWANT,191,747,557.9546021782883
2,IDONTWANT,191,652,557.9546021782883
2,IDONTWANT,191,143,557.9546021782883
2,IDONTWANT,740,374,558.2884871064856
2,IDONTWANT,740,349,558.2884871064856
2,IDONTWANT,740,485,558.2884871064856
2,IDONTWANT,740,798,558.2884871064856
2,IDONTWANT,12,554,559.9921756204382
2,IDONTWANT,12,121,559.9921756204382
2,IDONTWANT,12,585,559.9921756204382
2,IDONTWANT,12,316,559.9921756204382
2,IDONTWANT,294,929,560.0877334778214
2,IDONTWANT,294,341,560.0877334778214
2,IDONTWANT,294,778,560.0877334778214
2,IDONTWANT,294,461,560.0877334778214
2,IDONTWANT,168,705,560.2565439932816
2,IDONTWANT,168,188,560.2565439932816
2,IDONTWANT,168,436,560.2565439932816
2,IDONTWANT,168,917,560.2565439932816
2,IDONTWANT,663,20,560.6061165661298
2,IDONTWANT,663,636,560.6061165661298
2,IDONTWANT,663,880,560.6061165661298
2,IDONTWANT,663,419,560.6061165661298
2,IDONTWANT,774,589,561.5032014486401
2,IDONTWANT,774,712,561.5032014486401
2,IDONTWANT,774,941,561.5032014486401
2,IDONTWANT,774,414,561.5032014486401
2,IDONTWANT,390,843,562.2798822787614
2,IDONTWANT,390,709,562.2798822787614
2,IDONTWANT,390,792,562.2798822787614
2,IDONTWANT,390,154,562.2798822787614
2,IDONTWANT,58,896,562.5279975720676
2,IDONTWANT,58,697,562.5279975720676
2,IDONTWANT,58,818,562.5279975720676
2,IDONTWANT,58,573,562.5279975720676
2,IDONTWANT,709,11,563.1294165168134
2,IDONTWANT,709,214,563.1294165168134
2,IDONTWANT,709,975,563.1294165168134
2,IDONTWANT,709,73,563.1294165168134
2,IDONTWANT,946,590,563.7468068752326
2,IDONTWANT,946,475,563.7468068752326
2,IDONTWANT,946,535,563.7468068752326
2,IDONTWANT,946,244,563.7468068752326
2,IDONTWANT,815,705,564.3458953216601
2,IDONTWANT,815,1,564.3458953216601
2,IDONTWANT,815,329,564.3458953216601
2,IDONTWANT,815,269,564.3458953216601
2,IDONTWANT,904,166,564.4640315099039
2,IDONTWANT,904,58,564.4640315099039
2,IDONTWANT,904,852,564.4640315099039
2,IDONTWANT,904,743,564.4640315099039
2,IDONTWANT,512,149,564.8232353160865
2,IDONTWANT,512,368,564.8232353160865
2,IDONTWANT,512,338,564.8232353160865
2,IDONTWANT,512,783,564.8232353160865
2,IDONTWANT,53,379,564.9427821851828
2,IDONTWANT,53,625,564.9427821851828
2,IDONTWANT,53,580,564.9427821851828
2,IDONTWANT,53,327,564.9427821851828
2,IDONTWANT,674,812,566.8499352386013
2,IDONTWANT,674,849,566.8499352386013
2,IDONTWANT,674,378,566.8499352386013
2,IDONTWANT,674,534,566.8499352386013
2,IDONTWANT,431,32,567.0434667266754
2,IDONTWANT,431,815,567.0434667266754
2,IDONTWANT,431,508,567.0434667266754
2,IDONTWANT,431,562,567.0434667266754
2,IDONTWANT,547,316,567.7321957591518
2,IDONTWANT,547,65,567.7321957591518
2,IDONTWANT,547,307,567.7321957591518
2,IDONTWANT,547,641,567.7321957591518
2,IDONTWANT,286,174,567.7505949783563
2,IDONTWANT,286,484,567.7505949783563
2,IDONTWANT,286,425,567.7505949783563
2,IDONTWANT,286,352,567.7505949783563
2,IDONTWANT,685,977,569.5215576813519
2,IDONTWANT,685,539,569.5215576813519
2,IDONTWANT,685,995,569.5215576813519
2,IDONTWANT,685,224,569.5215576813519
2,IDONTWANT,870,148,569.9621511257122
2,IDONTWANT,870,325,569.9621511257122
2,IDONTWANT,870,773,569.9621511257122
2,IDONTWANT,870,5,569.9621511257122
2,IDONTWANT,108,674,570.6750387954575
2,IDONTWANT,108,960,570.6750387954575
2,IDONTWANT,108,359,570.6750387954575
2,IDONTWANT,108,160,570.6750387954575
2,IDONTWANT,372,421,572.3818970021298
2,IDONTWANT,372,253,572.3818970021298
2,IDONTWANT,372,832,572.3818970021298
2,IDONTWANT,372,641,572.3818970021298
2,IDONTWANT,798,623,573.5394965743012
2,IDONTWANT,798,61,573.5394965743012
2,IDONTWANT,798,323,573.5394965743012
2,IDONTWANT,798,376,573.5394965743012
2,IDONTWANT,534,11,574.4410292139099
2,IDONTWANT,534,57,574.4410292139099
2,IDONTWANT,534,661,574.4410292139099
2,IDONTWANT,534,841,574.4410292139099
2,IDONTWANT,654,684,574.5496575399388
2,IDONTWANT,654,740,574.5496575399388
2,IDONTWANT,654,669,574.5496575399388
2,IDONTWANT,654,902,574.5496575399388
2,IDONTWANT,564,968,575.267274028492
2,IDONTWANT,564,163,575.267274028492
2,IDONTWANT,564,765,575.267274028492
2,IDONTWANT,564,937,575.267274028492
2,IDONTWANT,708,648,575.741859655062
2,IDONTWANT,708,596,575.741859655062
2,IDONTWANT,708,15,575.741859655062
2,IDONTWANT,708,673,575.741859655062
2,IDONTWANT,659,718,577.0269697321027
2,IDONTWANT,659,100,577.0269697321027
2,IDONTWANT,659,917,577.0269697321027
2,IDONTWANT,659,429,577.0269697321027
2,IDONTWANT,765,937,577.3483635662069
2,IDONTWANT,765,953,577.3483635662069
2,IDONTWANT,765,671,577.3483635662069
2,IDONTWANT,765,13,577.3483635662069
2,IDONTWANT,879,199,577.9214014694388
2,IDONTWANT,879,818,577.9214014694388
2,IDONTWANT,879,36,577.9214014694388
2,IDONTWANT,879,160,577.9214014694388
2,IDONTWANT,743,432,578.1122573064243
2,IDONTWANT,743,257,578.1122573064243
2,IDONTWANT,743,567,578.1122573064243
2,IDONTWANT,743,53,578.1122573064243
2,IDONTWANT,50,239,578.1174324765757
2,IDONTWANT,50,12,578.1174324765757
2,IDONTWANT,50,497,578.1174324765757
2,IDONTWANT,50,852,578.1174324765757
2,IDONTWANT,202,332,580.4200443478659
2,IDONTWANT,202,251,580.4200443478659
2,IDONTWANT,202,35,580.4200443478659
2,IDONTWANT,202,989,580.4200443478659
2,IDONTWANT,894,342,580.5089817606892
2,IDONTWANT,894,823,580.5089817606892
2,IDONTWANT,894,171,580.5089817606892
2,IDONTWANT,894,266,580.5089817606892
2,IDONTWANT,379,268,580.5367941559505
2,IDONTWANT,379,765,580.5367941559505
2,IDONTWANT,379,734,580.5367941559505
2,IDONTWANT,379,707,580.5367941559505
2,IDONTWANT,977,36,580.5372624144708
2,IDONTWANT,977,636,580.5372624144708
2,IDONTWANT,977,102,580.5372624144708
2,IDONTWANT,977,256,580.5372624144708
2,IDONTWANT,705,58,580.5961564871742
2,IDONTWANT,705,87,580.5961564871742
2,IDONTWANT,705,848,580.5961564871742
2,IDONTWANT,705,578,580.5961564871742
2,IDONTWANT,996,559,580.9854030661105
2,IDONTWANT,996,392,580.9854030661105
2,IDONTWANT,996,992,580.9854030661105
2,IDONTWANT,996,599,580.9854030661105
2,IDONTWANT,937,977,582.2329937890329
2,IDONTWANT,937,748,582.2329937890329
2,IDONTWANT,937,506,582.2329937890329
2,IDONTWANT,937,457,582.2329937890329
2,IDONTWANT,303,511,582.5353605724016
2,IDONTWANT,303,284,582.5353605724016
2,IDONTWANT,303,589,582.5353605724016
2,IDONTWANT,303,991,582.5353605724016
2,IDONTWANT,2,549,583.0066083233304
2,IDONTWANT,2,97,583.0066083233304
2,IDONTWANT,2,375,583.0066083233304
2,IDONTWANT,2,597,583.0066083233304
2,IDONTWANT,54,976,584.6271798819258
2,IDONTWANT,54,129,584.6271798819258
2,IDONTWANT,54,708,584.6271798819258
2,IDONTWANT,54,880,584.6271798819258
2,IDONTWANT,580,69,585.019786145697
2,IDONTWANT,580,755,585.019786145697
2,IDONTWANT,580,47,585.019786145697
2,IDONTWANT,580,67,585.019786145697
2,IDONTWANT,782,124,586.8253660039597
2,IDONTWANT,782,990,586.8253660039597
2,IDONTWANT,782,880,586.8253660039597
2,IDONTWANT,782,90,586.8253660039597
2,IDONTWANT,411,405,587.2986716095226
2,IDONTWANT,411,257,587.2986716095226
2,IDONTWANT,411,251,587.2986716095226
2,IDONTWANT,411,520,587.2986716095226
2,IDONTWANT,641,200,588.4827268284488
2,IDONTWANT,641,393,588.4827268284488
2,IDONTWANT,641,154,588.4827268284488
2,IDONTWANT,641,151,588.4827268284488
2,IDONTWANT,718,651,589.1644500360696
2,IDONTWANT,718,859,589.1644500360696
2,IDONTWANT,718,304,589.1644500360696
2,IDONTWANT,718,202,589.1644500360696
2,IDONTWANT,756,623,589.4036150828705
2,IDONTWANT,756,785,589.4036150828705
2,IDONTWANT,756,673,589.4036150828705
2,IDONTWANT,756,61,589.4036150828705
2,IDONTWANT,82,338,589.5067407649153
2,IDONTWANT,82,652,589.5067407649153
2,IDONTWANT,82,229,589.5067407649153
2,IDONTWANT,82,628,589.5067407649153
2,IDONTWANT,76,707,590.5332393152066
2,IDONTWANT,76,557,590.5332393152066
2,IDONTWANT,76,937,590.5332393152066
2,IDONTWANT,76,27,590.5332393152066
2,IDONTWANT,570,715,590.7032984200632
2,IDONTWANT,570,6,590.7032984200632
2,IDONTWANT,570,879,590.7032984200632
2,IDONTWANT,570,27,590.7032984200632
2,IDONTWANT,934,328,590.9698797670436
2,IDONTWANT,934,797,590.9698797670436
2,IDONTWANT,934,728,590.9698797670436
2,IDONTWANT,934,888,590.9698797670436
2,IDONTWANT,497,467,591.0906042368813
2,IDONTWANT,497,147,591.0906042368813
2,IDONTWANT,497,260,591.0906042368813
2,IDONTWANT,497,515,591.0906042368813
2,IDONTWANT,34,681,591.273804439556
2,IDONTWANT,34,67,591.273804439556
2,IDONTWANT,34,63,591.273804439556
2,IDONTWANT,34,749,591.273804439556
2,IDONTWANT,11,137,591.645619472643
2,IDONTWANT,11,297,591.645619472643
2,IDONTWANT,11,430,591.645619472643
2,IDONTWANT,11,148,591.645619472643
2,IDONTWANT,880,950,592.8084603236695
2,IDONTWANT,880,852,592.8084603236695
2,IDONTWANT,880,225,592.8084603236695
2,IDONTWANT,880,79,592.8084603236695
2,IDONTWANT,862,459,593.0980543513228
2,IDONTWANT,862,871,593.0980543513228
2,IDONTWANT,862,163,593.0980543513228
2,IDONTWANT,862,379,593.0980543513228
2,IDONTWANT,812,252,593.6125011729616
2,IDONTWANT,812,385,593.6125011729616
2,IDONTWANT,812,396,593.6125011729616
2,IDONTWANT,812,701,593.6125011729616
2,IDONTWANT,300,892,594.3469200148431
2,IDONTWANT,300,423,594.3469200148431
2,IDONTWANT,300,393,594.3469200148431
2,IDONTWANT,300,424,594.3469200148431
2,IDONTWANT,36,698,595.3668820002546
2,IDONTWANT,36,842,595.3668820002546
2,IDONTWANT,36,457,595.3668820002546
2,IDONTWANT,36,292,595.3668820002546
2,IDONTWANT,318,996,595.7304990028204
2,IDONTWANT,318,699,595.7304990028204
2,IDONTWANT,318,111,595.7304990028204
2,IDONTWANT,318,965,595.7304990028204
2,IDONTWANT,909,293,595.7489051254094
2,IDONTWANT,909,190,595.7489051254094
2,IDONTWANT,909,368,595.7489051254094
2,IDONTWANT,909,445,595.7489051254094
2,IDONTWANT,159,808,595.8187861285596
2,IDONTWANT,159,235,595.8187861285596
2,IDONTWANT,159,996,595.8187861285596
2,IDONTWANT,159,898,595.8187861285596
2,IDONTWANT,552,672,597.0942609411754
2,IDONTWANT,552,463,597.0942609411754
2,IDONTWANT,552,179,597.0942609411754
2,IDONTWANT,552,231,597.0942609411754
2,IDONTWANT,470,331,597.6562140847989
2,IDONTWANT,470,120,597.6562140847989
2,IDONTWANT,470,399,597.6562140847989
2,IDONTWANT,470,614,597.6562140847989
2,IDONTWANT,525,108,598.8188459374618
2,IDONTWANT,525,536,598.8188459374618
2,IDONTWANT,525,365,598.8188459374618
2,IDONTWANT,525,547,598.8188459374618
2,IDONTWANT,132,576,598.8630194738876
2,IDONTWANT,132,28,598.8630194738876
2,IDONTWANT,132,779,598.8630194738876
2,IDONTWANT,132,916,598.8630194738876
2,IDONTWANT,284,891,600.0406390983846
2,IDONTWANT,284,294,600.0406390983846
2,IDONTWANT,284,498,600.0406390983846
2,IDONTWANT,284,50,600.0406390983846
2,IDONTWANT,852,346,600.3140143471868
2,IDONTWANT,852,205,600.3140143471868
2,IDONTWANT,852,185,600.3140143471868
2,IDONTWANT,852,387,600.3140143471868
2,IDONTWANT,214,611,600.379952589718
2,IDONTWANT,214,399,600.379952589718
2,IDONTWANT,214,783,600.379952589718
2,IDONTWANT,214,334,600.379952589718
2,IDONTWANT,585,729,601.3658107867411
2,IDONTWANT,585,967,601.3658107867411
2,IDONTWANT,585,393,601.3658107867411
2,IDONTWANT,585,109,601.3658107867411
2,IDONTWANT,916,779,601.7849783041864
2,IDONTWANT,916,280,601.7849783041864
2,IDONTWANT,916,179,601.7849783041864
2,IDONTWANT,916,210,601.7849783041864
2,IDONTWANT,590,648,604.514181805372
2,IDONTWANT,590,294,604.514181805372
2,IDONTWANT,590,488,604.514181805372
2,IDONTWANT,590,102,604.514181805372
2,IDONTWANT,338,263,604.6647546804254
2,IDONTWANT,338,233,604.6647546804254
2,IDONTWANT,338,684,604.6647546804254
2,IDONTWANT,338,435,604.6647546804254
2,IDONTWANT,672,467,605.1698795606669
2,IDONTWANT,672,554,605.1698795606669
2,IDONTWANT,672,209,605.1698795606669
2,IDONTWANT,672,735,605.1698795606669
2,IDONTWANT,405,799,605.3063104659698
2,IDONTWANT,405,862,605.3063104659698
2,IDONTWANT,405,300,605.3063104659698
2,IDONTWANT,405,286,605.3063104659698
2,IDONTWANT,69,486,606.8763826697227
2,IDONTWANT,69,126,606.8763826697227
2,IDONTWANT,69,119,606.8763826697227
2,IDONTWANT,69,870,606.8763826697227
2,IDONTWANT,592,662,607.0807686617168
2,IDONTWANT,592,209,607.0807686617168
2,IDONTWANT,592,301,607.0807686617168
2,IDONTWANT,592,326,607.0807686617168
2,IDONTWANT,310,992,607.2470365536551
2,IDONTWANT,310,22,607.2470365536551
2,IDONTWANT,310,130,607.2470365536551
2,IDONTWANT,310,33,607.2470365536551
2,IDONTWANT,848,948,607.787276526873
2,IDONTWANT,848,797,607.787276526873
2,IDONTWANT,848,286,607.787276526873
2,IDONTWANT,848,436,607.787276526873
2,IDONTWANT,647,810,608.1736164113139
2,IDONTWANT,647,447,608.1736164113139
2,IDONTWANT,647,711,608.1736164113139
2,IDONTWANT,647,227,608.1736164113139
2,IDONTWANT,129,108,609.4845331931696
2,IDONTWANT,129,905,609.4845331931696
2,IDONTWANT,129,574,609.4845331931696
2,IDONTWANT,129,58,609.4845331931696
2,IDONTWANT,949,46,609.5374000067893
2,IDONTWANT,949,279,609.5374000067893
2,IDONTWANT,949,126,609.5374000067893
2,IDONTWANT,949,476,609.5374000067893
2,IDONTWANT,981,170,609.8902254979516
2,IDONTWANT,981,123,609.8902254979516
2,IDONTWANT,981,61,609.8902254979516
2,IDONTWANT,981,608,609.8902254979516
2,IDONTWANT,190,351,610.5179215475646
2,IDONTWANT,190,204,610.5179215475646
2,IDONTWANT,190,853,610.5179215475646
2,IDONTWANT,190,904,610.5179215475646
2,IDONTWANT,130,255,612.3847580410028
2,IDONTWANT,130,196,612.3847580410028
2,IDONTWANT,130,284,612.3847580410028
2,IDONTWANT,130,43,612.3847580410028
2,IDONTWANT,849,99,614.4597391347628
2,IDONTWANT,849,970,614.4597391347628
2,IDONTWANT,849,457,614.4597391347628
2,IDONTWANT,849,785,614.4597391347628
2,IDONTWANT,593,344,615.6015202463002
2,IDONTWANT,593,433,615.6015202463002
2,IDONTWANT,593,267,615.6015202463002
2,IDONTWANT,593,21,615.6015202463002
2,IDONTWANT,559,535,615.604532904848
2,IDONTWANT,559,996,615.604532904848
2,IDONTWANT,559,271,615.604532904848
2,IDONTWANT,559,302,615.604532904848
2,IDONTWANT,619,432,616.9605683139489
2,IDONTWANT,619,910,616.9605683139489
2,IDONTWANT,619,662,616.9605683139489
2,IDONTWANT,619,25,616.9605683139489
2,IDONTWANT,562,15,617.0631453660408
2,IDONTWANT,562,173,617.0631453660408
2,IDONTWANT,562,266,617.0631453660408
2,IDONTWANT,562,927,617.0631453660408
2,IDONTWANT,196,862,617.3096919707557
2,IDONTWANT,196,391,617.3096919707557
2,IDONTWANT,196,892,617.3096919707557
2,IDONTWANT,196,519,617.3096919707557
2,IDONTWANT,576,109,617.7395892416923
2,IDONTWANT,576,637,617.7395892416923
2,IDONTWANT,576,952,617.7395892416923
2,IDONTWANT,576,165,617.7395892416923
2,IDONTWANT,505,787,617.8505096147394
2,IDONTWANT,505,544,617.8505096147394
2,IDONTWANT,505,49,617.8505096147394
2,IDONTWANT,505,652,617.8505096147394
2,IDONTWANT,650,756,618.3890337523845
2,IDONTWANT,650,414,618.3890337523845
2,IDONTWANT,650,5,618.3890337523845
2,IDONTWANT,650,759,618.3890337523845
2,IDONTWANT,347,779,618.487173288232
2,IDONTWANT,347,911,618.487173288232
2,IDONTWANT,347,302,618.487173288232
2,IDONTWANT,347,111,618.487173288232
2,IDONTWANT,910,41,618.5237961680959
2,IDONTWANT,910,934,618.5237961680959
2,IDONTWANT,910,418,618.5237961680959
2,IDONTWANT,910,223,618.5237961680959
2,IDONTWANT,377,347,618.5725696766011
2,IDONTWANT,377,371,618.5725696766011
2,IDONTWANT,377,278,618.5725696766011
2,IDONTWANT,377,343,618.5725696766011
2,IDONTWANT,587,34,619.0834057728068
2,IDONTWANT,587,35,619.0834057728068
2,IDONTWANT,587,973,619.0834057728068
2,IDONTWANT,587,869,619.0834057728068
2,IDONTWANT,255,596,620.3707982131525
2,IDONTWANT,255,92,620.3707982131525
2,IDONTWANT,255,145,620.3707982131525
2,IDONTWANT,255,766,620.3707982131525
2,IDONTWANT,711,103,620.8430456227346
2,IDONTWANT,711,592,620.8430456227346
2,IDONTWANT,711,146,620.8430456227346
2,IDONTWANT,711,875,620.8430456227346
2,IDONTWANT,144,218,620.9008932593986
2,IDONTWANT,144,686,620.9008932593986
2,IDONTWANT,144,311,620.9008932593986
2,IDONTWANT,144,803,620.9008932593986
2,IDONTWANT,4,39,621.8247508705159
2,IDONTWANT,4,89,621.8247508705159
2,IDONTWANT,4,445,621.8247508705159
2,IDONTWANT,4,429,621.8247508705159
2,IDONTWANT,764,37,621.8334385075442
2,IDONTWANT,764,431,621.8334385075442
2,IDONTWANT,764,794,621.8334385075442
2,IDONTWANT,764,103,621.8334385075442
2,IDONTWANT,802,977,622.56794232356
2,IDONTWANT,802,660,622.56794232356
2,IDONTWANT,802,167,622.56794232356
2,IDONTWANT,802,644,622.56794232356
2,IDONTWANT,148,140,624.1214152005626
2,IDONTWANT,148,991,624.1214152005626
2,IDONTWANT,148,479,624.1214152005626
2,IDONTWANT,148,225,624.1214152005626
2,IDONTWANT,422,797,624.389164101804
2,IDONTWANT,422,681,624.389164101804
2,IDONTWANT,422,969,624.389164101804
2,IDONTWANT,422,6,624.389164101804
2,IDONTWANT,948,890,624.4129017612566
2,IDONTWANT,948,96,624.4129017612566
2,IDONTWANT,948,734,624.4129017612566
2,IDONTWANT,948,183,624.4129017612566
2,IDONTWANT,252,840,624.4564263271105
2,IDONTWANT,252,519,624.4564263271105
2,IDONTWANT,252,992,624.4564263271105
2,IDONTWANT,252,461,624.4564263271105
2,IDONTWANT,656,597,624.952062976846
2,IDONTWANT,656,873,624.952062976846
2,IDONTWANT,656,234,624.952062976846
2,IDONTWANT,656,696,624.952062976846
2,IDONTWANT,341,431,625.1187846783426
2,IDONTWANT,341,372,625.1187846783426
2,IDONTWANT,341,699,625.1187846783426
2,IDONTWANT,341,406,625.1187846783426
2,IDONTWANT,628,678,625.6869864174976
2,IDONTWANT,628,567,625.6869864174976
2,IDONTWANT,628,760,625.6869864174976
2,IDONTWANT,628,331,625.6869864174976
2,IDONTWANT,549,489,626.9054023149057
2,IDONTWANT,549,733,626.9054023149057
2,IDONTWANT,549,552,626.9054023149057
2,IDONTWANT,549,6,626.9054023149057
2,IDONTWANT,445,592,626.9868680513514
2,IDONTWANT,445,905,626.9868680513514
2,IDONTWANT,445,373,626.9868680513514
2,IDONTWANT,445,472,626.9868680513514
2,IDONTWANT,363,286,627.5052002845757
2,IDONTWANT,363,82,627.5052002845757
2,IDONTWANT,363,359,627.5052002845757
2,IDONTWANT,363,431,627.5052002845757
2,IDONTWANT,636,253,628.2643268081814
2,IDONTWANT,636,741,628.2643268081814
2,IDONTWANT,636,334,628.2643268081814
2,IDONTWANT,636,617,628.2643268081814
2,IDONTWANT,892,421,628.292787486045
2,IDONTWANT,892,252,628.292787486045
2,IDONTWANT,892,159,628.292787486045
2,IDONTWANT,892,26,628.292787486045
2,IDONTWANT,889,58,629.170944704979
2,IDONTWANT,889,184,629.170944704979
2,IDONTWANT,889,730,629.170944704979
2,IDONTWANT,889,462,629.170944704979
2,IDONTWANT,39,364,629.3754063917669
2,IDONTWANT,39,173,629.3754063917669
2,IDONTWANT,39,626,629.3754063917669
2,IDONTWANT,39,120,629.3754063917669
2,IDONTWANT,218,914,629.8042588451189
2,IDONTWANT,218,526,629.8042588451189
2,IDONTWANT,218,643,629.8042588451189
2,IDONTWANT,218,440,629.8042588451189
2,IDONTWANT,215,738,630.5504482739707
2,IDONTWANT,215,507,630.5504482739707
2,IDONTWANT,215,153,630.5504482739707
2,IDONTWANT,215,291,630.5504482739707
2,IDONTWANT,550,384,631.2010735857934
2,IDONTWANT,550,865,631.2010735857934
2,IDONTWANT,550,447,631.2010735857934
2,IDONTWANT,550,764,631.2010735857934
2,IDONTWANT,0,332,631.2408177872983
2,IDONTWANT,0,971,631.2408177872983
2,IDONTWANT,0,155,631.2408177872983
2,IDONTWANT,0,405,631.2408177872983
2,IDONTWANT,272,774,631.253117075615
2,IDONTWANT,272,282,631.253117075615
2,IDONTWANT,272,875,631.253117075615
2,IDONTWANT,272,49,631.253117075615
2,IDONTWANT,644,654,631.2949390621687
2,IDONTWANT,644,934,631.2949390621687
2,IDONTWANT,644,109,631.2949390621687
2,IDONTWANT,644,287,631.2949390621687
2,IDONTWANT,217,44,631.6027504837184
2,IDONTWANT,217,845,631.6027504837184
2,IDONTWANT,217,856,631.6027504837184
2,IDONTWANT,217,733,631.6027504837184
2,IDONTWANT,183,15,633.1936596441087
2,IDONTWANT,183,18,633.1936596441087
2,IDONTWANT,183,751,633.1936596441087
2,IDONTWANT,183,518,633.1936596441087
2,IDONTWANT,60,107,633.2830579851772
2,IDONTWANT,60,494,633.2830579851772
2,IDONTWANT,60,650,633.2830579851772
2,IDONTWANT,60,411,633.2830579851772
2,IDONTWANT,410,593,633.2858125522333
2,IDONTWANT,410,192,633.2858125522333
2,IDONTWANT,410,334,633.2858125522333
2,IDONTWANT,410,66,633.2858125522333
2,IDONTWANT,535,576,633.6193947716912
2,IDONTWANT,535,915,633.6193947716912
2,IDONTWANT,535,358,633.6193947716912
2,IDONTWANT,535,609,633.6193947716912
2,IDONTWANT,123,451,634.2000810020272
2,IDONTWANT,123,796,634.2000810020272
2,IDONTWANT,123,188,634.2000810020272
2,IDONTWANT,123,624,634.2000810020272
2,IDONTWANT,611,967,634.6936719961541
2,IDONTWANT,611,162,634.6936719961541
2,IDONTWANT,611,290,634.6936719961541
2,IDONTWANT,611,835,634.6936719961541
2,IDONTWANT,392,327,635.0009304452768
2,IDONTWANT,392,472,635.0009304452768
2,IDONTWANT,392,370,635.0009304452768
2,IDONTWANT,392,803,635.0009304452768
2,IDONTWANT,376,766,635.0865386797084
2,IDONTWANT,376,64,635.0865386797084
2,IDONTWANT,376,921,635.0865386797084
2,IDONTWANT,376,621,635.0865386797084
2,IDONTWANT,972,464,635.1386413535936
2,IDONTWANT,972,648,635.1386413535936
2,IDONTWANT,972,47,635.1386413535936
2,IDONTWANT,972,828,635.1386413535936
2,IDONTWANT,489,750,635.1987334172966
2,IDONTWANT,489,710,635.1987334172966
2,IDONTWANT,489,835,635.1987334172966
2,IDONTWANT,489,112,635.1987334172966
2,IDONTWANT,80,172,635.8492680792239
2,IDONTWANT,80,365,635.8492680792239
2,IDONTWANT,80,791,635.8492680792239
2,IDONTWANT,80,229,635.8492680792239
2,IDONTWANT,891,892,636.3720886315767
2,IDONTWANT,891,152,636.3720886315767
2,IDONTWANT,891,272,636.3720886315767
2,IDONTWANT,891,428,636.3720886315767
2,IDONTWANT,508,706,637.399985134219
2,IDONTWANT,508,904,637.399985134219
2,IDONTWANT,508,918,637.399985134219
2,IDONTWANT,508,107,637.399985134219
2,IDONTWANT,735,954,637.6214579354403
2,IDONTWANT,735,338,637.6214579354403
2,IDONTWANT,735,829,637.6214579354403
2,IDONTWANT,735,96,637.6214579354403
2,IDONTWANT,967,647,637.7395384980836
2,IDONTWANT,967,11,637.7395384980836
2,IDONTWANT,967,373,637.7395384980836
2,IDONTWANT,967,111,637.7395384980836
2,IDONTWANT,480,109,637.932039391771
2,IDONTWANT,480,68,637.932039391771
2,IDONTWANT,480,131,637.932039391771
2,IDONTWANT,480,367,637.932039391771
2,IDONTWANT,936,62,638.1700499913461
2,IDONTWANT,936,298,638.1700499913461
2,IDONTWANT,936,893,638.1700499913461
2,IDONTWANT,936,110,638.1700499913461
2,IDONTWANT,44,412,638.2149966315513
2,IDONTWANT,44,563,638.2149966315513
2,IDONTWANT,44,285,638.2149966315513
2,IDONTWANT,44,905,638.2149966315513
2,IDONTWANT,140,915,638.8432500557211
2,IDONTWANT,140,966,638.8432500557211
2,IDONTWANT,140,208,638.8432500557211
2,IDONTWANT,140,861,638.8432500557211
2,IDONTWANT,109,562,640.1888136053361
2,IDONTWANT,109,135,640.1888136053361
2,IDONTWANT,109,21,640.1888136053361
2,IDONTWANT,109,14,640.1888136053361
2,IDONTWANT,639,999,641.6748218306798
2,IDONTWANT,639,978,641.6748218306798
2,IDONTWANT,639,747,641.6748218306798
2,IDONTWANT,639,104,641.6748218306798
2,IDONTWANT,712,239,641.708247564613
2,IDONTWANT,712,190,641.708247564613
2,IDONTWANT,712,795,641.708247564613
2,IDONTWANT,712,462,641.708247564613
2,IDONTWANT,89,710,641.8543215296235
2,IDONTWANT,89,620,641.8543215296235
2,IDONTWANT,89,980,641.8543215296235
2,IDONTWANT,89,353,641.8543215296235
2,IDONTWANT,152,442,642.2275055432075
2,IDONTWANT,152,528,642.2275055432075
2,IDONTWANT,152,414,642.2275055432075
2,IDONTWANT,152,348,642.2275055432075
2,IDONTWANT,959,964,642.2758976189032
2,IDONTWANT,959,53,642.2758976189032
2,IDONTWANT,959,795,642.2758976189032
2,IDONTWANT,959,371,642.2758976189032
2,IDONTWANT,204,187,642.3850362348999
2,IDONTWANT,204,1,642.3850362348999
2,IDONTWANT,204,344,642.3850362348999
2,IDONTWANT,204,391,642.3850362348999
2,IDONTWANT,808,822,644.1526417681005
2,IDONTWANT,808,848,644.1526417681005
2,IDONTWANT,808,614,644.1526417681005
2,IDONTWANT,808,340,644.1526417681005
2,IDONTWANT,207,795,644.2163080865356
2,IDONTWANT,207,5,644.2163080865356
2,IDONTWANT,207,93,644.2163080865356
2,IDONTWANT,207,271,644.2163080865356
2,IDONTWANT,671,356,644.5841662884466
2,IDONTWANT,671,103,644.5841662884466
2,IDONTWANT,671,868,644.5841662884466
2,IDONTWANT,671,588,644.5841662884466
2,IDONTWANT,406,581,645.6296936743971
2,IDONTWANT,406,274,645.6296936743971
2,IDONTWANT,406,381,645.6296936743971
2,IDONTWANT,406,260,645.6296936743971
2,IDONTWANT,365,988,645.7565497278263
2,IDONTWANT,365,778,645.7565497278263
2,IDONTWANT,365,212,645.7565497278263
2,IDONTWANT,365,390,645.7565497278263
2,IDONTWANT,100,183,647.1703727614467
2,IDONTWANT,100,445,647.1703727614467
2,IDONTWANT,100,809,647.1703727614467
2,IDONTWANT,100,652,647.1703727614467
2,IDONTWANT,378,981,648.359985268645
2,IDONTWANT,378,977,648.359985268645
2,IDONTWANT,378,632,648.359985268645
2,IDONTWANT,378,44,648.359985268645
2,IDONTWANT,933,836,648.7585628107797
2,IDONTWANT,933,849,648.7585628107797
2,IDONTWANT,933,886,648.7585628107797
2,IDONTWANT,933,935,648.7585628107797
2,IDONTWANT,682,643,649.5507168480832
2,IDONTWANT,682,716,649.5507168480832
2,IDONTWANT,682,692,649.5507168480832
2,IDONTWANT,682,360,649.5507168480832
2,IDONTWANT,797,981,650.4258839012264
2,IDONTWANT,797,882,650.4258839012264
2,IDONTWANT,797,855,650.4258839012264
2,IDONTWANT,797,498,650.4258839012264
2,IDONTWANT,516,317,650.504897990183
2,IDONTWANT,516,655,650.504897990183
2,IDONTWANT,516,990,650.504897990183
2,IDONTWANT,516,892,650.504897990183
2,IDONTWANT,15,193,650.6482253832415
2,IDONTWANT,15,382,650.6482253832415
2,IDONTWANT,15,100,650.6482253832415
2,IDONTWANT,15,561,650.6482253832415
2,IDONTWANT,986,906,650.747175880425
2,IDONTWANT,986,300,650.747175880425
2,IDONTWANT,986,937,650.747175880425
2,IDONTWANT,986,416,650.747175880425
2,IDONTWANT,966,255,650.7892556517119
2,IDONTWANT,966,891,650.7892556517119
2,IDONTWANT,966,432,650.7892556517119
2,IDONTWANT,966,679,650.7892556517119
2,IDONTWANT,20,371,651.7922326788707
2,IDONTWANT,20,307,651.7922326788707
2,IDONTWANT,20,255,651.7922326788707
2,IDONTWANT,20,814,651.7922326788707
2,IDONTWANT,484,945,652.462679859677
2,IDONTWANT,484,752,652.462679859677
2,IDONTWANT,484,321,652.462679859677
2,IDONTWANT,484,797,652.462679859677
2,IDONTWANT,111,105,652.7123649510349
2,IDONTWANT,111,540,652.7123649510349
2,IDONTWANT,111,768,652.7123649510349
2,IDONTWANT,111,957,652.7123649510349
2,IDONTWANT,783,223,652.9000568668022
2,IDONTWANT,783,891,652.9000568668022
2,IDONTWANT,783,124,652.9000568668022
2,IDONTWANT,783,132,652.9000568668022
2,IDONTWANT,419,598,653.2317442598771
2,IDONTWANT,419,198,653.2317442598771
2,IDONTWANT,419,953,653.2317442598771
2,IDONTWANT,419,76,653.2317442598771
2,IDONTWANT,781,4,653.2395444183737
2,IDONTWANT,781,9,653.2395444183737
2,IDONTWANT,781,700,653.2395444183737
2,IDONTWANT,781,685,653.2395444183737
2,IDONTWANT,836,217,653.416788541994
2,IDONTWANT,836,196,653.416788541994
2,IDONTWANT,836,94,653.416788541994
2,IDONTWANT,836,185,653.416788541994
2,IDONTWANT,992,375,653.6180863473346
2,IDONTWANT,992,471,653.6180863473346
2,IDONTWANT,992,913,653.6180863473346
2,IDONTWANT,992,561,653.6180863473346
2,IDONTWANT,710,671,653.7199443603984
2,IDONTWANT,710,300,653.7199443603984
2,IDONTWANT,710,256,653.7199443603984
2,IDONTWANT,710,622,653.7199443603984
2,IDONTWANT,1,667,653.7439605594204
2,IDONTWANT,1,50,653.7439605594204
2,IDONTWANT,1,75,653.7439605594204
2,IDONTWANT,1,841,653.7439605594204
2,IDONTWANT,828,725,654.130361858622
2,IDONTWANT,828,211,654.130361858622
2,IDONTWANT,828,949,654.130361858622
2,IDONTWANT,828,260,654.130361858622
2,IDONTWANT,315,541,654.681672311239
2,IDONTWANT,315,876,654.681672311239
2,IDONTWANT,315,480,654.681672311239
2,IDONTWANT,315,996,654.681672311239
2,IDONTWANT,208,837,654.711623647495
2,IDONTWANT,208,91,654.711623647495
2,IDONTWANT,208,147,654.711623647495
2,IDONTWANT,208,410,654.711623647495
2,IDONTWANT,734,624,655.4708807186289
2,IDONTWANT,734,46,655.4708807186289
2,IDONTWANT,734,698,655.4708807186289
2,IDONTWANT,734,755,655.4708807186289
2,IDONTWANT,546,833,656.0438070742554
2,IDONTWANT,546,628,656.0438070742554
2,IDONTWANT,546,178,656.0438070742554
2,IDONTWANT,546,520,656.0438070742554
2,IDONTWANT,68,979,656.0902997001838
2,IDONTWANT,68,356,656.0902997001838
2,IDONTWANT,68,617,656.0902997001838
2,IDONTWANT,68,373,656.0902997001838
2,IDONTWANT,994,838,656.2224873730219
2,IDONTWANT,994,317,656.2224873730219
2,IDONTWANT,994,31,656.2224873730219
2,IDONTWANT,994,248,656.2224873730219
2,IDONTWANT,979,242,656.2281722860806
2,IDONTWANT,979,973,656.2281722860806
2,IDONTWANT,979,40,656.2281722860806
2,IDONTWANT,979,294,656.2281722860806
2,IDONTWANT,983,923,656.3497299081739
2,IDONTWANT,983,274,656.3497299081739
2,IDONTWANT,983,86,656.3497299081739
2,IDONTWANT,983,477,656.3497299081739
2,IDONTWANT,572,585,656.5552915252707
2,IDONTWANT,572,906,656.5552915252707
2,IDONTWANT,572,315,656.5552915252707
2,IDONTWANT,572,809,656.5552915252707
2,IDONTWANT,102,995,656.8321710778314
2,IDONTWANT,102,740,656.8321710778314
2,IDONTWANT,102,406,656.8321710778314
2,IDONTWANT,102,475,656.8321710778314
2,IDONTWANT,124,4,657.1675084956751
2,IDONTWANT,124,795,657.1675084956751
2,IDONTWANT,124,819,657.1675084956751
2,IDONTWANT,124,154,657.1675084956751
2,IDONTWANT,327,101,658.234629875975
2,IDONTWANT,327,72,658.234629875975
2,IDONTWANT,327,307,658.234629875975
2,IDONTWANT,327,538,658.234629875975
2,IDONTWANT,103,412,658.6841005664511
2,IDONTWANT,103,762,658.6841005664511
2,IDONTWANT,103,970,658.6841005664511
2,IDONTWANT,103,86,658.6841005664511
2,IDONTWANT,750,130,658.973417773373
2,IDONTWANT,750,600,658.973417773373
2,IDONTWANT,750,997,658.973417773373
2,IDONTWANT,750,650,658.973417773373
2,IDONTWANT,251,17,659.2903124391698
2,IDONTWANT,251,297,659.2903124391698
2,IDONTWANT,251,470,659.2903124391698
2,IDONTWANT,251,78,659.2903124391698
2,IDONTWANT,543,964,659.4432126203279
2,IDONTWANT,543,201,659.4432126203279
2,IDONTWANT,543,145,659.4432126203279
2,IDONTWANT,543,423,659.4432126203279
2,IDONTWANT,45,141,660.3171029162625
2,IDONTWANT,45,839,660.3171029162625
2,IDONTWANT,45,441,660.3171029162625
2,IDONTWANT,45,885,660.3171029162625
2,IDONTWANT,629,173,663.011335453068
2,IDONTWANT,629,474,663.011335453068
2,IDONTWANT,629,449,663.011335453068
2,IDONTWANT,629,706,663.011335453068
2,IDONTWANT,128,569,663.0346296048386
2,IDONTWANT,128,495,663.0346296048386
2,IDONTWANT,128,804,663.0346296048386
2,IDONTWANT,128,796,663.0346296048386
2,IDONTWANT,995,341,663.1017191521069
2,IDONTWANT,995,226,663.1017191521069
2,IDONTWANT,995,193,663.1017191521069
2,IDONTWANT,995,524,663.1017191521069
2,IDONTWANT,399,86,663.1303067973533
2,IDONTWANT,399,213,663.1303067973533
2,IDONTWANT,399,98,663.1303067973533
2,IDONTWANT,399,432,663.1303067973533
2,IDONTWANT,172,68,663.2867995135158
2,IDONTWANT,172,271,663.2867995135158
2,IDONTWANT,172,884,663.2867995135158
2,IDONTWANT,172,124,663.2867995135158
2,IDONTWANT,86,205,663.4954976985221
2,IDONTWANT,86,531,663.4954976985221
2,IDONTWANT,86,505,663.4954976985221
2,IDONTWANT,86,365,663.4954976985221
2,IDONTWANT,982,983,663.8441352686875
2,IDONTWANT,982,979,663.8441352686875
2,IDONTWANT,982,943,663.8441352686875
2,IDONTWANT,982,526,663.8441352686875
2,IDONTWANT,307,919,664.2902953847176
2,IDONTWANT,307,254,664.2902953847176
2,IDONTWANT,307,394,664.2902953847176
2,IDONTWANT,307,410,664.2902953847176
2,IDONTWANT,631,129,664.4244055618292
2,IDONTWANT,631,342,664.4244055618292
2,IDONTWANT,631,473,664.4244055618292
2,IDONTWANT,631,659,664.4244055618292
2,IDONTWANT,929,380,664.5261923196623
2,IDONTWANT,929,588,664.5261923196623
2,IDONTWANT,929,609,664.5261923196623
2,IDONTWANT,929,878,664.5261923196623
2,IDONTWANT,725,928,665.0149528605557
2,IDONTWANT,725,147,665.0149528605557
2,IDONTWANT,725,717,665.0149528605557
2,IDONTWANT,725,503,665.0149528605557
2,IDONTWANT,487,669,665.0372312733851
2,IDONTWANT,487,974,665.0372312733851
2,IDONTWANT,487,804,665.0372312733851
2,IDONTWANT,487,139,665.0372312733851
2,IDONTWANT,488,26,665.3750530547568
2,IDONTWANT,488,878,665.3750530547568
2,IDONTWANT,488,67,665.3750530547568
2,IDONTWANT,488,629,665.3750530547568
2,IDONTWANT,244,136,665.6396025367654
2,IDONTWANT,244,12,665.6396025367654
2,IDONTWANT,244,494,665.6396025367654
2,IDONTWANT,244,62,665.6396025367654
2,IDONTWANT,905,300,665.8050778458029
2,IDONTWANT,905,147,665.8050778458029
2,IDONTWANT,905,655,665.8050778458029
2,IDONTWANT,905,16,665.8050778458029
2,IDONTWANT,864,176,666.0214623078645
2,IDONTWANT,864,39,666.0214623078645
2,IDONTWANT,864,965,666.0214623078645
2,IDONTWANT,864,262,666.0214623078645
2,IDONTWANT,681,76,666.3537435961375
2,IDONTWANT,681,428,666.3537435961375
2,IDONTWANT,681,938,666.3537435961375
2,IDONTWANT,681,430,666.3537435961375
2,IDONTWANT,913,235,666.8856534295846
2,IDONTWANT,913,728,666.8856534295846
2,IDONTWANT,913,179,666.8856534295846
2,IDONTWANT,913,201,666.8856534295846
2,IDONTWANT,988,753,666.8911072196163
2,IDONTWANT,988,89,666.8911072196163
2,IDONTWANT,988,758,666.8911072196163
2,IDONTWANT,988,559,666.8911072196163
2,IDONTWANT,907,523,667.0410375002889
2,IDONTWANT,907,143,667.0410375002889
2,IDONTWANT,907,453,667.0410375002889
2,IDONTWANT,907,1,667.0410375002889
2,IDONTWANT,304,369,667.502774800472
2,IDONTWANT,304,128,667.502774800472
2,IDONTWANT,304,704,667.502774800472
2,IDONTWANT,304,516,667.502774800472
2,IDONTWANT,425,377,669.0997059189183
2,IDONTWANT,425,348,669.0997059189183
2,IDONTWANT,425,144,669.0997059189183
2,IDONTWANT,425,45,669.0997059189183
2,IDONTWANT,731,436,669.2846769748666
2,IDONTWANT,731,428,669.2846769748666
2,IDONTWANT,731,984,669.2846769748666
2,IDONTWANT,731,692,669.2846769748666
2,IDONTWANT,398,107,669.6306757847653
2,IDONTWANT,398,73,669.6306757847653
2,IDONTWANT,398,271,669.6306757847653
2,IDONTWANT,398,640,669.6306757847653
2,IDONTWANT,81,546,669.8149417305622
2,IDONTWANT,81,555,669.8149417305622
2,IDONTWANT,81,798,669.8149417305622
2,IDONTWANT,81,515,669.8149417305622
2,IDONTWANT,205,85,670.1219785323273
2,IDONTWANT,205,487,670.1219785323273
2,IDONTWANT,205,286,670.1219785323273
2,IDONTWANT,205,515,670.1219785323273
2,IDONTWANT,567,930,671.1145369209322
2,IDONTWANT,567,873,671.1145369209322
2,IDONTWANT,567,646,671.1145369209322
2,IDONTWANT,567,944,671.1145369209322
2,IDONTWANT,42,408,672.2137780358473
2,IDONTWANT,42,401,672.2137780358473
2,IDONTWANT,42,939,672.2137780358473
2,IDONTWANT,42,893,672.2137780358473
2,IDONTWANT,479,183,672.4821130562834
2,IDONTWANT,479,830,672.4821130562834
2,IDONTWANT,479,485,672.4821130562834
2,IDONTWANT,479,409,672.4821130562834
2,IDONTWANT,328,967,672.8564746492053
2,IDONTWANT,328,597,672.8564746492053
2,IDONTWANT,328,196,672.8564746492053
2,IDONTWANT,328,398,672.8564746492053
2,IDONTWANT,840,252,673.1070573187442
2,IDONTWANT,840,45,673.1070573187442
2,IDONTWANT,840,945,673.1070573187442
2,IDONTWANT,840,505,673.1070573187442
2,IDONTWANT,598,294,673.4002882747262
2,IDONTWANT,598,634,673.4002882747262
2,IDONTWANT,598,764,673.4002882747262
2,IDONTWANT,598,31,673.4002882747262
2,IDONTWANT,135,525,673.4079624934947
2,IDONTWANT,135,205,673.4079624934947
2,IDONTWANT,135,710,673.4079624934947
2,IDONTWANT,135,284,673.4079624934947
2,IDONTWANT,669,223,673.5219487998068
2,IDONTWANT,669,164,673.5219487998068
2,IDONTWANT,669,734,673.5219487998068
2,IDONTWANT,669,801,673.5219487998068
2,IDONTWANT,285,934,673.664725309103
2,IDONTWANT,285,950,673.664725309103
2,IDONTWANT,285,564,673.664725309103
2,IDONTWANT,285,130,673.664725309103
2,IDONTWANT,825,205,673.9062756816791
2,IDONTWANT,825,806,673.9062756816791
2,IDONTWANT,825,768,673.9062756816791
2,IDONTWANT,825,739,673.9062756816791
2,IDONTWANT,371,919,674.2682807405876
2,IDONTWANT,371,486,674.2682807405876
2,IDONTWANT,371,31,674.2682807405876
2,IDONTWANT,371,647,674.2682807405876
2,IDONTWANT,383,966,674.2944575684676
2,IDONTWANT,383,66,674.2944575684676
2,IDONTWANT,383,24,674.2944575684676
2,IDONTWANT,383,846,674.2944575684676
2,IDONTWANT,596,933,674.3837322047348
2,IDONTWANT,596,328,674.3837322047348
2,IDONTWANT,596,788,674.3837322047348
2,IDONTWANT,596,988,674.3837322047348
2,IDONTWANT,421,460,675.4271474067768
2,IDONTWANT,421,618,675.4271474067768
2,IDONTWANT,421,266,675.4271474067768
2,IDONTWANT,421,794,675.4271474067768
2,IDONTWANT,544,204,675.7411853486535
2,IDONTWANT,544,530,675.7411853486535
2,IDONTWANT,544,623,675.7411853486535
2,IDONTWANT,544,659,675.7411853486535
2,IDONTWANT,467,836,676.2628825551812
2,IDONTWANT,467,919,676.2628825551812
2,IDONTWANT,467,197,676.2628825551812
2,IDONTWANT,467,42,676.2628825551812
2,IDONTWANT,409,157,677.0281495511126
2,IDONTWANT,409,288,677.0281495511126
2,IDONTWANT,409,906,677.0281495511126
2,IDONTWANT,409,930,677.0281495511126
2,IDONTWANT,447,52,677.1635803752957
2,IDONTWANT,447,565,677.1635803752957
2,IDONTWANT,447,145,677.1635803752957
2,IDONTWANT,447,657,677.1635803752957
2,IDONTWANT,460,913,677.3025171352931
2,IDONTWANT,460,164,677.3025171352931
2,IDONTWANT,460,656,677.3025171352931
2,IDONTWANT,460,805,677.3025171352931
2,IDONTWANT,293,510,677.8736249941579
2,IDONTWANT,293,564,677.8736249941579
2,IDONTWANT,293,225,677.8736249941579
2,IDONTWANT,293,464,677.8736249941579
2,IDONTWANT,91,358,678.1222843064725
2,IDONTWANT,91,978,678.1222843064725
2,IDONTWANT,91,998,678.1222843064725
2,IDONTWANT,91,374,678.1222843064725
2,IDONTWANT,271,78,678.4545809866064
2,IDONTWANT,271,370,678.4545809866064
2,IDONTWANT,271,948,678.4545809866064
2,IDONTWANT,271,439,678.4545809866064
2,IDONTWANT,953,232,678.7168882026413
2,IDONTWANT,953,881,678.7168882026413
2,IDONTWANT,953,150,678.7168882026413
2,IDONTWANT,953,684,678.7168882026413
2,IDONTWANT,729,712,679.5195806250911
2,IDONTWANT,729,576,679.5195806250911
2,IDONTWANT,729,509,679.5195806250911
2,IDONTWANT,729,681,679.5195806250911
2,IDONTWANT,266,769,679.5287150914327
2,IDONTWANT,266,347,679.5287150914327
2,IDONTWANT,266,860,679.5287150914327
2,IDONTWANT,266,408,679.5287150914327
2,IDONTWANT,356,905,679.5957058711257
2,IDONTWANT,356,321,679.5957058711257
2,IDONTWANT,356,751,679.5957058711257
2,IDONTWANT,356,115,679.5957058711257
2,IDONTWANT,428,835,679.9447743793376
2,IDONTWANT,428,11,679.9447743793376
2,IDONTWANT,428,839,679.9447743793376
2,IDONTWANT,428,335,679.9447743793376
2,IDONTWANT,115,247,680.1451972988214
2,IDONTWANT,115,783,680.1451972988214
2,IDONTWANT,115,601,680.1451972988214
2,IDONTWANT,115,334,680.1451972988214
2,IDONTWANT,105,28,680.405529092705
2,IDONTWANT,105,155,680.405529092705
2,IDONTWANT,105,605,680.405529092705
2,IDONTWANT,105,927,680.405529092705
2,IDONTWANT,769,431,680.8229495416658
2,IDONTWANT,769,35,680.8229495416658
2,IDONTWANT,769,326,680.8229495416658
2,IDONTWANT,769,20,680.8229495416658
2,IDONTWANT,468,906,681.2357082332425
2,IDONTWANT,468,576,681.2357082332425
2,IDONTWANT,468,863,681.2357082332425
2,IDONTWANT,468,776,681.2357082332425
2,IDONTWANT,486,771,681.8452213411069
2,IDONTWANT,486,517,681.8452213411069
2,IDONTWANT,486,917,681.8452213411069
2,IDONTWANT,486,386,681.8452213411069
2,IDONTWANT,727,613,682.10057308789
2,IDONTWANT,727,884,682.10057308789
2,IDONTWANT,727,753,682.10057308789
2,IDONTWANT,727,6,682.10057308789
2,IDONTWANT,342,202,682.8499017119633
2,IDONTWANT,342,6,682.8499017119633
2,IDONTWANT,342,817,682.8499017119633
2,IDONTWANT,342,299,682.8499017119633
2,IDONTWANT,295,438,683.045738303505
2,IDONTWANT,295,142,683.045738303505
2,IDONTWANT,295,561,683.045738303505
2,IDONTWANT,295,197,683.045738303505
2,IDONTWANT,187,673,684.0922820702236
2,IDONTWANT,187,507,684.0922820702236
2,IDONTWANT,187,560,684.0922820702236
2,IDONTWANT,187,855,684.0922820702236
2,IDONTWANT,843,159,684.2740049178946
2,IDONTWANT,843,323,684.2740049178946
2,IDONTWANT,843,611,684.2740049178946
2,IDONTWANT,843,31,684.2740049178946
2,IDONTWANT,684,310,684.4626370027634
2,IDONTWANT,684,760,684.4626370027634
2,IDONTWANT,684,410,684.4626370027634
2,IDONTWANT,684,963,684.4626370027634
2,IDONTWANT,818,801,684.5138915230311
2,IDONTWANT,818,43,684.5138915230311
2,IDONTWANT,818,295,684.5138915230311
2,IDONTWANT,818,854,684.5138915230311
2,IDONTWANT,768,264,684.7761579446701
2,IDONTWANT,768,884,684.7761579446701
2,IDONTWANT,768,309,684.7761579446701
2,IDONTWANT,768,189,684.7761579446701
2,IDONTWANT,59,402,685.6184630382892
2,IDONTWANT,59,408,685.6184630382892
2,IDONTWANT,59,409,685.6184630382892
2,IDONTWANT,59,404,685.6184630382892
2,IDONTWANT,475,516,685.7769334956948
2,IDONTWANT,475,448,685.7769334956948
2,IDONTWANT,475,183,685.7769334956948
2,IDONTWANT,475,23,685.7769334956948
2,IDONTWANT,795,633,685.8752595517827
2,IDONTWANT,795,81,685.8752595517827
2,IDONTWANT,795,398,685.8752595517827
2,IDONTWANT,795,318,685.8752595517827
2,IDONTWANT,554,39,686.1082178281297
2,IDONTWANT,554,126,686.1082178281297
2,IDONTWANT,554,343,686.1082178281297
2,IDONTWANT,554,913,686.1082178281297
2,IDONTWANT,633,196,686.396546083393
2,IDONTWANT,633,273,686.396546083393
2,IDONTWANT,633,308,686.396546083393
2,IDONTWANT,633,773,686.396546083393
2,IDONTWANT,799,972,686.9981605663671
2,IDONTWANT,799,588,686.9981605663671
2,IDONTWANT,799,745,686.9981605663671
2,IDONTWANT,799,449,686.9981605663671
2,IDONTWANT,126,743,687.3170439873201
2,IDONTWANT,126,123,687.3170439873201
2,IDONTWANT,126,570,687.3170439873201
2,IDONTWANT,126,63,687.3170439873201
2,IDONTWANT,589,89,687.4275490300431
2,IDONTWANT,589,845,687.4275490300431
2,IDONTWANT,589,770,687.4275490300431
2,IDONTWANT,589,647,687.4275490300431
2,IDONTWANT,143,688,687.4352412670268
2,IDONTWANT,143,247,687.4352412670268
2,IDONTWANT,143,439,687.4352412670268
2,IDONTWANT,143,74,687.4352412670268
2,IDONTWANT,976,643,687.8045976435285
2,IDONTWANT,976,555,687.8045976435285
2,IDONTWANT,976,825,687.8045976435285
2,IDONTWANT,976,946,687.8045976435285
2,IDONTWANT,404,793,688.2246056492982
2,IDONTWANT,404,681,688.2246056492982
2,IDONTWANT,404,778,688.2246056492982
2,IDONTWANT,404,124,688.2246056492982
2,IDONTWANT,472,797,688.3924923790931
2,IDONTWANT,472,313,688.3924923790931
2,IDONTWANT,472,665,688.3924923790931
2,IDONTWANT,472,430,688.3924923790931
2,IDONTWANT,414,104,688.7638280491519
2,IDONTWANT,414,4,688.7638280491519
2,IDONTWANT,414,487,688.7638280491519
2,IDONTWANT,414,905,688.7638280491519
2,IDONTWANT,173,465,689.0013562261643
2,IDONTWANT,173,11,689.0013562261643
2,IDONTWANT,173,348,689.0013562261643
2,IDONTWANT,173,567,689.0013562261643
2,IDONTWANT,443,445,689.0988429750264
2,IDONTWANT,443,924,689.0988429750264
2,IDONTWANT,443,160,689.0988429750264
2,IDONTWANT,443,433,689.0988429750264
2,IDONTWANT,614,652,689.1921638969031
2,IDONTWANT,614,786,689.1921638969031
2,IDONTWANT,614,82,689.1921638969031
2,IDONTWANT,614,502,689.1921638969031
2,IDONTWANT,249,121,689.5403502519237
2,IDONTWANT,249,916,689.5403502519237
2,IDONTWANT,249,563,689.5403502519237
2,IDONTWANT,249,204,689.5403502519237
2,IDONTWANT,747,353,690.0047135536288
2,IDONTWANT,747,999,690.0047135536288
2,IDONTWANT,747,208,690.0047135536288
2,IDONTWANT,747,670,690.0047135536288
2,IDONTWANT,380,324,690.75874254912
2,IDONTWANT,380,947,690.75874254912
2,IDONTWANT,380,282,690.75874254912
2,IDONTWANT,380,304,690.75874254912
2,IDONTWANT,364,979,691.02412614962
2,IDONTWANT,364,907,691.02412614962
2,IDONTWANT,364,126,691.02412614962
2,IDONTWANT,364,575,691.02412614962
2,IDONTWANT,305,542,691.2854511395466
2,IDONTWANT,305,645,691.2854511395466
2,IDONTWANT,305,810,691.2854511395466
2,IDONTWANT,305,884,691.2854511395466
2,IDONTWANT,695,799,691.3343117949313
2,IDONTWANT,695,854,691.3343117949313
2,IDONTWANT,695,480,691.3343117949313
2,IDONTWANT,695,363,691.3343117949313
2,IDONTWANT,373,786,691.5432160105822
2,IDONTWANT,373,415,691.5432160105822
2,IDONTWANT,373,41,691.5432160105822
2,IDONTWANT,373,385,691.5432160105822
2,IDONTWANT,228,572,691.5647917095652
2,IDONTWANT,228,51,691.5647917095652
2,IDONTWANT,228,643,691.5647917095652
2,IDONTWANT,228,19,691.5647917095652
2,IDONTWANT,778,422,691.6789718393304
2,IDONTWANT,778,561,691.6789718393304
2,IDONTWANT,778,104,691.6789718393304
2,IDONTWANT,778,84,691.6789718393304
2,IDONTWANT,256,537,691.8471836174565
2,IDONTWANT,256,269,691.8471836174565
2,IDONTWANT,256,976,691.8471836174565
2,IDONTWANT,256,369,691.8471836174565
2,IDONTWANT,698,436,692.0548416486869
2,IDONTWANT,698,695,692.0548416486869
2,IDONTWANT,698,190,692.0548416486869
2,IDONTWANT,698,493,692.0548416486869
2,IDONTWANT,334,252,692.528756500659
2,IDONTWANT,334,29,692.528756500659
2,IDONTWANT,334,984,692.528756500659
2,IDONTWANT,334,422,692.528756500659
2,IDONTWANT,835,518,692.7421014755186
2,IDONTWANT,835,603,692.7421014755186
2,IDONTWANT,835,206,692.7421014755186
2,IDONTWANT,835,193,692.7421014755186
2,IDONTWANT,29,587,692.8350575125856
2,IDONTWANT,29,809,692.8350575125856
2,IDONTWANT,29,897,692.8350575125856
2,IDONTWANT,29,838,692.8350575125856
2,IDONTWANT,206,672,693.0503620179092
2,IDONTWANT,206,205,693.0503620179092
2,IDONTWANT,206,255,693.0503620179092
2,IDONTWANT,206,517,693.0503620179092
2,IDONTWANT,248,293,693.6860312024891
2,IDONTWANT,248,476,693.6860312024891
2,IDONTWANT,248,478,693.6860312024891
2,IDONTWANT,248,786,693.6860312024891
2,IDONTWANT,651,248,693.9647238345229
2,IDONTWANT,651,930,693.9647238345229
2,IDONTWANT,651,874,693.9647238345229
2,IDONTWANT,651,440,693.9647238345229
2,IDONTWANT,149,765,694.2566681024673
2,IDONTWANT,149,976,694.2566681024673
2,IDONTWANT,149,96,694.2566681024673
2,IDONTWANT,149,408,694.2566681024673
2,IDONTWANT,842,647,695.2635252089358
2,IDONTWANT,842,474,695.2635252089358
2,IDONTWANT,842,806,695.2635252089358
2,IDONTWANT,842,83,695.2635252089358
2,IDONTWANT,412,539,695.3458822655336
2,IDONTWANT,412,236,695.3458822655336
2,IDONTWANT,412,666,695.3458822655336
2,IDONTWANT,412,828,695.3458822655336
2,IDONTWANT,706,928,695.7181222437276
2,IDONTWANT,706,332,695.7181222437276
2,IDONTWANT,706,803,695.7181222437276
2,IDONTWANT,706,966,695.7181222437276
2,IDONTWANT,273,288,696.1486609727875
2,IDONTWANT,273,104,696.1486609727875
2,IDONTWANT,273,52,696.1486609727875
2,IDONTWANT,273,855,696.1486609727875
2,IDONTWANT,928,375,696.2053219915051
2,IDONTWANT,928,37,696.2053219915051
2,IDONTWANT,928,167,696.2053219915051
2,IDONTWANT,928,719,696.2053219915051
2,IDONTWANT,402,472,696.2924770956848
2,IDONTWANT,402,636,696.2924770956848
2,IDONTWANT,402,913,696.2924770956848
2,IDONTWANT,402,691,696.2924770956848
2,IDONTWANT,6,435,697.418745729709
2,IDONTWANT,6,61,697.418745729709
2,IDONTWANT,6,847,697.418745729709
2,IDONTWANT,6,580,697.418745729709
2,IDONTWANT,673,487,697.7559819580672
2,IDONTWANT,673,524,697.7559819580672
2,IDONTWANT,673,16,697.7559819580672
2,IDONTWANT,673,654,697.7559819580672
2,IDONTWANT,626,356,697.831419471939
2,IDONTWANT,626,595,697.831419471939
2,IDONTWANT,626,334,697.831419471939
2,IDONTWANT,626,534,697.831419471939
2,IDONTWANT,153,432,697.9523020724631
2,IDONTWANT,153,201,697.9523020724631
2,IDONTWANT,153,366,697.9523020724631
2,IDONTWANT,153,327,697.9523020724631
2,IDONTWANT,41,295,699.2747744806014
2,IDONTWANT,41,133,699.2747744806014
2,IDONTWANT,41,757,699.2747744806014
2,IDONTWANT,41,254,699.2747744806014
2,IDONTWANT,238,866,699.3509817245755
2,IDONTWANT,238,392,699.3509817245755
2,IDONTWANT,238,78,699.3509817245755
2,IDONTWANT,238,491,699.3509817245755
2,IDONTWANT,733,651,699.7054896680376
2,IDONTWANT,733,662,699.7054896680376
2,IDONTWANT,733,29,699.7054896680376
2,IDONTWANT,733,21,699.7054896680376
2,IDONTWANT,142,402,699.9549913319204
2,IDONTWANT,142,453,699.9549913319204
2,IDONTWANT,142,324,699.9549913319204
2,IDONTWANT,142,74,699.9549913319204
2,IDONTWANT,189,316,699.9633324528493
2,IDONTWANT,189,705,699.9633324528493
2,IDONTWANT,189,221,699.9633324528493
2,IDONTWANT,189,236,699.9633324528493
2,IDONTWANT,235,76,700.2873246757484
2,IDONTWANT,235,867,700.2873246757484
2,IDONTWANT,235,272,700.2873246757484
2,IDONTWANT,235,241,700.2873246757484
2,IDONTWANT,661,730,700.8496508691617
2,IDONTWANT,661,644,700.8496508691617
2,IDONTWANT,661,160,700.8496508691617
2,IDONTWANT,661,256,700.8496508691617
2,IDONTWANT,637,534,701.0657547518041
2,IDONTWANT,637,356,701.0657547518041
2,IDONTWANT,637,164,701.0657547518041
2,IDONTWANT,637,241,701.0657547518041
2,IDONTWANT,893,277,701.1275344966916
2,IDONTWANT,893,584,701.1275344966916
2,IDONTWANT,893,859,701.1275344966916
2,IDONTWANT,893,303,701.1275344966916
2,IDONTWANT,67,386,701.3366244393394
2,IDONTWANT,67,153,701.3366244393394
2,IDONTWANT,67,650,701.3366244393394
2,IDONTWANT,67,259,701.3366244393394
2,IDONTWANT,999,331,702.5118081016315
2,IDONTWANT,999,570,702.5118081016315
2,IDONTWANT,999,333,702.5118081016315
2,IDONTWANT,999,503,702.5118081016315
2,IDONTWANT,366,365,703.4447155612563
2,IDONTWANT,366,788,703.4447155612563
2,IDONTWANT,366,842,703.4447155612563
2,IDONTWANT,366,316,703.4447155612563
2,IDONTWANT,297,570,704.2056480144871
2,IDONTWANT,297,93,704.2056480144871
2,IDONTWANT,297,327,704.2056480144871
2,IDONTWANT,297,244,704.2056480144871
2,IDONTWANT,624,544,704.253983767553
2,IDONTWANT,624,608,704.253983767553
2,IDONTWANT,624,773,704.253983767553
2,IDONTWANT,624,706,704.253983767553
2,IDONTWANT,274,678,704.7168985048531
2,IDONTWANT,274,293,704.7168985048531
2,IDONTWANT,274,651,704.7168985048531
2,IDONTWANT,274,959,704.7168985048531
2,IDONTWANT,945,18,704.9350534134878
2,IDONTWANT,945,857,704.9350534134878
2,IDONTWANT,945,613,704.9350534134878
2,IDONTWANT,945,652,704.9350534134878
2,IDONTWANT,915,910,705.598533841853
2,IDONTWANT,915,623,705.598533841853
2,IDONTWANT,915,748,705.598533841853
2,IDONTWANT,915,507,705.598533841853
2,IDONTWANT,518,320,705.981271348589
2,IDONTWANT,518,751,705.981271348589
2,IDONTWANT,518,1,705.981271348589
2,IDONTWANT,518,766,705.981271348589
2,IDONTWANT,555,768,706.1200153974567
2,IDONTWANT,555,948,706.1200153974567
2,IDONTWANT,555,712,706.1200153974567
2,IDONTWANT,555,966,706.1200153974567
2,IDONTWANT,819,144,706.7221335080778
2,IDONTWANT,819,832,706.7221335080778
2,IDONTWANT,819,912,706.7221335080778
2,IDONTWANT,819,889,706.7221335080778
2,IDONTWANT,408,253,706.8865674319161
2,IDONTWANT,408,190,706.8865674319161
2,IDONTWANT,408,251,706.8865674319161
2,IDONTWANT,408,241,706.8865674319161
2,IDONTWANT,276,447,706.9910178213055
2,IDONTWANT,276,524,706.9910178213055
2,IDONTWANT,276,324,706.9910178213055
2,IDONTWANT,276,194,706.9910178213055
2,IDONTWANT,701,309,707.0256079055384
2,IDONTWANT,701,328,707.0256079055384
2,IDONTWANT,701,491,707.0256079055384
2,IDONTWANT,701,496,707.0256079055384
2,IDONTWANT,532,893,707.1923466382863
2,IDONTWANT,532,682,707.1923466382863
2,IDONTWANT,532,801,707.1923466382863
2,IDONTWANT,532,276,707.1923466382863
2,IDONTWANT,963,834,707.2894657256244
2,IDONTWANT,963,410,707.2894657256244
2,IDONTWANT,963,867,707.2894657256244
2,IDONTWANT,963,574,707.2894657256244
2,IDONTWANT,200,457,707.6713910823499
2,IDONTWANT,200,3,707.6713910823499
2,IDONTWANT,200,270,707.6713910823499
2,IDONTWANT,200,373,707.6713910823499
2,IDONTWANT,119,598,707.851405494914
2,IDONTWANT,119,835,707.851405494914
2,IDONTWANT,119,926,707.851405494914
2,IDONTWANT,119,530,707.851405494914
2,IDONTWANT,351,972,708.2803996158484
2,IDONTWANT,351,610,708.2803996158484
2,IDONTWANT,351,149,708.2803996158484
2,IDONTWANT,351,945,708.2803996158484
2,IDONTWANT,157,530,708.3085322341784
2,IDONTWANT,157,639,708.3085322341784
2,IDONTWANT,157,303,708.3085322341784
2,IDONTWANT,157,525,708.3085322341784
2,IDONTWANT,253,276,708.52612214289
2,IDONTWANT,253,397,708.52612214289
2,IDONTWANT,253,214,708.52612214289
2,IDONTWANT,253,939,708.52612214289
2,IDONTWANT,926,136,708.5982580278672
2,IDONTWANT,926,892,708.5982580278672
2,IDONTWANT,926,681,708.5982580278672
2,IDONTWANT,926,272,708.5982580278672
2,IDONTWANT,171,85,708.6003760076296
2,IDONTWANT,171,623,708.6003760076296
2,IDONTWANT,171,877,708.6003760076296
2,IDONTWANT,171,228,708.6003760076296
2,IDONTWANT,845,21,708.6298416531968
2,IDONTWANT,845,96,708.6298416531968
2,IDONTWANT,845,34,708.6298416531968
2,IDONTWANT,845,209,708.6298416531968
2,IDONTWANT,96,669,708.8094017994372
2,IDONTWANT,96,353,708.8094017994372
2,IDONTWANT,96,819,708.8094017994372
2,IDONTWANT,96,659,708.8094017994372
2,IDONTWANT,90,458,708.8366032815594
2,IDONTWANT,90,828,708.8366032815594
2,IDONTWANT,90,960,708.8366032815594
2,IDONTWANT,90,741,708.8366032815594
2,IDONTWANT,902,244,709.570523496882
2,IDONTWANT,902,948,709.570523496882
2,IDONTWANT,902,243,709.570523496882
2,IDONTWANT,902,99,709.570523496882
2,IDONTWANT,787,374,709.5813051818834
2,IDONTWANT,787,793,709.5813051818834
2,IDONTWANT,787,765,709.5813051818834
2,IDONTWANT,787,730,709.5813051818834
2,IDONTWANT,704,952,710.2246343515387
2,IDONTWANT,704,310,710.2246343515387
2,IDONTWANT,704,875,710.2246343515387
2,IDONTWANT,704,394,710.2246343515387
2,IDONTWANT,707,143,710.7049946390354
2,IDONTWANT,707,543,710.7049946390354
2,IDONTWANT,707,852,710.7049946390354
2,IDONTWANT,707,353,710.7049946390354
2,IDONTWANT,539,45,710.939706517622
2,IDONTWANT,539,63,710.939706517622
2,IDONTWANT,539,545,710.939706517622
2,IDONTWANT,539,25,710.939706517622
2,IDONTWANT,21,185,711.0532043572858
2,IDONTWANT,21,716,711.0532043572858
2,IDONTWANT,21,799,711.0532043572858
2,IDONTWANT,21,250,711.0532043572858
2,IDONTWANT,925,419,711.2637213060876
2,IDONTWANT,925,933,711.2637213060876
2,IDONTWANT,925,781,711.2637213060876
2,IDONTWANT,925,488,711.2637213060876
2,IDONTWANT,519,34,711.6069451414189
2,IDONTWANT,519,226,711.6069451414189
2,IDONTWANT,519,152,711.6069451414189
2,IDONTWANT,519,297,711.6069451414189
2,IDONTWANT,385,980,712.2835703835508
2,IDONTWANT,385,477,712.2835703835508
2,IDONTWANT,385,977,712.2835703835508
2,IDONTWANT,385,795,712.2835703835508
2,IDONTWANT,309,320,713.0566561128271
2,IDONTWANT,309,870,713.0566561128271
2,IDONTWANT,309,834,713.0566561128271
2,IDONTWANT,309,894,713.0566561128271
2,IDONTWANT,745,848,713.1162344781474
2,IDONTWANT,745,505,713.1162344781474
2,IDONTWANT,745,413,713.1162344781474
2,IDONTWANT,745,341,713.1162344781474
2,IDONTWANT,859,263,713.1266922371813
2,IDONTWANT,859,326,713.1266922371813
2,IDONTWANT,859,578,713.1266922371813
2,IDONTWANT,859,238,713.1266922371813
2,IDONTWANT,678,125,713.5372294188851
2,IDONTWANT,678,747,713.5372294188851
2,IDONTWANT,678,628,713.5372294188851
2,IDONTWANT,678,364,713.5372294188851
2,IDONTWANT,980,115,713.6944035670501
2,IDONTWANT,980,312,713.6944035670501
2,IDONTWANT,980,355,713.6944035670501
2,IDONTWANT,980,663,713.6944035670501
2,IDONTWANT,930,4,713.8560319906404
2,IDONTWANT,930,364,713.8560319906404
2,IDONTWANT,930,532,713.8560319906404
2,IDONTWANT,930,955,713.8560319906404
2,IDONTWANT,665,894,714.1229831469923
2,IDONTWANT,665,187,714.1229831469923
2,IDONTWANT,665,916,714.1229831469923
2,IDONTWANT,665,671,714.1229831469923
2,IDONTWANT,610,852,715.6686061928846
2,IDONTWANT,610,527,715.6686061928846
2,IDONTWANT,610,266,715.6686061928846
2,IDONTWANT,610,591,715.6686061928846
2,IDONTWANT,971,993,715.6769909266766
2,IDONTWANT,971,406,715.6769909266766
2,IDONTWANT,971,795,715.6769909266766
2,IDONTWANT,971,959,715.6769909266766
2,IDONTWANT,430,636,716.0718120906015
2,IDONTWANT,430,319,716.0718120906015
2,IDONTWANT,430,79,716.0718120906015
2,IDONTWANT,430,208,716.0718120906015
2,IDONTWANT,448,826,716.1330453126308
2,IDONTWANT,448,932,716.1330453126308
2,IDONTWANT,448,406,716.1330453126308
2,IDONTWANT,448,91,716.1330453126308
2,IDONTWANT,114,258,716.3923446676052
2,IDONTWANT,114,218,716.3923446676052
2,IDONTWANT,114,300,716.3923446676052
2,IDONTWANT,114,514,716.3923446676052
2,IDONTWANT,599,808,716.4427282789223
2,IDONTWANT,599,422,716.4427282789223
2,IDONTWANT,599,31,716.4427282789223
2,IDONTWANT,599,446,716.4427282789223
2,IDONTWANT,226,136,716.4694352629417
2,IDONTWANT,226,653,716.4694352629417
2,IDONTWANT,226,370,716.4694352629417
2,IDONTWANT,226,983,716.4694352629417
2,IDONTWANT,210,307,717.1111808686155
2,IDONTWANT,210,312,717.1111808686155
2,IDONTWANT,210,645,717.1111808686155
2,IDONTWANT,210,239,717.1111808686155
2,IDONTWANT,521,525,717.4648190016711
2,IDONTWANT,521,372,717.4648190016711
2,IDONTWANT,521,918,717.4648190016711
2,IDONTWANT,521,48,717.4648190016711
2,IDONTWANT,876,172,717.6047071434807
2,IDONTWANT,876,451,717.6047071434807
2,IDONTWANT,876,244,717.6047071434807
2,IDONTWANT,876,826,717.6047071434807
2,IDONTWANT,353,998,717.9576966647146
2,IDONTWANT,353,611,717.9576966647146
2,IDONTWANT,353,145,717.9576966647146
2,IDONTWANT,353,426,717.9576966647146
2,IDONTWANT,147,375,718.8267879364464
2,IDONTWANT,147,146,718.8267879364464
2,IDONTWANT,147,260,718.8267879364464
2,IDONTWANT,147,905,718.8267879364464
2,IDONTWANT,758,626,718.8481067351854
2,IDONTWANT,758,385,718.8481067351854
2,IDONTWANT,758,631,718.8481067351854
2,IDONTWANT,758,150,718.8481067351854
2,IDONTWANT,490,198,718.8807537451933
2,IDONTWANT,490,134,718.8807537451933
2,IDONTWANT,490,907,718.8807537451933
2,IDONTWANT,490,504,718.8807537451933
2,IDONTWANT,267,122,719.0030711738472
2,IDONTWANT,267,963,719.0030711738472
2,IDONTWANT,267,949,719.0030711738472
2,IDONTWANT,267,200,719.0030711738472
2,IDONTWANT,312,824,719.2125698329515
2,IDONTWANT,312,485,719.2125698329515
2,IDONTWANT,312,992,719.2125698329515
2,IDONTWANT,312,602,719.2125698329515
2,IDONTWANT,762,468,720.0050048547365
2,IDONTWANT,762,640,720.0050048547365
2,IDONTWANT,762,781,720.0050048547365
2,IDONTWANT,762,178,720.0050048547365
2,IDONTWANT,773,121,720.611040346263
2,IDONTWANT,773,793,720.611040346263
2,IDONTWANT,773,830,720.611040346263
2,IDONTWANT,773,431,720.611040346263
2,IDONTWANT,826,955,720.7039863774021
2,IDONTWANT,826,239,720.7039863774021
2,IDONTWANT,826,316,720.7039863774021
2,IDONTWANT,826,621,720.7039863774021
2,IDONTWANT,917,140,720.7533257919191
2,IDONTWANT,917,627,720.7533257919191
2,IDONTWANT,917,685,720.7533257919191
2,IDONTWANT,917,724,720.7533257919191
2,IDONTWANT,40,506,721.1829919133912
2,IDONTWANT,40,61,721.1829919133912
2,IDONTWANT,40,224,721.1829919133912
2,IDONTWANT,40,787,721.1829919133912
2,IDONTWANT,975,939,721.4382719712685
2,IDONTWANT,975,694,721.4382719712685
2,IDONTWANT,975,638,721.4382719712685
2,IDONTWANT,975,279,721.4382719712685
2,IDONTWANT,771,957,721.7495583963461
2,IDONTWANT,771,936,721.7495583963461
2,IDONTWANT,771,55,721.7495583963461
2,IDONTWANT,771,509,721.7495583963461
2,IDONTWANT,700,287,722.3689314178819
2,IDONTWANT,700,366,722.3689314178819
2,IDONTWANT,700,250,722.3689314178819
2,IDONTWANT,700,670,722.3689314178819
2,IDONTWANT,229,642,722.8329708614052
2,IDONTWANT,229,545,722.8329708614052
2,IDONTWANT,229,698,722.8329708614052
2,IDONTWANT,229,251,722.8329708614052
2,IDONTWANT,417,300,722.8626612724136
2,IDONTWANT,417,238,722.8626612724136
2,IDONTWANT,417,122,722.8626612724136
2,IDONTWANT,417,51,722.8626612724136
2,IDONTWANT,473,315,723.506119787927
2,IDONTWANT,473,597,723.506119787927
2,IDONTWANT,473,255,723.506119787927
2,IDONTWANT,473,435,723.506119787927
2,IDONTWANT,822,701,724.4621839614293
2,IDONTWANT,822,795,724.4621839614293
2,IDONTWANT,822,936,724.4621839614293
2,IDONTWANT,822,511,724.4621839614293
2,IDONTWANT,26,776,724.7804879460671
2,IDONTWANT,26,351,724.7804879460671
2,IDONTWANT,26,156,724.7804879460671
2,IDONTWANT,26,956,724.7804879460671
2,IDONTWANT,193,132,724.9801775741341
2,IDONTWANT,193,14,724.9801775741341
2,IDONTWANT,193,72,724.9801775741341
2,IDONTWANT,193,641,724.9801775741341
2,IDONTWANT,122,537,725.1659801052224
2,IDONTWANT,122,523,725.1659801052224
2,IDONTWANT,122,19,725.1659801052224
2,IDONTWANT,122,894,725.1659801052224
2,IDONTWANT,642,814,725.5577107840758
2,IDONTWANT,642,309,725.5577107840758
2,IDONTWANT,642,751,725.5577107840758
2,IDONTWANT,642,304,725.5577107840758
2,IDONTWANT,32,468,725.7748149148355
2,IDONTWANT,32,71,725.7748149148355
2,IDONTWANT,32,861,725.7748149148355
2,IDONTWANT,32,96,725.7748149148355
2,IDONTWANT,261,25,725.792026630706
2,IDONTWANT,261,162,725.792026630706
2,IDONTWANT,261,3,725.792026630706
2,IDONTWANT,261,973,725.792026630706
2,IDONTWANT,696,803,726.8882406289404
2,IDONTWANT,696,872,726.8882406289404
2,IDONTWANT,696,235,726.8882406289404
2,IDONTWANT,696,273,726.8882406289404
2,IDONTWANT,914,615,727.4752882399815
2,IDONTWANT,914,81,727.4752882399815
2,IDONTWANT,914,848,727.4752882399815
2,IDONTWANT,914,89,727.4752882399815
2,IDONTWANT,831,549,728.3886156014362
2,IDONTWANT,831,825,728.3886156014362
2,IDONTWANT,831,363,728.3886156014362
2,IDONTWANT,831,790,728.3886156014362
2,IDONTWANT,223,599,728.4783460114655
2,IDONTWANT,223,818,728.4783460114655
2,IDONTWANT,223,915,728.4783460114655
2,IDONTWANT,223,729,728.4783460114655
2,IDONTWANT,146,963,728.4990141394258
2,IDONTWANT,146,734,728.4990141394258
2,IDONTWANT,146,659,728.4990141394258
2,IDONTWANT,146,677,728.4990141394258
2,IDONTWANT,687,217,728.5371055803043
2,IDONTWANT,687,168,728.5371055803043
2,IDONTWANT,687,132,728.5371055803043
2,IDONTWANT,687,952,728.5371055803043
2,IDONTWANT,597,617,728.767788361767
2,IDONTWANT,597,515,728.767788361767
2,IDONTWANT,597,487,728.767788361767
2,IDONTWANT,597,872,728.767788361767
2,IDONTWANT,538,254,728.7719957914258
2,IDONTWANT,538,169,728.7719957914258
2,IDONTWANT,538,926,728.7719957914258
2,IDONTWANT,538,0,728.7719957914258
2,IDONTWANT,501,203,728.7808231430682
2,IDONTWANT,501,186,728.7808231430682
2,IDONTWANT,501,413,728.7808231430682
2,IDONTWANT,501,165,728.7808231430682
2,IDONTWANT,523,669,729.5977673453895
2,IDONTWANT,523,46,729.5977673453895
2,IDONTWANT,523,22,729.5977673453895
2,IDONTWANT,523,55,729.5977673453895
2,IDONTWANT,393,802,729.7871752136097
2,IDONTWANT,393,611,729.7871752136097
2,IDONTWANT,393,80,729.7871752136097
2,IDONTWANT,393,525,729.7871752136097
2,IDONTWANT,974,886,729.8485910988685
2,IDONTWANT,974,656,729.8485910988685
2,IDONTWANT,974,635,729.8485910988685
2,IDONTWANT,974,272,729.8485910988685
2,IDONTWANT,260,920,729.8554175376739
2,IDONTWANT,260,898,729.8554175376739
2,IDONTWANT,260,498,729.8554175376739
2,IDONTWANT,260,404,729.8554175376739
2,IDONTWANT,280,897,729.8596368912188
2,IDONTWANT,280,964,729.8596368912188
2,IDONTWANT,280,568,729.8596368912188
2,IDONTWANT,280,563,729.8596368912188
2,IDONTWANT,749,196,730.9128802406735
2,IDONTWANT,749,324,730.9128802406735
2,IDONTWANT,749,730,730.9128802406735
2,IDONTWANT,749,306,730.9128802406735
2,IDONTWANT,955,168,731.0257133387933
2,IDONTWANT,955,971,731.0257133387933
2,IDONTWANT,955,845,731.0257133387933
2,IDONTWANT,955,18,731.0257133387933
2,IDONTWANT,563,241,731.107583749087
2,IDONTWANT,563,862,731.107583749087
2,IDONTWANT,563,762,731.107583749087
2,IDONTWANT,563,207,731.107583749087
2,IDONTWANT,699,2,731.1228436563777
2,IDONTWANT,699,825,731.1228436563777
2,IDONTWANT,699,740,731.1228436563777
2,IDONTWANT,699,819,731.1228436563777
2,IDONTWANT,442,414,731.2054815692331
2,IDONTWANT,442,208,731.2054815692331
2,IDONTWANT,442,965,731.2054815692331
2,IDONTWANT,442,6,731.2054815692331
2,IDONTWANT,833,533,731.2496630849432
2,IDONTWANT,833,919,731.2496630849432
2,IDONTWANT,833,265,731.2496630849432
2,IDONTWANT,833,907,731.2496630849432
2,IDONTWANT,289,672,731.9716728797559
2,IDONTWANT,289,244,731.9716728797559
2,IDONTWANT,289,309,731.9716728797559
2,IDONTWANT,289,495,731.9716728797559
2,IDONTWANT,960,346,732.3907139562502
2,IDONTWANT,960,410,732.3907139562502
2,IDONTWANT,960,246,732.3907139562502
2,IDONTWANT,960,858,732.3907139562502
2,IDONTWANT,250,320,733.1888124683335
2,IDONTWANT,250,87,733.1888124683335
2,IDONTWANT,250,959,733.1888124683335
2,IDONTWANT,250,485,733.1888124683335
2,IDONTWANT,198,249,733.9042307225955
2,IDONTWANT,198,710,733.9042307225955
2,IDONTWANT,198,301,733.9042307225955
2,IDONTWANT,198,46,733.9042307225955
2,IDONTWANT,716,622,734.6404488862895
2,IDONTWANT,716,801,734.6404488862895
2,IDONTWANT,716,92,734.6404488862895
2,IDONTWANT,716,684,734.6404488862895
2,IDONTWANT,459,730,735.7849226645377
2,IDONTWANT,459,636,735.7849226645377
2,IDONTWANT,459,705,735.7849226645377
2,IDONTWANT,459,845,735.7849226645377
2,IDONTWANT,319,846,735.860950544601
2,IDONTWANT,319,740,735.860950544601
2,IDONTWANT,319,718,735.860950544601
2,IDONTWANT,319,663,735.860950544601
2,IDONTWANT,51,604,735.9607817546852
2,IDONTWANT,51,187,735.9607817546852
2,IDONTWANT,51,270,735.9607817546852
2,IDONTWANT,51,289,735.9607817546852
2,IDONTWANT,136,464,736.2470780728404
2,IDONTWANT,136,521,736.2470780728404
2,IDONTWANT,136,547,736.2470780728404
2,IDONTWANT,136,827,736.2470780728404
2,IDONTWANT,451,356,736.4033639747261
2,IDONTWANT,451,290,736.4033639747261
2,IDONTWANT,451,165,736.4033639747261
2,IDONTWANT,451,534,736.4033639747261
2,IDONTWANT,785,582,737.8425313096182
2,IDONTWANT,785,248,737.8425313096182
2,IDONTWANT,785,461,737.8425313096182
2,IDONTWANT,785,751,737.8425313096182
2,IDONTWANT,739,346,737.878185981962
2,IDONTWANT,739,96,737.878185981962
2,IDONTWANT,739,883,737.878185981962
2,IDONTWANT,739,674,737.878185981962
2,IDONTWANT,268,731,738.1986693997807
2,IDONTWANT,268,12,738.1986693997807
2,IDONTWANT,268,924,738.1986693997807
2,IDONTWANT,268,758,738.1986693997807
2,IDONTWANT,343,757,739.2470723865916
2,IDONTWANT,343,866,739.2470723865916
2,IDONTWANT,343,517,739.2470723865916
2,IDONTWANT,343,69,739.2470723865916
2,IDONTWANT,655,899,739.8949057847113
2,IDONTWANT,655,793,739.8949057847113
2,IDONTWANT,655,658,739.8949057847113
2,IDONTWANT,655,717,739.8949057847113
2,IDONTWANT,896,925,740.0761804023166
2,IDONTWANT,896,494,740.0761804023166
2,IDONTWANT,896,116,740.0761804023166
2,IDONTWANT,896,157,740.0761804023166
2,IDONTWANT,174,428,740.4052390275297
2,IDONTWANT,174,949,740.4052390275297
2,IDONTWANT,174,938,740.4052390275297
2,IDONTWANT,174,275,740.4052390275297
2,IDONTWANT,796,319,740.4634430227579
2,IDONTWANT,796,746,740.4634430227579
2,IDONTWANT,796,614,740.4634430227579
2,IDONTWANT,796,169,740.4634430227579
2,IDONTWANT,942,256,740.8557256943853
2,IDONTWANT,942,568,740.8557256943853
2,IDONTWANT,942,836,740.8557256943853
2,IDONTWANT,942,979,740.8557256943853
2,IDONTWANT,757,808,742.5119479603973
2,IDONTWANT,757,512,742.5119479603973
2,IDONTWANT,757,932,742.5119479603973
2,IDONTWANT,757,556,742.5119479603973
2,IDONTWANT,46,564,742.51485424547
2,IDONTWANT,46,286,742.51485424547
2,IDONTWANT,46,724,742.51485424547
2,IDONTWANT,46,426,742.51485424547
2,IDONTWANT,991,395,742.8600452391421
2,IDONTWANT,991,206,742.8600452391421
2,IDONTWANT,991,561,742.8600452391421
2,IDONTWANT,991,727,742.8600452391421
2,IDONTWANT,446,792,743.1723454709011
2,IDONTWANT,446,166,743.1723454709011
2,IDONTWANT,446,133,743.1723454709011
2,IDONTWANT,446,15,743.1723454709011
2,IDONTWANT,203,904,743.2645045864651
2,IDONTWANT,203,317,743.2645045864651
2,IDONTWANT,203,224,743.2645045864651
2,IDONTWANT,203,366,743.2645045864651
2,IDONTWANT,62,452,743.3116092895305
2,IDONTWANT,62,167,743.3116092895305
2,IDONTWANT,62,113,743.3116092895305
2,IDONTWANT,62,349,743.3116092895305
2,IDONTWANT,158,984,744.1712938830885
2,IDONTWANT,158,65,744.1712938830885
2,IDONTWANT,158,115,744.1712938830885
2,IDONTWANT,158,941,744.1712938830885
2,IDONTWANT,509,258,744.2102364591922
2,IDONTWANT,509,549,744.2102364591922
2,IDONTWANT,509,645,744.2102364591922
2,IDONTWANT,509,878,744.2102364591922
2,IDONTWANT,464,42,744.683276924722
2,IDONTWANT,464,409,744.683276924722
2,IDONTWANT,464,962,744.683276924722
2,IDONTWANT,464,531,744.683276924722
2,IDONTWANT,164,839,745.0655318286338
2,IDONTWANT,164,969,745.0655318286338
2,IDONTWANT,164,265,745.0655318286338
2,IDONTWANT,164,416,745.0655318286338
2,IDONTWANT,227,107,745.3225707197438
2,IDONTWANT,227,386,745.3225707197438
2,IDONTWANT,227,856,745.3225707197438
2,IDONTWANT,227,463,745.3225707197438
2,IDONTWANT,178,186,745.3837686271991
2,IDONTWANT,178,207,745.3837686271991
2,IDONTWANT,178,955,745.3837686271991
2,IDONTWANT,178,320,745.3837686271991
2,IDONTWANT,788,711,745.4187577290588
2,IDONTWANT,788,877,745.4187577290588
2,IDONTWANT,788,148,745.4187577290588
2,IDONTWANT,788,747,745.4187577290588
2,IDONTWANT,588,933,745.4861584520314
2,IDONTWANT,588,832,745.4861584520314
2,IDONTWANT,588,772,745.4861584520314
2,IDONTWANT,588,650,745.4861584520314
2,IDONTWANT,545,519,746.8479405708844
2,IDONTWANT,545,664,746.8479405708844
2,IDONTWANT,545,657,746.8479405708844
2,IDONTWANT,545,425,746.8479405708844
2,IDONTWANT,5,72,746.8536677469741
2,IDONTWANT,5,247,746.8536677469741
2,IDONTWANT,5,93,746.8536677469741
2,IDONTWANT,5,565,746.8536677469741
2,IDONTWANT,324,733,746.9253385706327
2,IDONTWANT,324,311,746.9253385706327
2,IDONTWANT,324,986,746.9253385706327
2,IDONTWANT,324,131,746.9253385706327
2,IDONTWANT,884,952,747.0775427812412
2,IDONTWANT,884,394,747.0775427812412
2,IDONTWANT,884,862,747.0775427812412
2,IDONTWANT,884,22,747.0775427812412
2,IDONTWANT,346,236,747.1349684270939
2,IDONTWANT,346,477,747.1349684270939
2,IDONTWANT,346,226,747.1349684270939
2,IDONTWANT,346,271,747.1349684270939
2,IDONTWANT,78,885,747.1482858376693
2,IDONTWANT,78,94,747.1482858376693
2,IDONTWANT,78,713,747.1482858376693
2,IDONTWANT,78,866,747.1482858376693
2,IDONTWANT,839,798,747.3477382337452
2,IDONTWANT,839,529,747.3477382337452
2,IDONTWANT,839,878,747.3477382337452
2,IDONTWANT,839,152,747.3477382337452
2,IDONTWANT,427,750,747.6416967169705
2,IDONTWANT,427,668,747.6416967169705
2,IDONTWANT,427,936,747.6416967169705
2,IDONTWANT,427,208,747.6416967169705
2,IDONTWANT,760,610,748.0709124082042
2,IDONTWANT,760,898,748.0709124082042
2,IDONTWANT,760,697,748.0709124082042
2,IDONTWANT,760,84,748.0709124082042
2,IDONTWANT,458,652,748.2175216129665
2,IDONTWANT,458,397,748.2175216129665
2,IDONTWANT,458,88,748.2175216129665
2,IDONTWANT,458,926,748.2175216129665
2,IDONTWANT,528,639,748.4316783099142
2,IDONTWANT,528,849,748.4316783099142
2,IDONTWANT,528,486,748.4316783099142
2,IDONTWANT,528,162,748.4316783099142
2,IDONTWANT,507,463,748.7443154515302
2,IDONTWANT,507,569,748.7443154515302
2,IDONTWANT,507,534,748.7443154515302
2,IDONTWANT,507,594,748.7443154515302
2,IDONTWANT,185,252,748.8204334368301
2,IDONTWANT,185,958,748.8204334368301
2,IDONTWANT,185,458,748.8204334368301
2,IDONTWANT,185,108,748.8204334368301
2,IDONTWANT,645,211,748.9310734600407
2,IDONTWANT,645,907,748.9310734600407
2,IDONTWANT,645,397,748.9310734600407
2,IDONTWANT,645,475,748.9310734600407
2,IDONTWANT,313,502,749.2869593117946
2,IDONTWANT,313,0,749.2869593117946
2,IDONTWANT,313,74,749.2869593117946
2,IDONTWANT,313,401,749.2869593117946
2,IDONTWANT,367,842,749.7346527468408
2,IDONTWANT,367,824,749.7346527468408
2,IDONTWANT,367,443,749.7346527468408
2,IDONTWANT,367,89,749.7346527468408
2,IDONTWANT,120,431,750.0711007290877
2,IDONTWANT,120,847,750.0711007290877
2,IDONTWANT,120,940,750.0711007290877
2,IDONTWANT,120,900,750.0711007290877
2,IDONTWANT,838,591,750.1663658570072
2,IDONTWANT,838,577,750.1663658570072
2,IDONTWANT,838,367,750.1663658570072
2,IDONTWANT,838,412,750.1663658570072
2,IDONTWANT,578,31,750.2671048422071
2,IDONTWANT,578,42,750.2671048422071
2,IDONTWANT,578,141,750.2671048422071
2,IDONTWANT,578,710,750.2671048422071
2,IDONTWANT,290,571,750.3755841532364
2,IDONTWANT,290,685,750.3755841532364
2,IDONTWANT,290,404,750.3755841532364
2,IDONTWANT,290,122,750.3755841532364
2,IDONTWANT,320,867,751.0020136767153
2,IDONTWANT,320,784,751.0020136767153
2,IDONTWANT,320,917,751.0020136767153
2,IDONTWANT,320,469,751.0020136767153
2,IDONTWANT,793,32,752.3357276289202
2,IDONTWANT,793,11,752.3357276289202
2,IDONTWANT,793,62,752.3357276289202
2,IDONTWANT,793,15,752.3357276289202
2,IDONTWANT,288,757,752.83615904612
2,IDONTWANT,288,669,752.83615904612
2,IDONTWANT,288,266,752.83615904612
2,IDONTWANT,288,416,752.83615904612
2,IDONTWANT,868,525,753.7271859571249
2,IDONTWANT,868,726,753.7271859571249
2,IDONTWANT,868,757,753.7271859571249
2,IDONTWANT,868,662,753.7271859571249
2,IDONTWANT,134,628,753.835107755577
2,IDONTWANT,134,997,753.835107755577
2,IDONTWANT,134,518,753.835107755577
2,IDONTWANT,134,621,753.835107755577
2,IDONTWANT,386,396,754.2273044588533
2,IDONTWANT,386,809,754.2273044588533
2,IDONTWANT,386,257,754.2273044588533
2,IDONTWANT,386,936,754.2273044588533
2,IDONTWANT,22,84,754.3093471247722
2,IDONTWANT,22,589,754.3093471247722
2,IDONTWANT,22,308,754.3093471247722
2,IDONTWANT,22,538,754.3093471247722
2,IDONTWANT,722,121,754.611471385314
2,IDONTWANT,722,270,754.611471385314
2,IDONTWANT,722,429,754.611471385314
2,IDONTWANT,722,239,754.611471385314
2,IDONTWANT,965,981,754.6669978462058
2,IDONTWANT,965,696,754.6669978462058
2,IDONTWANT,965,956,754.6669978462058
2,IDONTWANT,965,361,754.6669978462058
2,IDONTWANT,166,585,754.9091493100977
2,IDONTWANT,166,507,754.9091493100977
2,IDONTWANT,166,718,754.9091493100977
2,IDONTWANT,166,335,754.9091493100977
2,IDONTWANT,810,852,755.1954520848689
2,IDONTWANT,810,154,755.1954520848689
2,IDONTWANT,810,615,755.1954520848689
2,IDONTWANT,810,853,755.1954520848689
2,IDONTWANT,824,566,755.4807779616124
2,IDONTWANT,824,496,755.4807779616124
2,IDONTWANT,824,816,755.4807779616124
2,IDONTWANT,824,390,755.4807779616124
2,IDONTWANT,382,939,756.4974999322001
2,IDONTWANT,382,825,756.4974999322001
2,IDONTWANT,382,650,756.4974999322001
2,IDONTWANT,382,970,756.4974999322001
2,IDONTWANT,622,175,756.5712645408659
2,IDONTWANT,622,388,756.5712645408659
2,IDONTWANT,622,906,756.5712645408659
2,IDONTWANT,622,646,756.5712645408659
2,IDONTWANT,344,210,757.1778911169023
2,IDONTWANT,344,508,757.1778911169023
2,IDONTWANT,344,994,757.1778911169023
2,IDONTWANT,344,205,757.1778911169023
2,IDONTWANT,939,550,757.4615805965436
2,IDONTWANT,939,137,757.4615805965436
2,IDONTWANT,939,21,757.4615805965436
2,IDONTWANT,939,249,757.4615805965436
2,IDONTWANT,574,79,757.880786953743
2,IDONTWANT,574,579,757.880786953743
2,IDONTWANT,574,933,757.880786953743
2,IDONTWANT,574,175,757.880786953743
2,IDONTWANT,92,82,758.2088381876306
2,IDONTWANT,92,226,758.2088381876306
2,IDONTWANT,92,105,758.2088381876306
2,IDONTWANT,92,233,758.2088381876306
2,IDONTWANT,396,34,758.5397351308254
2,IDONTWANT,396,494,758.5397351308254
2,IDONTWANT,396,566,758.5397351308254
2,IDONTWANT,396,558,758.5397351308254
2,IDONTWANT,496,629,759.1849200096136
2,IDONTWANT,496,281,759.1849200096136
2,IDONTWANT,496,927,759.1849200096136
2,IDONTWANT,496,836,759.1849200096136
2,IDONTWANT,391,622,759.2157627659434
2,IDONTWANT,391,241,759.2157627659434
2,IDONTWANT,391,335,759.2157627659434
2,IDONTWANT,391,882,759.2157627659434
2,IDONTWANT,969,443,759.4692521243766
2,IDONTWANT,969,205,759.4692521243766
2,IDONTWANT,969,516,759.4692521243766
2,IDONTWANT,969,685,759.4692521243766
2,IDONTWANT,924,969,759.6386241662792
2,IDONTWANT,924,504,759.6386241662792
2,IDONTWANT,924,92,759.6386241662792
2,IDONTWANT,924,15,759.6386241662792
2,IDONTWANT,854,570,759.8754381967027
2,IDONTWANT,854,378,759.8754381967027
2,IDONTWANT,854,892,759.8754381967027
2,IDONTWANT,854,722,759.8754381967027
2,IDONTWANT,211,86,759.8993725764701
2,IDONTWANT,211,600,759.8993725764701
2,IDONTWANT,211,981,759.8993725764701
2,IDONTWANT,211,542,759.8993725764701
2,IDONTWANT,886,347,760.6235032569125
2,IDONTWANT,886,330,760.6235032569125
2,IDONTWANT,886,842,760.6235032569125
2,IDONTWANT,886,239,760.6235032569125
2,IDONTWANT,601,480,760.7358114962897
2,IDONTWANT,601,722,760.7358114962897
2,IDONTWANT,601,49,760.7358114962897
2,IDONTWANT,601,550,760.7358114962897
2,IDONTWANT,504,812,761.1873055082556
2,IDONTWANT,504,804,761.1873055082556
2,IDONTWANT,504,270,761.1873055082556
2,IDONTWANT,504,117,761.1873055082556
2,IDONTWANT,167,91,762.0545467248287
2,IDONTWANT,167,286,762.0545467248287
2,IDONTWANT,167,58,762.0545467248287
2,IDONTWANT,167,819,762.0545467248287
2,IDONTWANT,224,700,762.354285840417
2,IDONTWANT,224,980,762.354285840417
2,IDONTWANT,224,710,762.354285840417
2,IDONTWANT,224,659,762.354285840417
2,IDONTWANT,846,892,762.7076802267911
2,IDONTWANT,846,887,762.7076802267911
2,IDONTWANT,846,579,762.7076802267911
2,IDONTWANT,846,497,762.7076802267911
2,IDONTWANT,791,685,762.9762793751631
2,IDONTWANT,791,955,762.9762793751631
2,IDONTWANT,791,912,762.9762793751631
2,IDONTWANT,791,260,762.9762793751631
2,IDONTWANT,302,276,763.4965723287562
2,IDONTWANT,302,771,763.4965723287562
2,IDONTWANT,302,63,763.4965723287562
2,IDONTWANT,609,506,763.969371282909
2,IDONTWANT,609,606,763.969371282909
2,IDONTWANT,609,355,763.969371282909
2,IDONTWANT,609,981,763.969371282909
2,IDONTWANT,397,333,764.7300204474859
2,IDONTWANT,397,164,764.7300204474859
2,IDONTWANT,397,437,764.7300204474859
2,IDONTWANT,397,905,764.7300204474859
2,IDONTWANT,748,504,764.7750021269071
2,IDONTWANT,748,811,764.7750021269071
2,IDONTWANT,748,120,764.7750021269071
2,IDONTWANT,748,338,764.7750021269071
2,IDONTWANT,566,336,765.0470680130495
2,IDONTWANT,566,616,765.0470680130495
2,IDONTWANT,566,244,765.0470680130495
2,IDONTWANT,566,388,765.0470680130495
2,IDONTWANT,786,762,766.1086479122462
2,IDONTWANT,786,191,766.1086479122462
2,IDONTWANT,786,945,766.1086479122462
2,IDONTWANT,786,51,766.1086479122462
2,IDONTWANT,618,914,766.1404803701577
2,IDONTWANT,618,912,766.1404803701577
2,IDONTWANT,618,764,766.1404803701577
2,IDONTWANT,618,88,766.1404803701577
2,IDONTWANT,85,411,767.1338336293664
2,IDONTWANT,85,758,767.1338336293664
2,IDONTWANT,85,823,767.1338336293664
2,IDONTWANT,85,233,767.1338336293664
2,IDONTWANT,283,630,767.4426292331497
2,IDONTWANT,283,771,767.4426292331497
2,IDONTWANT,283,141,767.4426292331497
2,IDONTWANT,283,660,767.4426292331497
2,IDONTWANT,340,34,768.2873754705973
2,IDONTWANT,340,713,768.2873754705973
2,IDONTWANT,340,347,768.2873754705973
2,IDONTWANT,340,736,768.2873754705973
2,IDONTWANT,197,687,768.3799391090438
2,IDONTWANT,197,995,768.3799391090438
2,IDONTWANT,197,289,768.3799391090438
2,IDONTWANT,197,614,768.3799391090438
2,IDONTWANT,804,796,769.4846822555455
2,IDONTWANT,804,806,769.4846822555455
2,IDONTWANT,804,463,769.4846822555455
2,IDONTWANT,804,968,769.4846822555455
2,IDONTWANT,952,905,769.6346714855669
2,IDONTWANT,952,140,769.6346714855669
2,IDONTWANT,952,554,769.6346714855669
2,IDONTWANT,952,606,769.6346714855669
2,IDONTWANT,866,566,770.4053464831186
2,IDONTWANT,866,927,770.4053464831186
2,IDONTWANT,866,28,770.4053464831186
2,IDONTWANT,866,857,770.4053464831186
2,IDONTWANT,954,586,771.6261915942152
2,IDONTWANT,954,473,771.6261915942152
2,IDONTWANT,954,764,771.6261915942152
2,IDONTWANT,954,406,771.6261915942152
2,IDONTWANT,962,577,771.7081863516242
2,IDONTWANT,962,823,771.7081863516242
2,IDONTWANT,962,934,771.7081863516242
2,IDONTWANT,962,328,771.7081863516242
2,IDONTWANT,31,609,772.2235012014264
2,IDONTWANT,31,509,772.2235012014264
2,IDONTWANT,31,594,772.2235012014264
2,IDONTWANT,31,817,772.2235012014264
2,IDONTWANT,514,631,772.3093453947218
2,IDONTWANT,514,762,772.3093453947218
2,IDONTWANT,514,981,772.3093453947218
2,IDONTWANT,514,49,772.3093453947218
2,IDONTWANT,25,121,774.0892146789591
2,IDONTWANT,25,525,774.0892146789591
2,IDONTWANT,25,429,774.0892146789591
2,IDONTWANT,25,169,774.0892146789591
2,IDONTWANT,73,491,774.1845417774778
2,IDONTWANT,73,849,774.1845417774778
2,IDONTWANT,73,709,774.1845417774778
2,IDONTWANT,73,166,774.1845417774778
2,IDONTWANT,860,656,774.5872157505356
2,IDONTWANT,860,91,774.5872157505356
2,IDONTWANT,860,980,774.5872157505356
2,IDONTWANT,860,943,774.5872157505356
2,IDONTWANT,79,268,775.1134872400424
2,IDONTWANT,79,531,775.1134872400424
2,IDONTWANT,79,376,775.1134872400424
2,IDONTWANT,79,931,775.1134872400424
2,IDONTWANT,855,469,776.1240044715203
2,IDONTWANT,855,498,776.1240044715203
2,IDONTWANT,855,970,776.1240044715203
2,IDONTWANT,855,866,776.1240044715203
2,IDONTWANT,141,459,776.4962071552526
2,IDONTWANT,141,140,776.4962071552526
2,IDONTWANT,141,427,776.4962071552526
2,IDONTWANT,141,124,776.4962071552526
2,IDONTWANT,900,122,776.5801847198227
2,IDONTWANT,900,263,776.5801847198227
2,IDONTWANT,900,772,776.5801847198227
2,IDONTWANT,900,206,776.5801847198227
2,IDONTWANT,18,545,777.2126803663132
2,IDONTWANT,18,438,777.2126803663132
2,IDONTWANT,18,796,777.2126803663132
2,IDONTWANT,18,322,777.2126803663132
2,IDONTWANT,717,924,777.5830213082193
2,IDONTWANT,717,916,777.5830213082193
2,IDONTWANT,717,561,777.5830213082193
2,IDONTWANT,717,807,777.5830213082193
2,IDONTWANT,832,64,777.80040322774
2,IDONTWANT,832,238,777.80040322774
2,IDONTWANT,832,407,777.80040322774
2,IDONTWANT,832,593,777.80040322774
2,IDONTWANT,84,200,779.3604486476656
2,IDONTWANT,84,826,779.3604486476656
2,IDONTWANT,84,246,779.3604486476656
2,IDONTWANT,84,838,779.3604486476656
2,IDONTWANT,415,839,779.54054121623
2,IDONTWANT,415,236,779.54054121623
2,IDONTWANT,415,861,779.54054121623
2,IDONTWANT,415,460,779.54054121623
2,IDONTWANT,608,816,779.5421847768047
2,IDONTWANT,608,846,779.5421847768047
2,IDONTWANT,608,188,779.5421847768047
2,IDONTWANT,608,991,779.5421847768047
2,IDONTWANT,279,780,779.9519118588488
2,IDONTWANT,279,647,779.9519118588488
2,IDONTWANT,279,410,779.9519118588488
2,IDONTWANT,279,936,779.9519118588488
2,IDONTWANT,697,722,781.3887215695784
2,IDONTWANT,697,385,781.3887215695784
2,IDONTWANT,697,704,781.3887215695784
2,IDONTWANT,697,259,781.3887215695784
2,IDONTWANT,526,229,781.655273431924
2,IDONTWANT,526,423,781.655273431924
2,IDONTWANT,526,598,781.655273431924
2,IDONTWANT,526,308,781.655273431924
2,IDONTWANT,463,485,781.8596289207518
2,IDONTWANT,463,187,781.8596289207518
2,IDONTWANT,463,579,781.8596289207518
2,IDONTWANT,463,223,781.8596289207518
2,IDONTWANT,510,403,782.2585015460025
2,IDONTWANT,510,756,782.2585015460025
2,IDONTWANT,510,817,782.2585015460025
2,IDONTWANT,510,380,782.2585015460025
2,IDONTWANT,233,676,782.2792782269291
2,IDONTWANT,233,539,782.2792782269291
2,IDONTWANT,233,67,782.2792782269291
2,IDONTWANT,233,764,782.2792782269291
2,IDONTWANT,416,937,783.0249274011744
2,IDONTWANT,416,382,783.0249274011744
2,IDONTWANT,416,41,783.0249274011744
2,IDONTWANT,416,898,783.0249274011744
2,IDONTWANT,348,975,783.1271350673615
2,IDONTWANT,348,639,783.1271350673615
2,IDONTWANT,348,508,783.1271350673615
2,IDONTWANT,348,625,783.1271350673615
2,IDONTWANT,978,124,783.1715213130632
2,IDONTWANT,978,532,783.1715213130632
2,IDONTWANT,978,13,783.1715213130632
2,IDONTWANT,978,444,783.1715213130632
2,IDONTWANT,751,89,783.2782156334512
2,IDONTWANT,751,804,783.2782156334512
2,IDONTWANT,751,41,783.2782156334512
2,IDONTWANT,751,408,783.2782156334512
2,IDONTWANT,741,538,783.9737844211303
2,IDONTWANT,741,567,783.9737844211303
2,IDONTWANT,741,790,783.9737844211303
2,IDONTWANT,741,935,783.9737844211303
2,IDONTWANT,723,847,784.557591226716
2,IDONTWANT,723,142,784.557591226716
2,IDONTWANT,723,484,784.557591226716
2,IDONTWANT,723,504,784.557591226716
2,IDONTWANT,882,911,784.9190107820748
2,IDONTWANT,882,767,784.9190107820748
2,IDONTWANT,882,143,784.9190107820748
2,IDONTWANT,882,796,784.9190107820748
2,IDONTWANT,241,203,785.4138772386415
2,IDONTWANT,241,79,785.4138772386415
2,IDONTWANT,241,615,785.4138772386415
2,IDONTWANT,241,150,785.4138772386415
2,IDONTWANT,194,759,785.5202203336191
2,IDONTWANT,194,901,785.5202203336191
2,IDONTWANT,194,262,785.5202203336191
2,IDONTWANT,194,442,785.5202203336191
2,IDONTWANT,970,21,785.8690824110174
2,IDONTWANT,970,230,785.8690824110174
2,IDONTWANT,970,142,785.8690824110174
2,IDONTWANT,970,430,785.8690824110174
2,IDONTWANT,161,40,785.9475707709756
2,IDONTWANT,161,928,785.9475707709756
2,IDONTWANT,161,798,785.9475707709756
2,IDONTWANT,161,186,785.9475707709756
2,IDONTWANT,872,305,788.4425874188881
2,IDONTWANT,872,603,788.4425874188881
2,IDONTWANT,872,605,788.4425874188881
2,IDONTWANT,872,451,788.4425874188881
2,IDONTWANT,565,334,788.8424950621747
2,IDONTWANT,565,196,788.8424950621747
2,IDONTWANT,565,902,788.8424950621747
2,IDONTWANT,565,398,788.8424950621747
2,IDONTWANT,923,288,789.4312288029831
2,IDONTWANT,923,862,789.4312288029831
2,IDONTWANT,923,654,789.4312288029831
2,IDONTWANT,923,885,789.4312288029831
2,IDONTWANT,957,430,789.8391727938426
2,IDONTWANT,957,611,789.8391727938426
2,IDONTWANT,957,859,789.8391727938426
2,IDONTWANT,957,617,789.8391727938426
2,IDONTWANT,558,446,789.9513619596363
2,IDONTWANT,558,703,789.9513619596363
2,IDONTWANT,558,808,789.9513619596363
2,IDONTWANT,558,940,789.9513619596363
2,IDONTWANT,897,525,790.4425538456936
2,IDONTWANT,897,58,790.4425538456936
2,IDONTWANT,897,646,790.4425538456936
2,IDONTWANT,897,917,790.4425538456936
2,IDONTWANT,617,97,790.9188123486548
2,IDONTWANT,617,410,790.9188123486548
2,IDONTWANT,617,951,790.9188123486548
2,IDONTWANT,617,404,790.9188123486548
2,IDONTWANT,753,558,790.9617550654988
2,IDONTWANT,753,587,790.9617550654988
2,IDONTWANT,753,50,790.9617550654988
2,IDONTWANT,753,408,790.9617550654988
2,IDONTWANT,993,310,791.0108793562491
2,IDONTWANT,993,627,791.0108793562491
2,IDONTWANT,993,489,791.0108793562491
2,IDONTWANT,993,480,791.0108793562491
2,IDONTWANT,474,398,791.1630723796671
2,IDONTWANT,474,675,791.1630723796671
2,IDONTWANT,474,376,791.1630723796671
2,IDONTWANT,474,457,791.1630723796671
2,IDONTWANT,803,822,791.9926697200278
2,IDONTWANT,803,427,791.9926697200278
2,IDONTWANT,803,488,791.9926697200278
2,IDONTWANT,803,394,791.9926697200278
2,IDONTWANT,537,960,792.4651321962775
2,IDONTWANT,537,530,792.4651321962775
2,IDONTWANT,537,752,792.4651321962775
2,IDONTWANT,537,504,792.4651321962775
2,IDONTWANT,867,942,792.7453513116653
2,IDONTWANT,867,48,792.7453513116653
2,IDONTWANT,867,264,792.7453513116653
2,IDONTWANT,867,805,792.7453513116653
2,IDONTWANT,809,891,793.7395411537925
2,IDONTWANT,809,620,793.7395411537925
2,IDONTWANT,809,743,793.7395411537925
2,IDONTWANT,809,15,793.7395411537925
2,IDONTWANT,667,852,794.1033967204996
2,IDONTWANT,667,501,794.1033967204996
2,IDONTWANT,667,930,794.1033967204996
2,IDONTWANT,667,999,794.1033967204996
2,IDONTWANT,603,848,794.4637779750682
2,IDONTWANT,603,93,794.4637779750682
2,IDONTWANT,603,588,794.4637779750682
2,IDONTWANT,603,840,794.4637779750682
2,IDONTWANT,243,710,794.5565903714634
2,IDONTWANT,243,312,794.5565903714634
2,IDONTWANT,243,637,794.5565903714634
2,IDONTWANT,243,582,794.5565903714634
2,IDONTWANT,195,167,795.2245908944759
2,IDONTWANT,195,56,795.2245908944759
2,IDONTWANT,195,86,795.2245908944759
2,IDONTWANT,195,682,795.2245908944759
2,IDONTWANT,873,776,795.2977470624348
2,IDONTWANT,873,668,795.2977470624348
2,IDONTWANT,873,107,795.2977470624348
2,IDONTWANT,873,482,795.2977470624348
2,IDONTWANT,201,985,795.5872183364633
2,IDONTWANT,201,337,795.5872183364633
2,IDONTWANT,201,996,795.5872183364633
2,IDONTWANT,201,561,795.5872183364633
2,IDONTWANT,542,12,795.7569372564133
2,IDONTWANT,542,628,795.7569372564133
2,IDONTWANT,542,565,795.7569372564133
2,IDONTWANT,542,673,795.7569372564133
2,IDONTWANT,973,905,795.8700690140272
2,IDONTWANT,973,997,795.8700690140272
2,IDONTWANT,973,41,795.8700690140272
2,IDONTWANT,973,35,795.8700690140272
2,IDONTWANT,491,294,796.360643884844
2,IDONTWANT,491,980,796.360643884844
2,IDONTWANT,491,831,796.360643884844
2,IDONTWANT,491,939,796.360643884844
2,IDONTWANT,561,222,796.4760119776216
2,IDONTWANT,561,87,796.4760119776216
2,IDONTWANT,561,902,796.4760119776216
2,IDONTWANT,561,519,796.4760119776216
2,IDONTWANT,43,509,796.4868209632172
2,IDONTWANT,43,83,796.4868209632172
2,IDONTWANT,43,171,796.4868209632172
2,IDONTWANT,43,460,796.4868209632172
2,IDONTWANT,418,194,796.4875221837361
2,IDONTWANT,418,615,796.4875221837361
2,IDONTWANT,418,997,796.4875221837361
2,IDONTWANT,418,848,796.4875221837361
2,IDONTWANT,101,341,796.5410484480517
2,IDONTWANT,101,88,796.5410484480517
2,IDONTWANT,101,821,796.5410484480517
2,IDONTWANT,101,969,796.5410484480517
2,IDONTWANT,660,248,797.0374024800146
2,IDONTWANT,660,802,797.0374024800146
2,IDONTWANT,660,409,797.0374024800146
2,IDONTWANT,660,731,797.0374024800146
2,IDONTWANT,968,543,797.9586246000438
2,IDONTWANT,968,191,797.9586246000438
2,IDONTWANT,968,70,797.9586246000438
2,IDONTWANT,968,332,797.9586246000438
2,IDONTWANT,27,501,798.1338299692829
2,IDONTWANT,27,432,798.1338299692829
2,IDONTWANT,27,41,798.1338299692829
2,IDONTWANT,27,986,798.1338299692829
2,IDONTWANT,264,353,798.2950002033185
2,IDONTWANT,264,386,798.2950002033185
2,IDONTWANT,264,324,798.2950002033185
2,IDONTWANT,264,123,798.2950002033185
2,IDONTWANT,317,229,799.330543066615
2,IDONTWANT,317,158,799.330543066615
2,IDONTWANT,317,155,799.330543066615
2,IDONTWANT,317,535,799.330543066615
2,IDONTWANT,984,604,800.3168298840936
2,IDONTWANT,984,546,800.3168298840936
2,IDONTWANT,984,954,800.3168298840936
2,IDONTWANT,984,151,800.3168298840936
2,IDONTWANT,540,415,800.9379270434113
2,IDONTWANT,540,190,800.9379270434113
2,IDONTWANT,540,243,800.9379270434113
2,IDONTWANT,540,163,800.9379270434113
2,IDONTWANT,247,502,801.9860305727724
2,IDONTWANT,247,298,801.9860305727724
2,IDONTWANT,247,726,801.9860305727724
2,IDONTWANT,247,529,801.9860305727724
2,IDONTWANT,72,768,802.1020833984002
2,IDONTWANT,72,351,802.1020833984002
2,IDONTWANT,72,759,802.1020833984002
2,IDONTWANT,72,272,802.1020833984002
2,IDONTWANT,370,197,802.1827967384519
2,IDONTWANT,370,331,802.1827967384519
2,IDONTWANT,370,373,802.1827967384519
2,IDONTWANT,370,756,802.1827967384519
2,IDONTWANT,358,195,802.426968797938
2,IDONTWANT,358,189,802.426968797938
2,IDONTWANT,358,669,802.426968797938
2,IDONTWANT,358,959,802.426968797938
2,IDONTWANT,23,507,803.0066151774652
2,IDONTWANT,23,897,803.0066151774652
2,IDONTWANT,23,352,803.0066151774652
2,IDONTWANT,23,747,803.0066151774652
2,IDONTWANT,37,734,803.0219963528226
2,IDONTWANT,37,396,803.0219963528226
2,IDONTWANT,37,909,803.0219963528226
2,IDONTWANT,37,685,803.0219963528226
2,IDONTWANT,776,396,803.2091070981561
2,IDONTWANT,776,608,803.2091070981561
2,IDONTWANT,776,606,803.2091070981561
2,IDONTWANT,776,961,803.2091070981561
2,IDONTWANT,498,988,803.9277880520394
2,IDONTWANT,498,942,803.9277880520394
2,IDONTWANT,498,491,803.9277880520394
2,IDONTWANT,498,213,803.9277880520394
2,IDONTWANT,16,730,804.6867619843783
2,IDONTWANT,16,65,804.6867619843783
2,IDONTWANT,16,578,804.6867619843783
2,IDONTWANT,16,62,804.6867619843783
2,IDONTWANT,145,125,804.8152746390067
2,IDONTWANT,145,919,804.8152746390067
2,IDONTWANT,145,796,804.8152746390067
2,IDONTWANT,145,159,804.8152746390067
2,IDONTWANT,66,73,805.1288914535676
2,IDONTWANT,66,896,805.1288914535676
2,IDONTWANT,66,213,805.1288914535676
2,IDONTWANT,66,629,805.1288914535676
2,IDONTWANT,93,482,806.4822419389516
2,IDONTWANT,93,202,806.4822419389516
2,IDONTWANT,93,346,806.4822419389516
2,IDONTWANT,93,210,806.4822419389516
2,IDONTWANT,17,634,806.5695989428734
2,IDONTWANT,17,211,806.5695989428734
2,IDONTWANT,17,509,806.5695989428734
2,IDONTWANT,17,697,806.5695989428734
2,IDONTWANT,728,164,806.6720313950276
2,IDONTWANT,728,861,806.6720313950276
2,IDONTWANT,728,328,806.6720313950276
2,IDONTWANT,728,479,806.6720313950276
2,IDONTWANT,817,943,807.30871150536
2,IDONTWANT,817,836,807.30871150536
2,IDONTWANT,817,781,807.30871150536
2,IDONTWANT,817,909,807.30871150536
2,IDONTWANT,97,86,808.0089175080673
2,IDONTWANT,97,855,808.0089175080673
2,IDONTWANT,97,677,808.0089175080673
2,IDONTWANT,97,123,808.0089175080673
2,IDONTWANT,137,490,808.2211175002685
2,IDONTWANT,137,520,808.2211175002685
2,IDONTWANT,137,965,808.2211175002685
2,IDONTWANT,137,254,808.2211175002685
2,IDONTWANT,604,294,808.9661269721265
2,IDONTWANT,604,174,808.9661269721265
2,IDONTWANT,604,446,808.9661269721265
2,IDONTWANT,604,1,808.9661269721265
2,IDONTWANT,213,915,809.0309030134275
2,IDONTWANT,213,734,809.0309030134275
2,IDONTWANT,213,803,809.0309030134275
2,IDONTWANT,213,901,809.0309030134275
2,IDONTWANT,150,907,810.7615784106281
2,IDONTWANT,150,499,810.7615784106281
2,IDONTWANT,150,167,810.7615784106281
2,IDONTWANT,150,684,810.7615784106281
2,IDONTWANT,176,727,811.2564496368899
2,IDONTWANT,176,245,811.2564496368899
2,IDONTWANT,176,961,811.2564496368899
2,IDONTWANT,176,112,811.2564496368899
2,IDONTWANT,209,601,811.4556662451529
2,IDONTWANT,209,42,811.4556662451529
2,IDONTWANT,209,404,811.4556662451529
2,IDONTWANT,209,23,811.4556662451529
2,IDONTWANT,692,654,811.9577395664235
2,IDONTWANT,692,851,811.9577395664235
2,IDONTWANT,692,839,811.9577395664235
2,IDONTWANT,692,815,811.9577395664235
2,IDONTWANT,856,932,812.5772216297555
2,IDONTWANT,856,917,812.5772216297555
2,IDONTWANT,856,65,812.5772216297555
2,IDONTWANT,856,884,812.5772216297555
2,IDONTWANT,352,403,813.4172942860716
2,IDONTWANT,352,55,813.4172942860716
2,IDONTWANT,352,218,813.4172942860716
2,IDONTWANT,352,24,813.4172942860716
2,IDONTWANT,775,457,814.1501745046978
2,IDONTWANT,775,68,814.1501745046978
2,IDONTWANT,775,14,814.1501745046978
2,IDONTWANT,775,696,814.1501745046978
2,IDONTWANT,584,901,815.5730371462511
2,IDONTWANT,584,889,815.5730371462511
2,IDONTWANT,584,774,815.5730371462511
2,IDONTWANT,584,937,815.5730371462511
2,IDONTWANT,759,641,815.7124870169686
2,IDONTWANT,759,689,815.7124870169686
2,IDONTWANT,759,713,815.7124870169686
2,IDONTWANT,759,705,815.7124870169686
2,IDONTWANT,801,990,815.9745213741699
2,IDONTWANT,801,817,815.9745213741699
2,IDONTWANT,801,119,815.9745213741699
2,IDONTWANT,801,371,815.9745213741699
2,IDONTWANT,515,303,816.3197158145088
2,IDONTWANT,515,840,816.3197158145088
2,IDONTWANT,515,529,816.3197158145088
2,IDONTWANT,515,259,816.3197158145088
2,IDONTWANT,591,135,817.0728335803369
2,IDONTWANT,591,100,817.0728335803369
2,IDONTWANT,591,811,817.0728335803369
2,IDONTWANT,591,776,817.0728335803369
2,IDONTWANT,131,791,817.491355098471
2,IDONTWANT,131,100,817.491355098471
2,IDONTWANT,131,520,817.491355098471
2,IDONTWANT,131,464,817.491355098471
2,IDONTWANT,236,747,817.663541164439
2,IDONTWANT,236,775,817.663541164439
2,IDONTWANT,236,210,817.663541164439
2,IDONTWANT,236,237,817.663541164439
2,IDONTWANT,222,824,818.154327814709
2,IDONTWANT,222,16,818.154327814709
2,IDONTWANT,222,847,818.154327814709
2,IDONTWANT,222,703,818.154327814709
2,IDONTWANT,814,239,818.3508071462395
2,IDONTWANT,814,827,818.3508071462395
2,IDONTWANT,814,462,818.3508071462395
2,IDONTWANT,814,290,818.3508071462395
2,IDONTWANT,529,137,818.5931927624209
2,IDONTWANT,529,14,818.5931927624209
2,IDONTWANT,529,960,818.5931927624209
2,IDONTWANT,529,821,818.5931927624209
2,IDONTWANT,483,41,819.0267014641106
2,IDONTWANT,483,652,819.0267014641106
2,IDONTWANT,483,133,819.0267014641106
2,IDONTWANT,483,84,819.0267014641106
2,IDONTWANT,821,872,819.7076991820074
2,IDONTWANT,821,816,819.7076991820074
2,IDONTWANT,821,827,819.7076991820074
2,IDONTWANT,821,560,819.7076991820074
2,IDONTWANT,435,669,821.0152689966382
2,IDONTWANT,435,167,821.0152689966382
2,IDONTWANT,435,407,821.0152689966382
2,IDONTWANT,435,713,821.0152689966382
2,IDONTWANT,113,846,821.2304845240828
2,IDONTWANT,113,895,821.2304845240828
2,IDONTWANT,113,217,821.2304845240828
2,IDONTWANT,113,28,821.2304845240828
2,IDONTWANT,940,991,821.3949946984942
2,IDONTWANT,940,90,821.3949946984942
2,IDONTWANT,940,229,821.3949946984942
2,IDONTWANT,940,633,821.3949946984942
2,IDONTWANT,582,204,821.3950327199993
2,IDONTWANT,582,838,821.3950327199993
2,IDONTWANT,582,978,821.3950327199993
2,IDONTWANT,582,840,821.3950327199993
2,IDONTWANT,169,74,821.5453828298636
2,IDONTWANT,169,276,821.5453828298636
2,IDONTWANT,169,961,821.5453828298636
2,IDONTWANT,169,17,821.5453828298636
2,IDONTWANT,429,418,822.4261656496317
2,IDONTWANT,429,695,822.4261656496317
2,IDONTWANT,429,380,822.4261656496317
2,IDONTWANT,429,189,822.4261656496317
2,IDONTWANT,237,758,822.9581135667383
2,IDONTWANT,237,666,822.9581135667383
2,IDONTWANT,237,472,822.9581135667383
2,IDONTWANT,237,506,822.9581135667383
2,IDONTWANT,49,181,823.6517351629839
2,IDONTWANT,49,155,823.6517351629839
2,IDONTWANT,49,238,823.6517351629839
2,IDONTWANT,49,675,823.6517351629839
2,IDONTWANT,811,316,823.8091555164285
2,IDONTWANT,811,598,823.8091555164285
2,IDONTWANT,811,438,823.8091555164285
2,IDONTWANT,811,910,823.8091555164285
2,IDONTWANT,752,740,823.9010733046982
2,IDONTWANT,752,567,823.9010733046982
2,IDONTWANT,752,907,823.9010733046982
2,IDONTWANT,752,415,823.9010733046982
2,IDONTWANT,670,975,824.4915609763692
2,IDONTWANT,670,964,824.4915609763692
2,IDONTWANT,670,204,824.4915609763692
2,IDONTWANT,670,531,824.4915609763692
2,IDONTWANT,192,415,824.9264629249355
2,IDONTWANT,192,356,824.9264629249355
2,IDONTWANT,192,55,824.9264629249355
2,IDONTWANT,192,858,824.9264629249355
2,IDONTWANT,517,600,825.2431716147003
2,IDONTWANT,517,951,825.2431716147003
2,IDONTWANT,517,680,825.2431716147003
2,IDONTWANT,517,918,825.2431716147003
2,IDONTWANT,298,378,825.4256836326384
2,IDONTWANT,298,264,825.4256836326384
2,IDONTWANT,298,829,825.4256836326384
2,IDONTWANT,298,584,825.4256836326384
2,IDONTWANT,74,529,825.5318011452289
2,IDONTWANT,74,23,825.5318011452289
2,IDONTWANT,74,211,825.5318011452289
2,IDONTWANT,74,974,825.5318011452289
2,IDONTWANT,360,319,825.535650455431
2,IDONTWANT,360,681,825.535650455431
2,IDONTWANT,360,743,825.535650455431
2,IDONTWANT,360,388,825.535650455431
2,IDONTWANT,308,662,826.1117645833149
2,IDONTWANT,308,457,826.1117645833149
2,IDONTWANT,308,443,826.1117645833149
2,IDONTWANT,308,977,826.1117645833149
2,IDONTWANT,615,807,826.1690419170266
2,IDONTWANT,615,714,826.1690419170266
2,IDONTWANT,615,574,826.1690419170266
2,IDONTWANT,615,806,826.1690419170266
2,IDONTWANT,569,480,826.2130148811827
2,IDONTWANT,569,483,826.2130148811827
2,IDONTWANT,569,860,826.2130148811827
2,IDONTWANT,569,543,826.2130148811827
2,IDONTWANT,557,272,826.9834239497142
2,IDONTWANT,557,652,826.9834239497142
2,IDONTWANT,557,568,826.9834239497142
2,IDONTWANT,557,696,826.9834239497142
2,IDONTWANT,48,981,827.0471159334888
2,IDONTWANT,48,237,827.0471159334888
2,IDONTWANT,48,155,827.0471159334888
2,IDONTWANT,48,85,827.0471159334888
2,IDONTWANT,478,799,827.7795587093406
2,IDONTWANT,478,839,827.7795587093406
2,IDONTWANT,478,469,827.7795587093406
2,IDONTWANT,478,857,827.7795587093406
2,IDONTWANT,675,351,827.9885857260773
2,IDONTWANT,675,420,827.9885857260773
2,IDONTWANT,675,760,827.9885857260773
2,IDONTWANT,675,971,827.9885857260773
2,IDONTWANT,125,177,828.1685443951969
2,IDONTWANT,125,145,828.1685443951969
2,IDONTWANT,125,485,828.1685443951969
2,IDONTWANT,125,634,828.1685443951969
2,IDONTWANT,541,59,828.3373616066899
2,IDONTWANT,541,934,828.3373616066899
2,IDONTWANT,541,798,828.3373616066899
2,IDONTWANT,541,107,828.3373616066899
2,IDONTWANT,179,644,829.2745108490486
2,IDONTWANT,179,313,829.2745108490486
2,IDONTWANT,179,544,829.2745108490486
2,IDONTWANT,179,778,829.2745108490486
2,IDONTWANT,653,663,829.6299152998207
2,IDONTWANT,653,431,829.6299152998207
2,IDONTWANT,653,867,829.6299152998207
2,IDONTWANT,653,234,829.6299152998207
2,IDONTWANT,270,403,829.6566924218549
2,IDONTWANT,270,400,829.6566924218549
2,IDONTWANT,270,891,829.6566924218549
2,IDONTWANT,270,604,829.6566924218549
2,IDONTWANT,453,392,829.9488486871566
2,IDONTWANT,453,503,829.9488486871566
2,IDONTWANT,453,772,829.9488486871566
2,IDONTWANT,453,825,829.9488486871566
2,IDONTWANT,875,127,829.9619756248898
2,IDONTWANT,875,383,829.9619756248898
2,IDONTWANT,875,492,829.9619756248898
2,IDONTWANT,875,388,829.9619756248898
2,IDONTWANT,865,964,830.6529714418893
2,IDONTWANT,865,360,830.6529714418893
2,IDONTWANT,865,60,830.6529714418893
2,IDONTWANT,865,925,830.6529714418893
2,IDONTWANT,156,721,831.3382336070816
2,IDONTWANT,156,18,831.3382336070816
2,IDONTWANT,156,394,831.3382336070816
2,IDONTWANT,156,340,831.3382336070816
2,IDONTWANT,438,319,831.949518986993
2,IDONTWANT,438,764,831.949518986993
2,IDONTWANT,438,581,831.949518986993
2,IDONTWANT,438,905,831.949518986993
2,IDONTWANT,806,341,835.0288007566205
2,IDONTWANT,806,299,835.0288007566205
2,IDONTWANT,806,286,835.0288007566205
2,IDONTWANT,806,62,835.0288007566205
2,IDONTWANT,225,236,835.0803096103272
2,IDONTWANT,225,87,835.0803096103272
2,IDONTWANT,225,31,835.0803096103272
2,IDONTWANT,225,42,835.0803096103272
2,IDONTWANT,423,108,835.2079486994231
2,IDONTWANT,423,653,835.2079486994231
2,IDONTWANT,423,611,835.2079486994231
2,IDONTWANT,423,727,835.2079486994231
2,IDONTWANT,454,812,836.7310591991966
2,IDONTWANT,454,991,836.7310591991966
2,IDONTWANT,454,825,836.7310591991966
2,IDONTWANT,454,202,836.7310591991966
2,IDONTWANT,935,390,838.2432965314474
2,IDONTWANT,935,590,838.2432965314474
2,IDONTWANT,935,769,838.2432965314474
2,IDONTWANT,935,919,838.2432965314474
2,IDONTWANT,829,600,839.3568574040366
2,IDONTWANT,829,769,839.3568574040366
2,IDONTWANT,829,9,839.3568574040366
2,IDONTWANT,829,810,839.3568574040366
2,IDONTWANT,232,516,839.3635796152569
2,IDONTWANT,232,920,839.3635796152569
2,IDONTWANT,232,549,839.3635796152569
2,IDONTWANT,232,94,839.3635796152569
2,IDONTWANT,401,177,839.3924271400083
2,IDONTWANT,401,239,839.3924271400083
2,IDONTWANT,401,136,839.3924271400083
2,IDONTWANT,401,427,839.3924271400083
2,IDONTWANT,841,383,839.7003087544897
2,IDONTWANT,841,888,839.7003087544897
2,IDONTWANT,841,108,839.7003087544897
2,IDONTWANT,841,380,839.7003087544897
2,IDONTWANT,635,158,841.1190875849396
2,IDONTWANT,635,741,841.1190875849396
2,IDONTWANT,635,159,841.1190875849396
2,IDONTWANT,635,999,841.1190875849396
2,IDONTWANT,220,142,842.0170596253665
2,IDONTWANT,220,932,842.0170596253665
2,IDONTWANT,220,537,842.0170596253665
2,IDONTWANT,220,771,842.0170596253665
2,IDONTWANT,326,448,842.3586262534004
2,IDONTWANT,326,716,842.3586262534004
2,IDONTWANT,326,783,842.3586262534004
2,IDONTWANT,326,114,842.3586262534004
2,IDONTWANT,14,106,842.8964872644013
2,IDONTWANT,14,596,842.8964872644013
2,IDONTWANT,14,585,842.8964872644013
2,IDONTWANT,14,655,842.8964872644013
2,IDONTWANT,186,675,843.0498295803076
2,IDONTWANT,186,839,843.0498295803076
2,IDONTWANT,186,666,843.0498295803076
2,IDONTWANT,186,443,843.0498295803076
2,IDONTWANT,666,335,845.5326166781045
2,IDONTWANT,666,797,845.5326166781045
2,IDONTWANT,666,10,845.5326166781045
2,IDONTWANT,666,398,845.5326166781045
2,IDONTWANT,827,58,845.6999665676249
2,IDONTWANT,827,693,845.6999665676249
2,IDONTWANT,827,404,845.6999665676249
2,IDONTWANT,827,476,845.6999665676249
2,IDONTWANT,898,806,846.2045302577123
2,IDONTWANT,898,684,846.2045302577123
2,IDONTWANT,898,948,846.2045302577123
2,IDONTWANT,898,216,846.2045302577123
2,IDONTWANT,57,922,846.937277444145
2,IDONTWANT,57,892,846.937277444145
2,IDONTWANT,57,799,846.937277444145
2,IDONTWANT,57,975,846.937277444145
2,IDONTWANT,998,166,847.8953469207846
2,IDONTWANT,998,882,847.8953469207846
2,IDONTWANT,998,974,847.8953469207846
2,IDONTWANT,998,244,847.8953469207846
2,IDONTWANT,527,604,848.2835568539737
2,IDONTWANT,527,136,848.2835568539737
2,IDONTWANT,527,209,848.2835568539737
2,IDONTWANT,527,375,848.2835568539737
2,IDONTWANT,997,405,848.7518408738259
2,IDONTWANT,997,12,848.7518408738259
2,IDONTWANT,997,946,848.7518408738259
2,IDONTWANT,997,361,848.7518408738259
2,IDONTWANT,88,287,848.9036933720748
2,IDONTWANT,88,484,848.9036933720748
2,IDONTWANT,88,266,848.9036933720748
2,IDONTWANT,88,199,848.9036933720748
2,IDONTWANT,714,926,852.0609569956537
2,IDONTWANT,714,412,852.0609569956537
2,IDONTWANT,714,811,852.0609569956537
2,IDONTWANT,714,547,852.0609569956537
2,IDONTWANT,335,722,854.438704479411
2,IDONTWANT,335,666,854.438704479411
2,IDONTWANT,335,314,854.438704479411
2,IDONTWANT,335,56,854.438704479411
2,IDONTWANT,133,935,855.3520133371109
2,IDONTWANT,133,64,855.3520133371109
2,IDONTWANT,133,454,855.3520133371109
2,IDONTWANT,133,334,855.3520133371109
2,IDONTWANT,282,956,855.5614568266527
2,IDONTWANT,282,750,855.5614568266527
2,IDONTWANT,282,421,855.5614568266527
2,IDONTWANT,282,462,855.5614568266527
2,IDONTWANT,259,721,856.0033454663816
2,IDONTWANT,259,374,856.0033454663816
2,IDONTWANT,259,236,856.0033454663816
2,IDONTWANT,259,510,856.0033454663816
2,IDONTWANT,296,249,856.9301792671107
2,IDONTWANT,296,92,856.9301792671107
2,IDONTWANT,296,178,856.9301792671107
2,IDONTWANT,296,351,856.9301792671107
2,IDONTWANT,10,227,857.4891170314698
2,IDONTWANT,10,48,857.4891170314698
2,IDONTWANT,10,571,857.4891170314698
2,IDONTWANT,10,880,857.4891170314698
2,IDONTWANT,321,87,857.963062872386
2,IDONTWANT,321,565,857.963062872386
2,IDONTWANT,321,796,857.963062872386
2,IDONTWANT,321,40,857.963062872386
2,IDONTWANT,116,266,857.9847320050794
2,IDONTWANT,116,558,857.9847320050794
2,IDONTWANT,116,430,857.9847320050794
2,IDONTWANT,116,855,857.9847320050794
2,IDONTWANT,269,297,859.4342298955123
2,IDONTWANT,269,259,859.4342298955123
2,IDONTWANT,269,382,859.4342298955123
2,IDONTWANT,269,66,859.4342298955123
2,IDONTWANT,938,525,860.9645746935415
2,IDONTWANT,938,26,860.9645746935415
2,IDONTWANT,938,543,860.9645746935415
2,IDONTWANT,938,823,860.9645746935415
2,IDONTWANT,127,334,861.8204426735523
2,IDONTWANT,127,699,861.8204426735523
2,IDONTWANT,127,531,861.8204426735523
2,IDONTWANT,127,544,861.8204426735523
2,IDONTWANT,888,146,861.9538424798099
2,IDONTWANT,888,339,861.9538424798099
2,IDONTWANT,888,226,861.9538424798099
2,IDONTWANT,888,753,861.9538424798099
2,IDONTWANT,853,85,862.8732102608298
2,IDONTWANT,853,28,862.8732102608298
2,IDONTWANT,853,52,862.8732102608298
2,IDONTWANT,853,35,862.8732102608298
2,IDONTWANT,579,659,864.4440525830823
2,IDONTWANT,579,650,864.4440525830823
2,IDONTWANT,579,43,864.4440525830823
2,IDONTWANT,579,714,864.4440525830823
2,IDONTWANT,912,863,864.4885894376744
2,IDONTWANT,912,184,864.4885894376744
2,IDONTWANT,912,534,864.4885894376744
2,IDONTWANT,912,788,864.4885894376744
2,IDONTWANT,901,994,865.8650108359279
2,IDONTWANT,901,373,865.8650108359279
2,IDONTWANT,901,442,865.8650108359279
2,IDONTWANT,901,267,865.8650108359279
2,IDONTWANT,13,574,867.9001518940855
2,IDONTWANT,13,836,867.9001518940855
2,IDONTWANT,13,699,867.9001518940855
2,IDONTWANT,13,186,867.9001518940855
2,IDONTWANT,52,4,869.6956200027355
2,IDONTWANT,52,150,869.6956200027355
2,IDONTWANT,52,430,869.6956200027355
2,IDONTWANT,52,548,869.6956200027355
2,IDONTWANT,885,643,873.8740464387076
2,IDONTWANT,885,76,873.8740464387076
2,IDONTWANT,885,463,873.8740464387076
2,IDONTWANT,885,996,873.8740464387076
2,IDONTWANT,99,769,874.6645439589615
2,IDONTWANT,99,205,874.6645439589615
2,IDONTWANT,99,490,874.6645439589615
2,IDONTWANT,99,911,874.6645439589615
2,IDONTWANT,577,353,876.34484908452
2,IDONTWANT,577,145,876.34484908452
2,IDONTWANT,577,718,876.34484908452
2,IDONTWANT,577,29,876.34484908452
2,IDONTWANT,246,101,876.715737593246
2,IDONTWANT,246,709,876.715737593246
2,IDONTWANT,246,222,876.715737593246
2,IDONTWANT,246,692,876.715737593246
2,IDONTWANT,177,993,877.8320728960032
2,IDONTWANT,177,165,877.8320728960032
2,IDONTWANT,177,269,877.8320728960032
2,IDONTWANT,177,51,877.8320728960032
2,IDONTWANT,492,815,879.8393121137663
2,IDONTWANT,492,169,879.8393121137663
2,IDONTWANT,492,703,879.8393121137663
2,IDONTWANT,492,808,879.8393121137663
2,IDONTWANT,816,274,880.1743158045542
2,IDONTWANT,816,432,880.1743158045542
2,IDONTWANT,816,161,880.1743158045542
2,IDONTWANT,816,600,880.1743158045542
2,IDONTWANT,70,500,880.746360486182
2,IDONTWANT,70,478,880.746360486182
2,IDONTWANT,70,492,880.746360486182
2,IDONTWANT,70,496,880.746360486182
2,IDONTWANT,613,510,881.3926229781597
2,IDONTWANT,613,169,881.3926229781597
2,IDONTWANT,613,112,881.3926229781597
2,IDONTWANT,613,962,881.3926229781597
2,IDONTWANT,221,517,881.5150733018927
2,IDONTWANT,221,583,881.5150733018927
2,IDONTWANT,221,855,881.5150733018927
2,IDONTWANT,221,833,881.5150733018927
2,IDONTWANT,689,649,884.0643737699864
2,IDONTWANT,689,197,884.0643737699864
2,IDONTWANT,689,480,884.0643737699864
2,IDONTWANT,689,657,884.0643737699864
2,IDONTWANT,440,885,884.8203479892628
2,IDONTWANT,440,786,884.8203479892628
2,IDONTWANT,440,822,884.8203479892628
2,IDONTWANT,440,372,884.8203479892628
2,IDONTWANT,621,438,884.9775747753494
2,IDONTWANT,621,923,884.9775747753494
2,IDONTWANT,621,558,884.9775747753494
2,IDONTWANT,621,513,884.9775747753494
2,IDONTWANT,301,764,886.3074224167719
2,IDONTWANT,301,537,886.3074224167719
2,IDONTWANT,301,215,886.3074224167719
2,IDONTWANT,301,386,886.3074224167719
2,IDONTWANT,333,487,886.4905970676936
2,IDONTWANT,333,539,886.4905970676936
2,IDONTWANT,333,240,886.4905970676936
2,IDONTWANT,333,561,886.4905970676936
2,IDONTWANT,381,3,887.0050843695766
2,IDONTWANT,381,739,887.0050843695766
2,IDONTWANT,381,774,887.0050843695766
2,IDONTWANT,381,610,887.0050843695766
2,IDONTWANT,881,957,887.8355512029036
2,IDONTWANT,881,633,887.8355512029036
2,IDONTWANT,881,888,887.8355512029036
2,IDONTWANT,881,382,887.8355512029036
2,IDONTWANT,834,854,888.3446104365609
2,IDONTWANT,834,534,888.3446104365609
2,IDONTWANT,834,328,888.3446104365609
2,IDONTWANT,834,488,888.3446104365609
2,IDONTWANT,181,689,890.864737522134
2,IDONTWANT,181,183,890.864737522134
2,IDONTWANT,181,278,890.864737522134
2,IDONTWANT,181,356,890.864737522134
2,IDONTWANT,462,630,891.5224619491511
2,IDONTWANT,462,867,891.5224619491511
2,IDONTWANT,462,200,891.5224619491511
2,IDONTWANT,462,850,891.5224619491511
2,IDONTWANT,620,380,891.5476822786447
2,IDONTWANT,620,211,891.5476822786447
2,IDONTWANT,620,310,891.5476822786447
2,IDONTWANT,620,269,891.5476822786447
2,IDONTWANT,874,331,892.137712892828
2,IDONTWANT,874,380,892.137712892828
2,IDONTWANT,874,263,892.137712892828
2,IDONTWANT,874,399,892.137712892828
2,IDONTWANT,755,194,893.8483237986002
2,IDONTWANT,755,842,893.8483237986002
2,IDONTWANT,755,944,893.8483237986002
2,IDONTWANT,755,486,893.8483237986002
2,IDONTWANT,212,874,894.2551094120241
2,IDONTWANT,212,769,894.2551094120241
2,IDONTWANT,212,158,894.2551094120241
2,IDONTWANT,212,674,894.2551094120241
2,IDONTWANT,511,271,894.5985578442684
2,IDONTWANT,511,384,894.5985578442684
2,IDONTWANT,511,377,894.5985578442684
2,IDONTWANT,511,592,894.5985578442684
2,IDONTWANT,413,102,894.6762026230172
2,IDONTWANT,413,670,894.6762026230172
2,IDONTWANT,413,476,894.6762026230172
2,IDONTWANT,413,37,894.6762026230172
2,IDONTWANT,956,961,898.3991468340423
2,IDONTWANT,956,650,898.3991468340423
2,IDONTWANT,956,398,898.3991468340423
2,IDONTWANT,956,710,898.3991468340423
2,IDONTWANT,947,719,899.7431225587719
2,IDONTWANT,947,454,899.7431225587719
2,IDONTWANT,947,105,899.7431225587719
2,IDONTWANT,947,359,899.7431225587719
2,IDONTWANT,871,962,900.1749255190211
2,IDONTWANT,871,203,900.1749255190211
2,IDONTWANT,871,693,900.1749255190211
2,IDONTWANT,871,766,900.1749255190211
2,IDONTWANT,921,861,900.3491783885875
2,IDONTWANT,921,738,900.3491783885875
2,IDONTWANT,921,939,900.3491783885875
2,IDONTWANT,921,56,900.3491783885875
2,IDONTWANT,573,217,902.3561801360611
2,IDONTWANT,573,400,902.3561801360611
2,IDONTWANT,573,638,902.3561801360611
2,IDONTWANT,573,600,902.3561801360611
2,IDONTWANT,265,861,903.3629148123929
2,IDONTWANT,265,340,903.3629148123929
2,IDONTWANT,265,1,903.3629148123929
2,IDONTWANT,265,333,903.3629148123929
2,IDONTWANT,638,335,904.4277190794219
2,IDONTWANT,638,979,904.4277190794219
2,IDONTWANT,638,193,904.4277190794219
2,IDONTWANT,638,264,904.4277190794219
2,IDONTWANT,858,122,905.228418860784
2,IDONTWANT,858,723,905.228418860784
2,IDONTWANT,858,983,905.228418860784
2,IDONTWANT,858,92,905.228418860784
2,IDONTWANT,449,587,907.0293826249903
2,IDONTWANT,449,638,907.0293826249903
2,IDONTWANT,449,950,907.0293826249903
2,IDONTWANT,449,379,907.0293826249903
2,IDONTWANT,780,155,907.1209170289379
2,IDONTWANT,780,641,907.1209170289379
2,IDONTWANT,780,15,907.1209170289379
2,IDONTWANT,780,437,907.1209170289379
2,IDONTWANT,278,439,907.7764401324453
2,IDONTWANT,278,906,907.7764401324453
2,IDONTWANT,278,29,907.7764401324453
2,IDONTWANT,278,832,907.7764401324453
2,IDONTWANT,668,108,907.8040554512068
2,IDONTWANT,668,39,907.8040554512068
2,IDONTWANT,668,257,907.8040554512068
2,IDONTWANT,668,556,907.8040554512068
2,IDONTWANT,851,134,909.9996340521357
2,IDONTWANT,851,260,909.9996340521357
2,IDONTWANT,851,864,909.9996340521357
2,IDONTWANT,851,38,909.9996340521357
2,IDONTWANT,877,146,910.0605722467669
2,IDONTWANT,877,937,910.0605722467669
2,IDONTWANT,877,693,910.0605722467669
2,IDONTWANT,877,914,910.0605722467669
2,IDONTWANT,571,447,911.2953769237307
2,IDONTWANT,571,979,911.2953769237307
2,IDONTWANT,571,743,911.2953769237307
2,IDONTWANT,571,239,911.2953769237307
2,IDONTWANT,165,152,911.8836344614554
2,IDONTWANT,165,550,911.8836344614554
2,IDONTWANT,165,942,911.8836344614554
2,IDONTWANT,165,528,911.8836344614554
2,IDONTWANT,606,769,912.4798870000265
2,IDONTWANT,606,55,912.4798870000265
2,IDONTWANT,606,4,912.4798870000265
2,IDONTWANT,606,356,912.4798870000265
2,IDONTWANT,630,792,912.544142330076
2,IDONTWANT,630,263,912.544142330076
2,IDONTWANT,630,593,912.544142330076
2,IDONTWANT,630,236,912.544142330076
2,IDONTWANT,863,989,912.9370639778405
2,IDONTWANT,863,240,912.9370639778405
2,IDONTWANT,863,738,912.9370639778405
2,IDONTWANT,863,227,912.9370639778405
2,IDONTWANT,170,650,913.7748131166217
2,IDONTWANT,170,90,913.7748131166217
2,IDONTWANT,170,821,913.7748131166217
2,IDONTWANT,170,267,913.7748131166217
2,IDONTWANT,38,356,914.375886054271
2,IDONTWANT,38,23,914.375886054271
2,IDONTWANT,38,964,914.375886054271
2,IDONTWANT,38,473,914.375886054271
2,IDONTWANT,693,836,916.8203969861066
2,IDONTWANT,693,423,916.8203969861066
2,IDONTWANT,693,479,916.8203969861066
2,IDONTWANT,693,301,916.8203969861066
2,IDONTWANT,325,642,917.30310455537
2,IDONTWANT,325,257,917.30310455537
2,IDONTWANT,325,541,917.30310455537
2,IDONTWANT,325,652,917.30310455537
2,IDONTWANT,242,340,917.8611841234326
2,IDONTWANT,242,261,917.8611841234326
2,IDONTWANT,242,668,917.8611841234326
2,IDONTWANT,242,762,917.8611841234326
2,IDONTWANT,9,591,917.8715281889018
2,IDONTWANT,9,600,917.8715281889018
2,IDONTWANT,9,407,917.8715281889018
2,IDONTWANT,9,51,917.8715281889018
2,IDONTWANT,677,401,918.2744374659168
2,IDONTWANT,677,526,918.2744374659168
2,IDONTWANT,677,782,918.2744374659168
2,IDONTWANT,677,956,918.2744374659168
2,IDONTWANT,726,252,920.8763575640054
2,IDONTWANT,726,510,920.8763575640054
2,IDONTWANT,726,168,920.8763575640054
2,IDONTWANT,726,552,920.8763575640054
2,IDONTWANT,583,546,920.9769288378814
2,IDONTWANT,583,913,920.9769288378814
2,IDONTWANT,583,681,920.9769288378814
2,IDONTWANT,583,67,920.9769288378814
2,IDONTWANT,686,821,922.4531336821602
2,IDONTWANT,686,984,922.4531336821602
2,IDONTWANT,686,401,922.4531336821602
2,IDONTWANT,686,473,922.4531336821602
2,IDONTWANT,961,343,923.6726011105065
2,IDONTWANT,961,732,923.6726011105065
2,IDONTWANT,961,446,923.6726011105065
2,IDONTWANT,961,863,923.6726011105065
2,IDONTWANT,369,382,924.2168542515413
2,IDONTWANT,369,555,924.2168542515413
2,IDONTWANT,369,942,924.2168542515413
2,IDONTWANT,369,458,924.2168542515413
2,IDONTWANT,230,502,927.0826690838927
2,IDONTWANT,230,271,927.0826690838927
2,IDONTWANT,230,3,927.0826690838927
2,IDONTWANT,230,468,927.0826690838927
2,IDONTWANT,713,354,927.2374438633192
2,IDONTWANT,713,804,927.2374438633192
2,IDONTWANT,713,156,927.2374438633192
2,IDONTWANT,713,213,927.2374438633192
2,IDONTWANT,941,186,930.3021028127573
2,IDONTWANT,941,171,930.3021028127573
2,IDONTWANT,941,105,930.3021028127573
2,IDONTWANT,941,319,930.3021028127573
2,IDONTWANT,989,294,931.3642254466914
2,IDONTWANT,989,859,931.3642254466914
2,IDONTWANT,989,465,931.3642254466914
2,IDONTWANT,989,624,931.3642254466914
2,IDONTWANT,33,968,931.6273891385691
2,IDONTWANT,33,277,931.6273891385691
2,IDONTWANT,33,486,931.6273891385691
2,IDONTWANT,33,714,931.6273891385691
2,IDONTWANT,887,488,933.0464784951384
2,IDONTWANT,887,118,933.0464784951384
2,IDONTWANT,887,643,933.0464784951384
2,IDONTWANT,887,374,933.0464784951384
2,IDONTWANT,441,660,933.881830554562
2,IDONTWANT,441,201,933.881830554562
2,IDONTWANT,441,400,933.881830554562
2,IDONTWANT,441,746,933.881830554562
2,IDONTWANT,388,951,934.0626723495644
2,IDONTWANT,388,509,934.0626723495644
2,IDONTWANT,388,187,934.0626723495644
2,IDONTWANT,388,8,934.0626723495644
2,IDONTWANT,794,905,934.506174119247
2,IDONTWANT,794,666,934.506174119247
2,IDONTWANT,794,703,934.506174119247
2,IDONTWANT,794,837,934.506174119247
2,IDONTWANT,657,185,935.4625389021454
2,IDONTWANT,657,656,935.4625389021454
2,IDONTWANT,657,127,935.4625389021454
2,IDONTWANT,657,464,935.4625389021454
2,IDONTWANT,439,365,939.1702232013552
2,IDONTWANT,439,424,939.1702232013552
2,IDONTWANT,439,426,939.1702232013552
2,IDONTWANT,439,18,939.1702232013552
2,IDONTWANT,890,566,939.8564191513219
2,IDONTWANT,890,911,939.8564191513219
2,IDONTWANT,890,148,939.8564191513219
2,IDONTWANT,890,449,939.8564191513219
2,IDONTWANT,112,143,941.1528052950918
2,IDONTWANT,112,445,941.1528052950918
2,IDONTWANT,112,893,941.1528052950918
2,IDONTWANT,112,200,941.1528052950918
2,IDONTWANT,184,565,941.7376880672457
2,IDONTWANT,184,195,941.7376880672457
2,IDONTWANT,184,527,941.7376880672457
2,IDONTWANT,184,487,941.7376880672457
2,IDONTWANT,400,511,941.8003818494773
2,IDONTWANT,400,727,941.8003818494773
2,IDONTWANT,400,996,941.8003818494773
2,IDONTWANT,400,458,941.8003818494773
2,IDONTWANT,503,335,942.2795740287632
2,IDONTWANT,503,917,942.2795740287632
2,IDONTWANT,503,385,942.2795740287632
2,IDONTWANT,503,172,942.2795740287632
2,IDONTWANT,837,825,942.7418090952108
2,IDONTWANT,837,717,942.7418090952108
2,IDONTWANT,837,296,942.7418090952108
2,IDONTWANT,837,371,942.7418090952108
2,IDONTWANT,330,1,943.4579675952277
2,IDONTWANT,330,10,943.4579675952277
2,IDONTWANT,330,551,943.4579675952277
2,IDONTWANT,330,308,943.4579675952277
2,IDONTWANT,931,456,946.9980313529144
2,IDONTWANT,931,992,946.9980313529144
2,IDONTWANT,931,528,946.9980313529144
2,IDONTWANT,931,73,946.9980313529144
2,IDONTWANT,715,171,948.0008786156957
2,IDONTWANT,715,624,948.0008786156957
2,IDONTWANT,715,913,948.0008786156957
2,IDONTWANT,715,704,948.0008786156957
2,IDONTWANT,262,504,948.2768339027414
2,IDONTWANT,262,698,948.2768339027414
2,IDONTWANT,262,462,948.2768339027414
2,IDONTWANT,262,416,948.2768339027414
2,IDONTWANT,869,779,956.7506339408957
2,IDONTWANT,869,495,956.7506339408957
2,IDONTWANT,869,57,956.7506339408957
2,IDONTWANT,869,103,956.7506339408957
2,IDONTWANT,680,391,959.4529014298353
2,IDONTWANT,680,409,959.4529014298353
2,IDONTWANT,680,62,959.4529014298353
2,IDONTWANT,680,13,959.4529014298353
2,IDONTWANT,456,44,959.4705056052294
2,IDONTWANT,456,999,959.4705056052294
2,IDONTWANT,456,935,959.4705056052294
2,IDONTWANT,456,495,959.4705056052294
2,IDONTWANT,951,286,960.6677807393894
2,IDONTWANT,951,112,960.6677807393894
2,IDONTWANT,951,124,960.6677807393894
2,IDONTWANT,951,415,960.6677807393894
2,IDONTWANT,299,206,964.0410428159365
2,IDONTWANT,299,909,964.0410428159365
2,IDONTWANT,299,20,964.0410428159365
2,IDONTWANT,299,768,964.0410428159365
2,IDONTWANT,291,171,966.8320604925185
2,IDONTWANT,291,659,966.8320604925185
2,IDONTWANT,291,165,966.8320604925185
2,IDONTWANT,291,76,966.8320604925185
2,IDONTWANT,807,636,968.3529429441683
2,IDONTWANT,807,998,968.3529429441683
2,IDONTWANT,807,666,968.3529429441683
2,IDONTWANT,807,720,968.3529429441683
2,IDONTWANT,658,442,970.880767710464
2,IDONTWANT,658,320,970.880767710464
2,IDONTWANT,658,266,970.880767710464
2,IDONTWANT,658,643,970.880767710464
2,IDONTWANT,595,49,972.0972075533962
2,IDONTWANT,595,733,972.0972075533962
2,IDONTWANT,595,779,972.0972075533962
2,IDONTWANT,595,376,972.0972075533962
2,IDONTWANT,75,975,973.1908401998837
2,IDONTWANT,75,541,973.1908401998837
2,IDONTWANT,75,371,973.1908401998837
2,IDONTWANT,75,151,973.1908401998837
2,IDONTWANT,83,831,973.6856079197622
2,IDONTWANT,83,808,973.6856079197622
2,IDONTWANT,83,777,973.6856079197622
2,IDONTWANT,83,874,973.6856079197622
2,IDONTWANT,646,34,973.7359006796028
2,IDONTWANT,646,12,973.7359006796028
2,IDONTWANT,646,408,973.7359006796028
2,IDONTWANT,646,875,973.7359006796028
2,IDONTWANT,407,756,977.6663798609687
2,IDONTWANT,407,266,977.6663798609687
2,IDONTWANT,407,203,977.6663798609687
2,IDONTWANT,407,450,977.6663798609687
2,IDONTWANT,790,570,977.7198121717809
2,IDONTWANT,790,726,977.7198121717809
2,IDONTWANT,790,510,977.7198121717809
2,IDONTWANT,790,471,977.7198121717809
2,IDONTWANT,469,689,982.01281754841
2,IDONTWANT,469,39,982.01281754841
2,IDONTWANT,469,684,982.01281754841
2,IDONTWANT,469,859,982.01281754841
2,IDONTWANT,664,530,983.3770560256531
2,IDONTWANT,664,692,983.3770560256531
2,IDONTWANT,664,677,983.3770560256531
2,IDONTWANT,664,953,983.3770560256531
2,IDONTWANT,426,208,984.6668344427053
2,IDONTWANT,426,261,984.6668344427053
2,IDONTWANT,426,39,984.6668344427053
2,IDONTWANT,426,614,984.6668344427053
2,IDONTWANT,944,715,988.7681981912671
2,IDONTWANT,944,756,988.7681981912671
2,IDONTWANT,944,199,988.7681981912671
2,IDONTWANT,944,267,988.7681981912671
2,IDONTWANT,234,755,989.733052987945
2,IDONTWANT,234,486,989.733052987945
2,IDONTWANT,234,259,989.733052987945
2,IDONTWANT,234,829,989.733052987945
2,IDONTWANT,151,853,997.8502586433677
2,IDONTWANT,151,230,997.8502586433677
2,IDONTWANT,151,166,997.8502586433677
2,IDONTWANT,151,724,997.8502586433677
2,IDONTWANT,694,779,998.9171062838899
2,IDONTWANT,694,561,998.9171062838899
2,IDONTWANT,694,665,998.9171062838899
2,IDONTWANT,694,128,998.9171062838899
2,IDONTWANT,361,860,999.2935972992445
2,IDONTWANT,361,383,999.2935972992445
2,IDONTWANT,361,339,999.2935972992445
2,IDONTWANT,361,454,999.2935972992445
2,IDONTWANT,450,755,999.2954278164625
2,IDONTWANT,450,517,999.2954278164625
2,IDONTWANT,450,175,999.2954278164625
2,IDONTWANT,450,149,999.2954278164625
2,IDONTWANT,737,920,1002.2867322801966
2,IDONTWANT,737,147,1002.2867322801966
2,IDONTWANT,737,34,1002.2867322801966
2,IDONTWANT,737,218,1002.2867322801966
2,IDONTWANT,594,359,1006.1198396311692
2,IDONTWANT,594,262,1006.1198396311692
2,IDONTWANT,594,953,1006.1198396311692
2,IDONTWANT,594,289,1006.1198396311692
2,IDONTWANT,533,411,1009.4023361443556
2,IDONTWANT,533,832,1009.4023361443556
2,IDONTWANT,533,270,1009.4023361443556
2,IDONTWANT,533,991,1009.4023361443556
2,IDONTWANT,71,320,1011.6075780504259
2,IDONTWANT,71,88,1011.6075780504259
2,IDONTWANT,71,148,1011.6075780504259
2,IDONTWANT,71,105,1011.6075780504259
2,IDONTWANT,314,953,1013.1200418289715
2,IDONTWANT,314,950,1013.1200418289715
2,IDONTWANT,314,951,1013.1200418289715
2,IDONTWANT,314,846,1013.1200418289715
2,IDONTWANT,56,693,1013.6912345283589
2,IDONTWANT,56,758,1013.6912345283589
2,IDONTWANT,56,55,1013.6912345283589
2,IDONTWANT,56,468,1013.6912345283589
2,IDONTWANT,857,612,1013.8974295270718
2,IDONTWANT,857,655,1013.8974295270718
2,IDONTWANT,857,406,1013.8974295270718
2,IDONTWANT,857,945,1013.8974295270718
2,IDONTWANT,493,739,1016.0667387129831
2,IDONTWANT,493,953,1016.0667387129831
2,IDONTWANT,493,226,1016.0667387129831
2,IDONTWANT,493,67,1016.0667387129831
2,IDONTWANT,424,635,1021.2899690344124
2,IDONTWANT,424,358,1021.2899690344124
2,IDONTWANT,424,222,1021.2899690344124
2,IDONTWANT,424,38,1021.2899690344124
2,IDONTWANT,336,22,1023.4983446574628
2,IDONTWANT,336,198,1023.4983446574628
2,IDONTWANT,336,511,1023.4983446574628
2,IDONTWANT,336,907,1023.4983446574628
2,IDONTWANT,395,253,1023.9765747999322
2,IDONTWANT,395,418,1023.9765747999322
2,IDONTWANT,395,66,1023.9765747999322
2,IDONTWANT,395,666,1023.9765747999322
2,IDONTWANT,679,652,1025.468174037243
2,IDONTWANT,679,57,1025.468174037243
2,IDONTWANT,679,258,1025.468174037243
2,IDONTWANT,679,280,1025.468174037243
2,IDONTWANT,691,987,1026.7390336458197
2,IDONTWANT,691,149,1026.7390336458197
2,IDONTWANT,691,361,1026.7390336458197
2,IDONTWANT,691,682,1026.7390336458197
2,IDONTWANT,895,502,1032.5539699886028
2,IDONTWANT,895,111,1032.5539699886028
2,IDONTWANT,895,325,1032.5539699886028
2,IDONTWANT,895,467,1032.5539699886028
2,IDONTWANT,354,53,1033.1493398259236
2,IDONTWANT,354,727,1033.1493398259236
2,IDONTWANT,354,61,1033.1493398259236
2,IDONTWANT,354,188,1033.1493398259236
2,IDONTWANT,560,658,1035.7328794242933
2,IDONTWANT,560,951,1035.7328794242933
2,IDONTWANT,560,989,1035.7328794242933
2,IDONTWANT,560,916,1035.7328794242933
2,IDONTWANT,985,450,1036.3946715507718
2,IDONTWANT,985,126,1036.3946715507718
2,IDONTWANT,985,523,1036.3946715507718
2,IDONTWANT,985,134,1036.3946715507718
2,IDONTWANT,805,278,1036.4500078245935
2,IDONTWANT,805,803,1036.4500078245935
2,IDONTWANT,805,772,1036.4500078245935
2,IDONTWANT,805,580,1036.4500078245935
2,IDONTWANT,482,452,1038.5619408016348
2,IDONTWANT,482,517,1038.5619408016348
2,IDONTWANT,482,523,1038.5619408016348
2,IDONTWANT,482,673,1038.5619408016348
2,IDONTWANT,245,498,1040.6040322011063
2,IDONTWANT,245,276,1040.6040322011063
2,IDONTWANT,245,996,1040.6040322011063
2,IDONTWANT,245,689,1040.6040322011063
2,IDONTWANT,703,675,1043.7347598820495
2,IDONTWANT,703,919,1043.7347598820495
2,IDONTWANT,703,371,1043.7347598820495
2,IDONTWANT,703,156,1043.7347598820495
2,IDONTWANT,746,515,1044.5921690140365
2,IDONTWANT,746,278,1044.5921690140365
2,IDONTWANT,746,894,1044.5921690140365
2,IDONTWANT,746,518,1044.5921690140365
2,IDONTWANT,437,314,1044.9720614682158
2,IDONTWANT,437,427,1044.9720614682158
2,IDONTWANT,437,977,1044.9720614682158
2,IDONTWANT,437,52,1044.9720614682158
2,IDONTWANT,958,538,1051.2787470094934
2,IDONTWANT,958,37,1051.2787470094934
2,IDONTWANT,958,405,1051.2787470094934
2,IDONTWANT,958,994,1051.2787470094934
2,IDONTWANT,329,267,1054.574593958614
2,IDONTWANT,329,228,1054.574593958614
2,IDONTWANT,329,810,1054.574593958614
2,IDONTWANT,329,616,1054.574593958614
2,IDONTWANT,24,460,1060.3955666639797
2,IDONTWANT,24,295,1060.3955666639797
2,IDONTWANT,24,624,1060.3955666639797
2,IDONTWANT,24,75,1060.3955666639797
2,IDONTWANT,649,22,1063.5335723515514
2,IDONTWANT,649,145,1063.5335723515514
2,IDONTWANT,649,263,1063.5335723515514
2,IDONTWANT,649,618,1063.5335723515514
2,IDONTWANT,339,948,1079.0675089008143
2,IDONTWANT,339,380,1079.0675089008143
2,IDONTWANT,339,232,1079.0675089008143
2,IDONTWANT,339,505,1079.0675089008143
2,IDONTWANT,513,83,1082.7019097782188
2,IDONTWANT,513,452,1082.7019097782188
2,IDONTWANT,513,235,1082.7019097782188
2,IDONTWANT,513,180,1082.7019097782188
2,IDONTWANT,676,467,1086.8542363686165
2,IDONTWANT,676,215,1086.8542363686165
2,IDONTWANT,676,701,1086.8542363686165
2,IDONTWANT,676,188,1086.8542363686165
2,IDONTWANT,575,148,1086.9708480538359
2,IDONTWANT,575,33,1086.9708480538359
2,IDONTWANT,575,27,1086.9708480538359
2,IDONTWANT,575,114,1086.9708480538359
2,IDONTWANT,387,441,1087.8787015665457
2,IDONTWANT,387,835,1087.8787015665457
2,IDONTWANT,387,506,1087.8787015665457
2,IDONTWANT,387,135,1087.8787015665457
2,IDONTWANT,110,819,1093.2782876071265
2,IDONTWANT,110,995,1093.2782876071265
2,IDONTWANT,110,744,1093.2782876071265
2,IDONTWANT,110,666,1093.2782876071265
2,IDONTWANT,767,806,1097.3573311365014
2,IDONTWANT,767,316,1097.3573311365014
2,IDONTWANT,767,575,1097.3573311365014
2,IDONTWANT,767,727,1097.3573311365014
2,IDONTWANT,784,483,1098.8380180182342
2,IDONTWANT,784,18,1098.8380180182342
2,IDONTWANT,784,282,1098.8380180182342
2,IDONTWANT,784,736,1098.8380180182342
2,IDONTWANT,688,796,1111.9202688187952
2,IDONTWANT,688,70,1111.9202688187952
2,IDONTWANT,688,830,1111.9202688187952
2,IDONTWANT,688,818,1111.9202688187952
2,IDONTWANT,117,135,1125.2766633557997
2,IDONTWANT,117,62,1125.2766633557997
2,IDONTWANT,117,932,1125.2766633557997
2,IDONTWANT,117,758,1125.2766633557997
2,IDONTWANT,602,579,1130.7491489067888
2,IDONTWANT,602,221,1130.7491489067888
2,IDONTWANT,602,732,1130.7491489067888
2,IDONTWANT,602,883,1130.7491489067888
2,IDONTWANT,556,866,1133.5515615003144
2,IDONTWANT,556,269,1133.5515615003144
2,IDONTWANT,556,729,1133.5515615003144
2,IDONTWANT,556,53,1133.5515615003144
2,IDONTWANT,777,675,1134.236049079168
2,IDONTWANT,777,159,1134.236049079168
2,IDONTWANT,777,486,1134.236049079168
2,IDONTWANT,777,789,1134.236049079168
2,IDONTWANT,586,252,1138.6386726116743
2,IDONTWANT,586,210,1138.6386726116743
2,IDONTWANT,586,208,1138.6386726116743
2,IDONTWANT,586,114,1138.6386726116743
2,IDONTWANT,118,363,1141.73707902357
2,IDONTWANT,118,920,1141.73707902357
2,IDONTWANT,118,470,1141.73707902357
2,IDONTWANT,118,679,1141.73707902357
2,IDONTWANT,548,49,1142.3833202002256
2,IDONTWANT,548,911,1142.3833202002256
2,IDONTWANT,548,742,1142.3833202002256
2,IDONTWANT,548,802,1142.3833202002256
2,IDONTWANT,231,817,1142.643013942921
2,IDONTWANT,231,71,1142.643013942921
2,IDONTWANT,231,767,1142.643013942921
2,IDONTWANT,231,955,1142.643013942921
2,IDONTWANT,899,573,1144.959622405465
2,IDONTWANT,899,488,1144.959622405465
2,IDONTWANT,899,855,1144.959622405465
2,IDONTWANT,899,293,1144.959622405465
2,IDONTWANT,420,381,1146.0773762793435
2,IDONTWANT,420,525,1146.0773762793435
2,IDONTWANT,420,887,1146.0773762793435
2,IDONTWANT,420,182,1146.0773762793435
2,IDONTWANT,551,935,1160.2916372263546
2,IDONTWANT,551,476,1160.2916372263546
2,IDONTWANT,551,82,1160.2916372263546
2,IDONTWANT,551,760,1160.2916372263546
2,IDONTWANT,292,212,1160.694174932552
2,IDONTWANT,292,513,1160.694174932552
2,IDONTWANT,292,928,1160.694174932552
2,IDONTWANT,292,832,1160.694174932552
2,IDONTWANT,106,477,1166.667932634527
2,IDONTWANT,106,826,1166.667932634527
2,IDONTWANT,106,672,1166.667932634527
2,IDONTWANT,106,150,1166.667932634527
2,IDONTWANT,883,457,1175.5339368122698
2,IDONTWANT,883,981,1175.5339368122698
2,IDONTWANT,883,99,1175.5339368122698
2,IDONTWANT,883,949,1175.5339368122698
2,IDONTWANT,736,522,1182.9225307534762
2,IDONTWANT,736,495,1182.9225307534762
2,IDONTWANT,736,496,1182.9225307534762
2,IDONTWANT,736,776,1182.9225307534762
2,IDONTWANT,139,951,1185.37974473865
2,IDONTWANT,139,266,1185.37974473865
2,IDONTWANT,139,945,1185.37974473865
2,IDONTWANT,139,573,1185.37974473865
2,IDONTWANT,275,152,1193.4127571814843
2,IDONTWANT,275,255,1193.4127571814843
2,IDONTWANT,275,995,1193.4127571814843
2,IDONTWANT,275,272,1193.4127571814843
2,IDONTWANT,742,215,1207.469969242098
2,IDONTWANT,742,290,1207.469969242098
2,IDONTWANT,742,445,1207.469969242098
2,IDONTWANT,742,350,1207.469969242098
2,IDONTWANT,553,107,1214.9806377153848
2,IDONTWANT,553,267,1214.9806377153848
2,IDONTWANT,553,237,1214.9806377153848
2,IDONTWANT,553,660,1214.9806377153848
2,IDONTWANT,500,243,1225.691923284843
2,IDONTWANT,500,326,1225.691923284843
2,IDONTWANT,500,381,1225.691923284843
2,IDONTWANT,500,37,1225.691923284843
2,IDONTWANT,732,77,1230.228118516257
2,IDONTWANT,732,184,1230.228118516257
2,IDONTWANT,732,652,1230.228118516257
2,IDONTWANT,732,369,1230.228118516257
2,IDONTWANT,770,441,1247.5104615506007
2,IDONTWANT,770,579,1247.5104615506007
2,IDONTWANT,770,657,1247.5104615506007
2,IDONTWANT,770,592,1247.5104615506007
2,IDONTWANT,522,135,1249.7019391776219
2,IDONTWANT,522,500,1249.7019391776219
2,IDONTWANT,522,232,1249.7019391776219
2,IDONTWANT,522,628,1249.7019391776219
2,IDONTWANT,744,847,1249.9029642481798
2,IDONTWANT,744,296,1249.9029642481798
2,IDONTWANT,744,299,1249.9029642481798
2,IDONTWANT,744,363,1249.9029642481798
2,IDONTWANT,607,502,1253.9890447696796
2,IDONTWANT,607,97,1253.9890447696796
2,IDONTWANT,607,503,1253.9890447696796
2,IDONTWANT,607,712,1253.9890447696796
2,IDONTWANT,281,208,1267.5637492161416
2,IDONTWANT,281,737,1267.5637492161416
2,IDONTWANT,281,82,1267.5637492161416
2,IDONTWANT,281,50,1267.5637492161416
2,IDONTWANT,444,116,1272.9880423746154
2,IDONTWANT,444,841,1272.9880423746154
2,IDONTWANT,444,92,1272.9880423746154
2,IDONTWANT,444,415,1272.9880423746154
2,IDONTWANT,499,607,1297.1189069931195
2,IDONTWANT,499,269,1297.1189069931195
2,IDONTWANT,499,631,1297.1189069931195
2,IDONTWANT,499,519,1297.1189069931195
2,IDONTWANT,219,752,1320.2531904464436
2,IDONTWANT,219,718,1320.2531904464436
2,IDONTWANT,219,832,1320.2531904464436
2,IDONTWANT,219,518,1320.2531904464436
2,IDONTWANT,306,869,1326.8084959507596
2,IDONTWANT,306,221,1326.8084959507596
2,IDONTWANT,306,94,1326.8084959507596
2,IDONTWANT,306,277,1326.8084959507596
2,IDONTWANT,8,643,1339.1731753508357
2,IDONTWANT,8,597,1339.1731753508357
2,IDONTWANT,8,971,1339.1731753508357
2,IDONTWANT,8,64,1339.1731753508357
2,IDONTWANT,77,777,1354.7512345299997
2,IDONTWANT,77,541,1354.7512345299997
2,IDONTWANT,77,306,1354.7512345299997
2,IDONTWANT,77,659,1354.7512345299997
2,IDONTWANT,720,80,1372.2366067100938
2,IDONTWANT,720,760,1372.2366067100938
2,IDONTWANT,720,860,1372.2366067100938
2,IDONTWANT,720,449,1372.2366067100938
2,IDONTWANT,789,86,1395.456001164369
2,IDONTWANT,789,300,1395.456001164369
2,IDONTWANT,789,643,1395.456001164369
2,IDONTWANT,612,219,1400.2088267214056
2,IDONTWANT,612,961,1400.2088267214056
2,IDONTWANT,612,717,1400.2088267214056
2,IDONTWANT,612,237,1400.2088267214056
2,IDONTWANT,337,691,1406.9364617345723
2,IDONTWANT,337,663,1406.9364617345723
2,IDONTWANT,337,431,1406.9364617345723
2,IDONTWANT,337,83,1406.9364617345723
2,IDONTWANT,216,742,1419.5261988060786
2,IDONTWANT,216,634,1419.5261988060786
2,IDONTWANT,216,659,1419.5261988060786
2,IDONTWANT,216,148,1419.5261988060786
2,IDONTWANT,987,591,1420.1625378403955
2,IDONTWANT,987,295,1420.1625378403955
2,IDONTWANT,987,280,1420.1625378403955
2,IDONTWANT,987,249,1420.1625378403955
2,IDONTWANT,180,211,1440.7467726160833
2,IDONTWANT,180,297,1440.7467726160833
2,IDONTWANT,180,457,1440.7467726160833
2,IDONTWANT,350,428,1522.4368376343816
2,IDONTWANT,350,933,1522.4368376343816
2,IDONTWANT,350,682,1522.4368376343816
2,IDONTWANT,350,57,1522.4368376343816
2,IDONTWANT,850,607,1538.1155123953981
2,IDONTWANT,850,838,1538.1155123953981
2,IDONTWANT,850,623,1538.1155123953981
2,IDONTWANT,850,987,1538.1155123953981
2,IDONTWANT,182,823,1601.8476775257684
2,IDONTWANT,182,18,1601.8476775257684
2,IDONTWANT,182,257,1601.8476775257684
2,IDONTWANT,182,37,1601.8476775257684
3,IDONTWANT,124,4,213.39641015460361
3,IDONTWANT,124,795,213.39641015460361
3,IDONTWANT,124,819,213.39641015460361
3,IDONTWANT,124,154,213.39641015460361
3,IDONTWANT,681,76,221.94968528638938
3,IDONTWANT,681,428,221.94968528638938
3,IDONTWANT,681,938,221.94968528638938
3,IDONTWANT,681,430,221.94968528638938
3,IDONTWANT,778,422,254.38485417058104
3,IDONTWANT,778,561,254.38485417058104
3,IDONTWANT,778,104,254.38485417058104
3,IDONTWANT,778,84,254.38485417058104
3,IDONTWANT,11,137,271.2716514855339
3,IDONTWANT,11,297,271.2716514855339
3,IDONTWANT,11,430,271.2716514855339
3,IDONTWANT,11,148,271.2716514855339
3,IDONTWANT,76,707,312.9146445662869
3,IDONTWANT,76,557,312.9146445662869
3,IDONTWANT,76,937,312.9146445662869
3,IDONTWANT,76,27,312.9146445662869
3,IDONTWANT,39,364,334.4518554894766
3,IDONTWANT,39,173,334.4518554894766
3,IDONTWANT,39,626,334.4518554894766
3,IDONTWANT,39,120,334.4518554894766
3,IDONTWANT,429,418,341.168114576681
3,IDONTWANT,429,695,341.168114576681
3,IDONTWANT,429,380,341.168114576681
3,IDONTWANT,429,189,341.168114576681
3,IDONTWANT,380,324,364.09269919558517
3,IDONTWANT,380,947,364.09269919558517
3,IDONTWANT,380,282,364.09269919558517
3,IDONTWANT,380,304,364.09269919558517
3,IDONTWANT,32,468,368.9199949817639
3,IDONTWANT,32,71,368.9199949817639
3,IDONTWANT,32,861,368.9199949817639
3,IDONTWANT,32,96,368.9199949817639
3,IDONTWANT,418,194,394.96432773427443
3,IDONTWANT,418,615,394.96432773427443
3,IDONTWANT,418,997,394.96432773427443
3,IDONTWANT,418,848,394.96432773427443
3,IDONTWANT,561,222,398.6615138803495
3,IDONTWANT,561,87,398.6615138803495
3,IDONTWANT,561,902,398.6615138803495
3,IDONTWANT,561,519,398.6615138803495
3,IDONTWANT,422,797,410.425820753934
3,IDONTWANT,422,681,410.425820753934
3,IDONTWANT,422,969,410.425820753934
3,IDONTWANT,422,6,410.425820753934
3,IDONTWANT,89,710,415.96359343190977
3,IDONTWANT,89,620,415.96359343190977
3,IDONTWANT,89,980,415.96359343190977
3,IDONTWANT,89,353,415.96359343190977
3,IDONTWANT,452,175,418.3037306727626
3,IDONTWANT,452,948,418.3037306727626
3,IDONTWANT,452,68,418.3037306727626
3,IDONTWANT,452,111,418.3037306727626
3,IDONTWANT,428,835,419.4690070630117
3,IDONTWANT,428,11,419.4690070630117
3,IDONTWANT,428,839,419.4690070630117
3,IDONTWANT,428,335,419.4690070630117
3,IDONTWANT,835,518,422.21767951981275
3,IDONTWANT,835,603,422.21767951981275
3,IDONTWANT,835,206,422.21767951981275
3,IDONTWANT,835,193,422.21767951981275
3,IDONTWANT,320,867,428.4307684506999
3,IDONTWANT,320,784,428.4307684506999
3,IDONTWANT,320,917,428.4307684506999
3,IDONTWANT,320,469,428.4307684506999
3,IDONTWANT,308,662,428.8511885932994
3,IDONTWANT,308,457,428.8511885932994
3,IDONTWANT,308,443,428.8511885932994
3,IDONTWANT,308,977,428.8511885932994
3,IDONTWANT,662,870,434.84697773063334
3,IDONTWANT,662,433,434.84697773063334
3,IDONTWANT,662,494,434.84697773063334
3,IDONTWANT,662,466,434.84697773063334
3,IDONTWANT,81,546,434.8741735875477
3,IDONTWANT,81,555,434.8741735875477
3,IDONTWANT,81,798,434.8741735875477
3,IDONTWANT,81,515,434.8741735875477
3,IDONTWANT,430,636,438.3113927591973
3,IDONTWANT,430,319,438.3113927591973
3,IDONTWANT,430,79,438.3113927591973
3,IDONTWANT,430,208,438.3113927591973
3,IDONTWANT,793,32,441.18372855503816
3,IDONTWANT,793,11,441.18372855503816
3,IDONTWANT,793,62,441.18372855503816
3,IDONTWANT,793,15,441.18372855503816
3,IDONTWANT,104,743,442.41115339728333
3,IDONTWANT,104,163,442.41115339728333
3,IDONTWANT,104,175,442.41115339728333
3,IDONTWANT,104,131,442.41115339728333
3,IDONTWANT,193,132,446.9978052883104
3,IDONTWANT,193,14,446.9978052883104
3,IDONTWANT,193,72,446.9978052883104
3,IDONTWANT,193,641,446.9978052883104
3,IDONTWANT,194,759,460.90037925295815
3,IDONTWANT,194,901,460.90037925295815
3,IDONTWANT,194,262,460.90037925295815
3,IDONTWANT,194,442,460.90037925295815
3,IDONTWANT,196,862,461.35813306420494
3,IDONTWANT,196,391,461.35813306420494
3,IDONTWANT,196,892,461.35813306420494
3,IDONTWANT,196,519,461.35813306420494
3,IDONTWANT,121,514,465.4217908822758
3,IDONTWANT,121,134,465.4217908822758
3,IDONTWANT,121,545,465.4217908822758
3,IDONTWANT,121,156,465.4217908822758
3,IDONTWANT,266,769,467.199054625231
3,IDONTWANT,266,347,467.199054625231
3,IDONTWANT,266,860,467.199054625231
3,IDONTWANT,266,408,467.199054625231
3,IDONTWANT,324,733,469.1561263303773
3,IDONTWANT,324,311,469.1561263303773
3,IDONTWANT,324,986,469.1561263303773
3,IDONTWANT,324,131,469.1561263303773
3,IDONTWANT,832,64,471.55537189252306
3,IDONTWANT,832,238,471.55537189252306
3,IDONTWANT,832,407,471.55537189252306
3,IDONTWANT,832,593,471.55537189252306
3,IDONTWANT,113,846,473.5302576213164
3,IDONTWANT,113,895,473.5302576213164
3,IDONTWANT,113,217,473.5302576213164
3,IDONTWANT,113,28,473.5302576213164
3,IDONTWANT,222,824,477.6929616609675
3,IDONTWANT,222,16,477.6929616609675
3,IDONTWANT,222,847,477.6929616609675
3,IDONTWANT,222,703,477.6929616609675
3,IDONTWANT,16,730,479.5431068855303
3,IDONTWANT,16,65,479.5431068855303
3,IDONTWANT,16,578,479.5431068855303
3,IDONTWANT,16,62,479.5431068855303
3,IDONTWANT,798,623,480.3675252386432
3,IDONTWANT,798,61,480.3675252386432
3,IDONTWANT,798,323,480.3675252386432
3,IDONTWANT,798,376,480.3675252386432
3,IDONTWANT,819,144,486.18096148641223
3,IDONTWANT,819,832,486.18096148641223
3,IDONTWANT,819,912,486.18096148641223
3,IDONTWANT,819,889,486.18096148641223
3,IDONTWANT,576,109,486.48329317009353
3,IDONTWANT,576,637,486.48329317009353
3,IDONTWANT,576,952,486.48329317009353
3,IDONTWANT,576,165,486.48329317009353
3,IDONTWANT,349,191,487.4029888500172
3,IDONTWANT,349,918,487.4029888500172
3,IDONTWANT,349,228,487.4029888500172
3,IDONTWANT,349,497,487.4029888500172
3,IDONTWANT,28,685,488.5549247926768
3,IDONTWANT,28,80,488.5549247926768
3,IDONTWANT,28,783,488.5549247926768
3,IDONTWANT,28,572,488.5549247926768
3,IDONTWANT,300,892,488.6987929198571
3,IDONTWANT,300,423,488.6987929198571
3,IDONTWANT,300,393,488.6987929198571
3,IDONTWANT,300,424,488.6987929198571
3,IDONTWANT,740,374,489.58229590365113
3,IDONTWANT,740,349,489.58229590365113
3,IDONTWANT,740,485,489.58229590365113
3,IDONTWANT,740,798,489.58229590365113
3,IDONTWANT,773,121,490.98939371809445
3,IDONTWANT,773,793,490.98939371809445
3,IDONTWANT,773,830,490.98939371809445
3,IDONTWANT,773,431,490.98939371809445
3,IDONTWANT,797,981,492.57496894676575
3,IDONTWANT,797,882,492.57496894676575
3,IDONTWANT,797,855,492.57496894676575
3,IDONTWANT,797,498,492.57496894676575
3,IDONTWANT,375,943,493.27239765431136
3,IDONTWANT,375,63,493.27239765431136
3,IDONTWANT,375,263,493.27239765431136
3,IDONTWANT,375,199,493.27239765431136
3,IDONTWANT,143,688,495.20481416667326
3,IDONTWANT,143,247,495.20481416667326
3,IDONTWANT,143,439,495.20481416667326
3,IDONTWANT,143,74,495.20481416667326
3,IDONTWANT,707,143,497.53857543490795
3,IDONTWANT,707,543,497.53857543490795
3,IDONTWANT,707,852,497.53857543490795
3,IDONTWANT,707,353,497.53857543490795
3,IDONTWANT,148,140,501.2822198480513
3,IDONTWANT,148,991,501.2822198480513
3,IDONTWANT,148,479,501.2822198480513
3,IDONTWANT,148,225,501.2822198480513
3,IDONTWANT,137,490,501.5478377697995
3,IDONTWANT,137,520,501.5478377697995
3,IDONTWANT,137,965,501.5478377697995
3,IDONTWANT,137,254,501.5478377697995
3,IDONTWANT,603,848,503.5648813304907
3,IDONTWANT,603,93,503.5648813304907
3,IDONTWANT,603,588,503.5648813304907
3,IDONTWANT,603,840,503.5648813304907
3,IDONTWANT,398,107,503.9977524771153
3,IDONTWANT,398,73,503.9977524771153
3,IDONTWANT,398,271,503.9977524771153
3,IDONTWANT,398,640,503.9977524771153
3,IDONTWANT,945,18,508.91216395131073
3,IDONTWANT,945,857,508.91216395131073
3,IDONTWANT,945,613,508.91216395131073
3,IDONTWANT,945,652,508.91216395131073
3,IDONTWANT,848,948,509.64700341059074
3,IDONTWANT,848,797,509.64700341059074
3,IDONTWANT,848,286,509.64700341059074
3,IDONTWANT,848,436,509.64700341059074
3,IDONTWANT,669,223,510.31120646918214
3,IDONTWANT,669,164,510.31120646918214
3,IDONTWANT,669,734,510.31120646918214
3,IDONTWANT,669,801,510.31120646918214
3,IDONTWANT,981,170,511.6767624436395
3,IDONTWANT,981,123,511.6767624436395
3,IDONTWANT,981,61,511.6767624436395
3,IDONTWANT,981,608,511.6767624436395
3,IDONTWANT,588,933,511.96886563186285
3,IDONTWANT,588,832,511.96886563186285
3,IDONTWANT,588,772,511.96886563186285
3,IDONTWANT,588,650,511.96886563186285
3,IDONTWANT,650,756,513.1648365273868
3,IDONTWANT,650,414,513.1648365273868
3,IDONTWANT,650,5,513.1648365273868
3,IDONTWANT,650,759,513.1648365273868
3,IDONTWANT,62,452,513.8673955615993
3,IDONTWANT,62,167,513.8673955615993
3,IDONTWANT,62,113,513.8673955615993
3,IDONTWANT,62,349,513.8673955615993
3,IDONTWANT,518,320,513.9217804242974
3,IDONTWANT,518,751,513.9217804242974
3,IDONTWANT,518,1,513.9217804242974
3,IDONTWANT,518,766,513.9217804242974
3,IDONTWANT,824,566,514.1646095342496
3,IDONTWANT,824,496,514.1646095342496
3,IDONTWANT,824,816,514.1646095342496
3,IDONTWANT,824,390,514.1646095342496
3,IDONTWANT,937,977,515.0860205969445
3,IDONTWANT,937,748,515.0860205969445
3,IDONTWANT,937,506,515.0860205969445
3,IDONTWANT,937,457,515.0860205969445
3,IDONTWANT,64,581,515.5109069836334
3,IDONTWANT,64,155,515.5109069836334
3,IDONTWANT,64,550,515.5109069836334
3,IDONTWANT,64,104,515.5109069836334
3,IDONTWANT,948,890,516.4453088002102
3,IDONTWANT,948,96,516.4453088002102
3,IDONTWANT,948,734,516.4453088002102
3,IDONTWANT,948,183,516.4453088002102
3,IDONTWANT,826,955,517.7556573189759
3,IDONTWANT,826,239,517.7556573189759
3,IDONTWANT,826,316,517.7556573189759
3,IDONTWANT,826,621,517.7556573189759
3,IDONTWANT,652,718,524.2840476283839
3,IDONTWANT,652,587,524.2840476283839
3,IDONTWANT,652,601,524.2840476283839
3,IDONTWANT,652,768,524.2840476283839
3,IDONTWANT,685,977,524.4159423825099
3,IDONTWANT,685,539,524.4159423825099
3,IDONTWANT,685,995,524.4159423825099
3,IDONTWANT,685,224,524.4159423825099
3,IDONTWANT,906,452,526.6630767241027
3,IDONTWANT,906,826,526.6630767241027
3,IDONTWANT,906,519,526.6630767241027
3,IDONTWANT,906,349,526.6630767241027
3,IDONTWANT,892,421,527.0219732818629
3,IDONTWANT,892,252,527.0219732818629
3,IDONTWANT,892,159,527.0219732818629
3,IDONTWANT,892,26,527.0219732818629
3,IDONTWANT,107,627,527.1397240197317
3,IDONTWANT,107,847,527.1397240197317
3,IDONTWANT,107,611,527.1397240197317
3,IDONTWANT,107,486,527.1397240197317
3,IDONTWANT,175,637,527.3820322910057
3,IDONTWANT,175,132,527.3820322910057
3,IDONTWANT,175,44,527.3820322910057
3,IDONTWANT,175,540,527.3820322910057
3,IDONTWANT,623,239,528.575352809943
3,IDONTWANT,623,967,528.575352809943
3,IDONTWANT,623,471,528.575352809943
3,IDONTWANT,623,129,528.575352809943
3,IDONTWANT,854,570,529.4732646924954
3,IDONTWANT,854,378,529.4732646924954
3,IDONTWANT,854,892,529.4732646924954
3,IDONTWANT,854,722,529.4732646924954
3,IDONTWANT,695,799,530.0958615562784
3,IDONTWANT,695,854,530.0958615562784
3,IDONTWANT,695,480,530.0958615562784
3,IDONTWANT,695,363,530.0958615562784
3,IDONTWANT,457,322,530.5687995982685
3,IDONTWANT,457,54,530.5687995982685
3,IDONTWANT,457,623,530.5687995982685
3,IDONTWANT,457,949,530.5687995982685
3,IDONTWANT,969,443,532.3348551940345
3,IDONTWANT,969,205,532.3348551940345
3,IDONTWANT,969,516,532.3348551940345
3,IDONTWANT,969,685,532.3348551940345
3,IDONTWANT,155,347,533.3205676394952
3,IDONTWANT,155,568,533.3205676394952
3,IDONTWANT,155,470,533.3205676394952
3,IDONTWANT,155,452,533.3205676394952
3,IDONTWANT,144,218,535.0764250408672
3,IDONTWANT,144,686,535.0764250408672
3,IDONTWANT,144,311,535.0764250408672
3,IDONTWANT,144,803,535.0764250408672
3,IDONTWANT,861,685,535.3054435773724
3,IDONTWANT,861,518,535.3054435773724
3,IDONTWANT,861,402,535.3054435773724
3,IDONTWANT,861,187,535.3054435773724
3,IDONTWANT,710,671,535.3295368971939
3,IDONTWANT,710,300,535.3295368971939
3,IDONTWANT,710,256,535.3295368971939
3,IDONTWANT,710,622,535.3295368971939
3,IDONTWANT,356,905,537.1316916964538
3,IDONTWANT,356,321,537.1316916964538
3,IDONTWANT,356,751,537.1316916964538
3,IDONTWANT,356,115,537.1316916964538
3,IDONTWANT,543,964,539.1477592967633
3,IDONTWANT,543,201,539.1477592967633
3,IDONTWANT,543,145,539.1477592967633
3,IDONTWANT,543,423,539.1477592967633
3,IDONTWANT,254,969,540.0950654378565
3,IDONTWANT,254,953,540.0950654378565
3,IDONTWANT,254,215,540.0950654378565
3,IDONTWANT,254,76,540.0950654378565
3,IDONTWANT,905,300,541.3699703583713
3,IDONTWANT,905,147,541.3699703583713
3,IDONTWANT,905,655,541.3699703583713
3,IDONTWANT,905,16,541.3699703583713
3,IDONTWANT,167,91,541.4132917996283
3,IDONTWANT,167,286,541.4132917996283
3,IDONTWANT,167,58,541.4132917996283
3,IDONTWANT,167,819,541.4132917996283
3,IDONTWANT,471,466,541.7952326838987
3,IDONTWANT,471,564,541.7952326838987
3,IDONTWANT,471,870,541.7952326838987
3,IDONTWANT,471,643,541.7952326838987
3,IDONTWANT,445,592,544.3362357604045
3,IDONTWANT,445,905,544.3362357604045
3,IDONTWANT,445,373,544.3362357604045
3,IDONTWANT,445,472,544.3362357604045
3,IDONTWANT,93,482,547.8212542444983
3,IDONTWANT,93,202,547.8212542444983
3,IDONTWANT,93,346,547.8212542444983
3,IDONTWANT,93,210,547.8212542444983
3,IDONTWANT,6,435,548.3004529424859
3,IDONTWANT,6,61,548.3004529424859
3,IDONTWANT,6,847,548.3004529424859
3,IDONTWANT,6,580,548.3004529424859
3,IDONTWANT,27,501,550.7658340422273
3,IDONTWANT,27,432,550.7658340422273
3,IDONTWANT,27,41,550.7658340422273
3,IDONTWANT,27,986,550.7658340422273
3,IDONTWANT,779,659,551.1980141550757
3,IDONTWANT,779,483,551.1980141550757
3,IDONTWANT,779,217,551.1980141550757
3,IDONTWANT,779,918,551.1980141550757
3,IDONTWANT,88,287,551.3684118239972
3,IDONTWANT,88,484,551.3684118239972
3,IDONTWANT,88,266,551.3684118239972
3,IDONTWANT,88,199,551.3684118239972
3,IDONTWANT,189,316,551.7977745690891
3,IDONTWANT,189,705,551.7977745690891
3,IDONTWANT,189,221,551.7977745690891
3,IDONTWANT,189,236,551.7977745690891
3,IDONTWANT,705,58,552.4262740363027
3,IDONTWANT,705,87,552.4262740363027
3,IDONTWANT,705,848,552.4262740363027
3,IDONTWANT,705,578,552.4262740363027
3,IDONTWANT,636,253,553.4940058694701
3,IDONTWANT,636,741,553.4940058694701
3,IDONTWANT,636,334,553.4940058694701
3,IDONTWANT,636,617,553.4940058694701
3,IDONTWANT,570,715,554.6528922481889
3,IDONTWANT,570,6,554.6528922481889
3,IDONTWANT,570,879,554.6528922481889
3,IDONTWANT,570,27,554.6528922481889
3,IDONTWANT,433,815,556.5519253187667
3,IDONTWANT,433,404,556.5519253187667
3,IDONTWANT,433,680,556.5519253187667
3,IDONTWANT,433,564,556.5519253187667
3,IDONTWANT,87,749,557.3422263611983
3,IDONTWANT,87,29,557.3422263611983
3,IDONTWANT,87,28,557.3422263611983
3,IDONTWANT,87,810,557.3422263611983
3,IDONTWANT,836,217,558.2562554652731
3,IDONTWANT,836,196,558.2562554652731
3,IDONTWANT,836,94,558.2562554652731
3,IDONTWANT,836,185,558.2562554652731
3,IDONTWANT,659,718,558.3981297507247
3,IDONTWANT,659,100,558.3981297507247
3,IDONTWANT,659,917,558.3981297507247
3,IDONTWANT,659,429,558.3981297507247
3,IDONTWANT,672,467,558.418052719424
3,IDONTWANT,672,554,558.418052719424
3,IDONTWANT,672,209,558.418052719424
3,IDONTWANT,672,735,558.418052719424
3,IDONTWANT,353,998,559.2565038846511
3,IDONTWANT,353,611,559.2565038846511
3,IDONTWANT,353,145,559.2565038846511
3,IDONTWANT,353,426,559.2565038846511
3,IDONTWANT,933,836,559.3292678251858
3,IDONTWANT,933,849,559.3292678251858
3,IDONTWANT,933,886,559.3292678251858
3,IDONTWANT,933,935,559.3292678251858
3,IDONTWANT,743,432,560.2992212944083
3,IDONTWANT,743,257,560.2992212944083
3,IDONTWANT,743,567,560.2992212944083
3,IDONTWANT,743,53,560.2992212944083
3,IDONTWANT,907,523,562.0578555188603
3,IDONTWANT,907,143,562.0578555188603
3,IDONTWANT,907,453,562.0578555188603
3,IDONTWANT,907,1,562.0578555188603
3,IDONTWANT,557,272,563.0416532962896
3,IDONTWANT,557,652,563.0416532962896
3,IDONTWANT,557,568,563.0416532962896
3,IDONTWANT,557,696,563.0416532962896
3,IDONTWANT,581,878,564.9868246121082
3,IDONTWANT,581,605,564.9868246121082
3,IDONTWANT,581,781,564.9868246121082
3,IDONTWANT,581,372,564.9868246121082
3,IDONTWANT,671,356,565.8433681598615
3,IDONTWANT,671,103,565.8433681598615
3,IDONTWANT,671,868,565.8433681598615
3,IDONTWANT,671,588,565.8433681598615
3,IDONTWANT,206,672,567.4214915666429
3,IDONTWANT,206,205,567.4214915666429
3,IDONTWANT,206,255,567.4214915666429
3,IDONTWANT,206,517,567.4214915666429
3,IDONTWANT,466,153,568.3499111788062
3,IDONTWANT,466,252,568.3499111788062
3,IDONTWANT,466,994,568.3499111788062
3,IDONTWANT,466,743,568.3499111788062
3,IDONTWANT,730,303,568.4881589787876
3,IDONTWANT,730,861,568.4881589787876
3,IDONTWANT,730,476,568.4881589787876
3,IDONTWANT,730,383,568.4881589787876
3,IDONTWANT,443,445,569.8127865244626
3,IDONTWANT,443,924,569.8127865244626
3,IDONTWANT,443,160,569.8127865244626
3,IDONTWANT,443,433,569.8127865244626
3,IDONTWANT,108,674,569.8972967564
3,IDONTWANT,108,960,569.8972967564
3,IDONTWANT,108,359,569.8972967564
3,IDONTWANT,108,160,569.8972967564
3,IDONTWANT,205,85,570.7827645058811
3,IDONTWANT,205,487,570.7827645058811
3,IDONTWANT,205,286,570.7827645058811
3,IDONTWANT,205,515,570.7827645058811
3,IDONTWANT,154,94,571.6273227252476
3,IDONTWANT,154,740,571.6273227252476
3,IDONTWANT,154,375,571.6273227252476
3,IDONTWANT,154,19,571.6273227252476
3,IDONTWANT,347,779,572.2948799892437
3,IDONTWANT,347,911,572.2948799892437
3,IDONTWANT,347,302,572.2948799892437
3,IDONTWANT,347,111,572.2948799892437
3,IDONTWANT,335,722,572.3727275494824
3,IDONTWANT,335,666,572.3727275494824
3,IDONTWANT,335,314,572.3727275494824
3,IDONTWANT,335,56,572.3727275494824
3,IDONTWANT,61,64,572.4678591644637
3,IDONTWANT,61,196,572.4678591644637
3,IDONTWANT,61,69,572.4678591644637
3,IDONTWANT,61,214,572.4678591644637
3,IDONTWANT,536,662,574.5931111861572
3,IDONTWANT,536,593,574.5931111861572
3,IDONTWANT,536,454,574.5931111861572
3,IDONTWANT,536,617,574.5931111861572
3,IDONTWANT,519,34,574.892023785071
3,IDONTWANT,519,226,574.892023785071
3,IDONTWANT,519,152,574.892023785071
3,IDONTWANT,519,297,574.892023785071
3,IDONTWANT,546,833,574.9834797651332
3,IDONTWANT,546,628,574.9834797651332
3,IDONTWANT,546,178,574.9834797651332
3,IDONTWANT,546,520,574.9834797651332
3,IDONTWANT,316,460,575.7898440703414
3,IDONTWANT,316,254,575.7898440703414
3,IDONTWANT,316,802,575.7898440703414
3,IDONTWANT,316,111,575.7898440703414
3,IDONTWANT,297,570,576.5121633694521
3,IDONTWANT,297,93,576.5121633694521
3,IDONTWANT,297,327,576.5121633694521
3,IDONTWANT,297,244,576.5121633694521
3,IDONTWANT,862,459,577.2329713046765
3,IDONTWANT,862,871,577.2329713046765
3,IDONTWANT,862,163,577.2329713046765
3,IDONTWANT,862,379,577.2329713046765
3,IDONTWANT,979,242,577.477475886224
3,IDONTWANT,979,973,577.477475886224
3,IDONTWANT,979,40,577.477475886224
3,IDONTWANT,979,294,577.477475886224
3,IDONTWANT,568,710,577.671346321326
3,IDONTWANT,568,682,577.671346321326
3,IDONTWANT,568,862,577.671346321326
3,IDONTWANT,568,549,577.671346321326
3,IDONTWANT,847,600,577.6955605199129
3,IDONTWANT,847,580,577.6955605199129
3,IDONTWANT,847,218,577.6955605199129
3,IDONTWANT,847,267,577.6955605199129
3,IDONTWANT,947,719,577.698344728655
3,IDONTWANT,947,454,577.698344728655
3,IDONTWANT,947,105,577.698344728655
3,IDONTWANT,947,359,577.698344728655
3,IDONTWANT,977,36,578.1603729640456
3,IDONTWANT,977,636,578.1603729640456
3,IDONTWANT,977,102,578.1603729640456
3,IDONTWANT,977,256,578.1603729640456
3,IDONTWANT,29,587,578.4234917182622
3,IDONTWANT,29,809,578.4234917182622
3,IDONTWANT,29,897,578.4234917182622
3,IDONTWANT,29,838,578.4234917182622
3,IDONTWANT,123,451,578.9664875390934
3,IDONTWANT,123,796,578.9664875390934
3,IDONTWANT,123,188,578.9664875390934
3,IDONTWANT,123,624,578.9664875390934
3,IDONTWANT,132,576,579.7248395279336
3,IDONTWANT,132,28,579.7248395279336
3,IDONTWANT,132,779,579.7248395279336
3,IDONTWANT,132,916,579.7248395279336
3,IDONTWANT,199,471,579.9884065823568
3,IDONTWANT,199,189,579.9884065823568
3,IDONTWANT,199,161,579.9884065823568
3,IDONTWANT,199,276,579.9884065823568
3,IDONTWANT,58,896,580.0065859347553
3,IDONTWANT,58,697,580.0065859347553
3,IDONTWANT,58,818,580.0065859347553
3,IDONTWANT,58,573,580.0065859347553
3,IDONTWANT,505,787,580.2542930690552
3,IDONTWANT,505,544,580.2542930690552
3,IDONTWANT,505,49,580.2542930690552
3,IDONTWANT,505,652,580.2542930690552
3,IDONTWANT,282,956,580.4400146845916
3,IDONTWANT,282,750,580.4400146845916
3,IDONTWANT,282,421,580.4400146845916
3,IDONTWANT,282,462,580.4400146845916
3,IDONTWANT,91,358,582.1170224634636
3,IDONTWANT,91,978,582.1170224634636
3,IDONTWANT,91,998,582.1170224634636
3,IDONTWANT,91,374,582.1170224634636
3,IDONTWANT,239,933,582.7729025476281
3,IDONTWANT,239,701,582.7729025476281
3,IDONTWANT,239,295,582.7729025476281
3,IDONTWANT,239,786,582.7729025476281
3,IDONTWANT,467,836,582.8844594117097
3,IDONTWANT,467,919,582.8844594117097
3,IDONTWANT,467,197,582.8844594117097
3,IDONTWANT,467,42,582.8844594117097
3,IDONTWANT,191,724,584.4283829427768
3,IDONTWANT,191,747,584.4283829427768
3,IDONTWANT,191,652,584.4283829427768
3,IDONTWANT,191,143,584.4283829427768
3,IDONTWANT,146,963,585.6725592946585
3,IDONTWANT,146,734,585.6725592946585
3,IDONTWANT,146,659,585.6725592946585
3,IDONTWANT,146,677,585.6725592946585
3,IDONTWANT,374,35,588.3710706639298
3,IDONTWANT,374,476,588.3710706639298
3,IDONTWANT,374,64,588.3710706639298
3,IDONTWANT,374,823,588.3710706639298
3,IDONTWANT,14,106,589.7379820614701
3,IDONTWANT,14,596,589.7379820614701
3,IDONTWANT,14,585,589.7379820614701
3,IDONTWANT,14,655,589.7379820614701
3,IDONTWANT,637,534,590.1230026282411
3,IDONTWANT,637,356,590.1230026282411
3,IDONTWANT,637,164,590.1230026282411
3,IDONTWANT,637,241,590.1230026282411
3,IDONTWANT,69,486,590.9409808853379
3,IDONTWANT,69,126,590.9409808853379
3,IDONTWANT,69,119,590.9409808853379
3,IDONTWANT,69,870,590.9409808853379
3,IDONTWANT,878,12,592.1116235226307
3,IDONTWANT,878,479,592.1116235226307
3,IDONTWANT,878,734,592.1116235226307
3,IDONTWANT,878,935,592.1116235226307
3,IDONTWANT,839,798,592.4666464544463
3,IDONTWANT,839,529,592.4666464544463
3,IDONTWANT,839,878,592.4666464544463
3,IDONTWANT,839,152,592.4666464544463
3,IDONTWANT,927,254,593.0720338126085
3,IDONTWANT,927,190,593.0720338126085
3,IDONTWANT,927,576,593.0720338126085
3,IDONTWANT,927,851,593.0720338126085
3,IDONTWANT,901,994,593.2092736629891
3,IDONTWANT,901,373,593.2092736629891
3,IDONTWANT,901,442,593.2092736629891
3,IDONTWANT,901,267,593.2092736629891
3,IDONTWANT,846,892,595.0807975410421
3,IDONTWANT,846,887,595.0807975410421
3,IDONTWANT,846,579,595.0807975410421
3,IDONTWANT,846,497,595.0807975410421
3,IDONTWANT,494,854,595.1218428056118
3,IDONTWANT,494,359,595.1218428056118
3,IDONTWANT,494,626,595.1218428056118
3,IDONTWANT,494,775,595.1218428056118
3,IDONTWANT,776,396,595.2394895059152
3,IDONTWANT,776,608,595.2394895059152
3,IDONTWANT,776,606,595.2394895059152
3,IDONTWANT,776,961,595.2394895059152
3,IDONTWANT,105,28,596.0244410273642
3,IDONTWANT,105,155,596.0244410273642
3,IDONTWANT,105,605,596.0244410273642
3,IDONTWANT,105,927,596.0244410273642
3,IDONTWANT,915,910,597.4148073905535
3,IDONTWANT,915,623,597.4148073905535
3,IDONTWANT,915,748,597.4148073905535
3,IDONTWANT,915,507,597.4148073905535
3,IDONTWANT,42,408,597.7566532722028
3,IDONTWANT,42,401,597.7566532722028
3,IDONTWANT,42,939,597.7566532722028
3,IDONTWANT,42,893,597.7566532722028
3,IDONTWANT,666,335,598.0641348118801
3,IDONTWANT,666,797,598.0641348118801
3,IDONTWANT,666,10,598.0641348118801
3,IDONTWANT,666,398,598.0641348118801
3,IDONTWANT,620,380,598.1809414715887
3,IDONTWANT,620,211,598.1809414715887
3,IDONTWANT,620,310,598.1809414715887
3,IDONTWANT,620,269,598.1809414715887
3,IDONTWANT,751,89,598.6280987954441
3,IDONTWANT,751,804,598.6280987954441
3,IDONTWANT,751,41,598.6280987954441
3,IDONTWANT,751,408,598.6280987954441
3,IDONTWANT,109,562,598.9910443180448
3,IDONTWANT,109,135,598.9910443180448
3,IDONTWANT,109,21,598.9910443180448
3,IDONTWANT,109,14,598.9910443180448
3,IDONTWANT,913,235,600.1548726416062
3,IDONTWANT,913,728,600.1548726416062
3,IDONTWANT,913,179,600.1548726416062
3,IDONTWANT,913,201,600.1548726416062
3,IDONTWANT,252,840,600.5040068382798
3,IDONTWANT,252,519,600.5040068382798
3,IDONTWANT,252,992,600.5040068382798
3,IDONTWANT,252,461,600.5040068382798
3,IDONTWANT,73,491,602.3147176126613
3,IDONTWANT,73,849,602.3147176126613
3,IDONTWANT,73,709,602.3147176126613
3,IDONTWANT,73,166,602.3147176126613
3,IDONTWANT,200,457,604.0654005274819
3,IDONTWANT,200,3,604.0654005274819
3,IDONTWANT,200,270,604.0654005274819
3,IDONTWANT,200,373,604.0654005274819
3,IDONTWANT,774,589,605.7573249537844
3,IDONTWANT,774,712,605.7573249537844
3,IDONTWANT,774,941,605.7573249537844
3,IDONTWANT,774,414,605.7573249537844
3,IDONTWANT,15,193,606.5237881886212
3,IDONTWANT,15,382,606.5237881886212
3,IDONTWANT,15,100,606.5237881886212
3,IDONTWANT,15,561,606.5237881886212
3,IDONTWANT,855,469,606.7934164882676
3,IDONTWANT,855,498,606.7934164882676
3,IDONTWANT,855,970,606.7934164882676
3,IDONTWANT,855,866,606.7934164882676
3,IDONTWANT,496,629,607.3755046230407
3,IDONTWANT,496,281,607.3755046230407
3,IDONTWANT,496,927,607.3755046230407
3,IDONTWANT,496,836,607.3755046230407
3,IDONTWANT,96,669,607.4931156632089
3,IDONTWANT,96,353,607.4931156632089
3,IDONTWANT,96,819,607.4931156632089
3,IDONTWANT,96,659,607.4931156632089
3,IDONTWANT,772,581,610.0903876771966
3,IDONTWANT,772,534,610.0903876771966
3,IDONTWANT,772,40,610.0903876771966
3,IDONTWANT,772,845,610.0903876771966
3,IDONTWANT,655,899,611.6227399859566
3,IDONTWANT,655,793,611.6227399859566
3,IDONTWANT,655,658,611.6227399859566
3,IDONTWANT,655,717,611.6227399859566
3,IDONTWANT,953,232,611.9842179134955
3,IDONTWANT,953,881,611.9842179134955
3,IDONTWANT,953,150,611.9842179134955
3,IDONTWANT,953,684,611.9842179134955
3,IDONTWANT,129,108,612.4940926164401
3,IDONTWANT,129,905,612.4940926164401
3,IDONTWANT,129,574,612.4940926164401
3,IDONTWANT,129,58,612.4940926164401
3,IDONTWANT,840,252,612.5048465014447
3,IDONTWANT,840,45,612.5048465014447
3,IDONTWANT,840,945,612.5048465014447
3,IDONTWANT,840,505,612.5048465014447
3,IDONTWANT,392,327,612.6587650190565
3,IDONTWANT,392,472,612.6587650190565
3,IDONTWANT,392,370,612.6587650190565
3,IDONTWANT,392,803,612.6587650190565
3,IDONTWANT,288,757,614.8517256768334
3,IDONTWANT,288,669,614.8517256768334
3,IDONTWANT,288,266,614.8517256768334
3,IDONTWANT,288,416,614.8517256768334
3,IDONTWANT,152,442,615.5416752928867
3,IDONTWANT,152,528,615.5416752928867
3,IDONTWANT,152,414,615.5416752928867
3,IDONTWANT,152,348,615.5416752928867
3,IDONTWANT,965,981,615.7626042323647
3,IDONTWANT,965,696,615.7626042323647
3,IDONTWANT,965,956,615.7626042323647
3,IDONTWANT,965,361,615.7626042323647
3,IDONTWANT,247,502,616.41708433912
3,IDONTWANT,247,298,616.41708433912
3,IDONTWANT,247,726,616.41708433912
3,IDONTWANT,247,529,616.41708433912
3,IDONTWANT,311,436,617.2474121506401
3,IDONTWANT,311,727,617.2474121506401
3,IDONTWANT,311,783,617.2474121506401
3,IDONTWANT,311,918,617.2474121506401
3,IDONTWANT,214,611,617.3603860603897
3,IDONTWANT,214,399,617.3603860603897
3,IDONTWANT,214,783,617.3603860603897
3,IDONTWANT,214,334,617.3603860603897
3,IDONTWANT,911,283,617.5522722323169
3,IDONTWANT,911,585,617.5522722323169
3,IDONTWANT,911,185,617.5522722323169
3,IDONTWANT,911,141,617.5522722323169
3,IDONTWANT,651,248,617.8395261141411
3,IDONTWANT,651,930,617.8395261141411
3,IDONTWANT,651,874,617.8395261141411
3,IDONTWANT,651,440,617.8395261141411
3,IDONTWANT,559,535,618.0134422754103
3,IDONTWANT,559,996,618.0134422754103
3,IDONTWANT,559,271,618.0134422754103
3,IDONTWANT,559,302,618.0134422754103
3,IDONTWANT,4,39,618.8634712926156
3,IDONTWANT,4,89,618.8634712926156
3,IDONTWANT,4,445,618.8634712926156
3,IDONTWANT,4,429,618.8634712926156
3,IDONTWANT,919,315,619.2128547023303
3,IDONTWANT,919,207,619.2128547023303
3,IDONTWANT,919,10,619.2128547023303
3,IDONTWANT,919,67,619.2128547023303
3,IDONTWANT,238,866,619.2710556195536
3,IDONTWANT,238,392,619.2710556195536
3,IDONTWANT,238,78,619.2710556195536
3,IDONTWANT,238,491,619.2710556195536
3,IDONTWANT,382,939,619.8996640065347
3,IDONTWANT,382,825,619.8996640065347
3,IDONTWANT,382,650,619.8996640065347
3,IDONTWANT,382,970,619.8996640065347
3,IDONTWANT,863,989,620.78861576626
3,IDONTWANT,863,240,620.78861576626
3,IDONTWANT,863,738,620.78861576626
3,IDONTWANT,863,227,620.78861576626
3,IDONTWANT,273,288,620.8154762647728
3,IDONTWANT,273,104,620.8154762647728
3,IDONTWANT,273,52,620.8154762647728
3,IDONTWANT,273,855,620.8154762647728
3,IDONTWANT,718,651,620.9351301467314
3,IDONTWANT,718,859,620.9351301467314
3,IDONTWANT,718,304,620.9351301467314
3,IDONTWANT,718,202,620.9351301467314
3,IDONTWANT,821,872,621.3644763029952
3,IDONTWANT,821,816,621.3644763029952
3,IDONTWANT,821,827,621.3644763029952
3,IDONTWANT,821,560,621.3644763029952
3,IDONTWANT,134,628,621.513810457671
3,IDONTWANT,134,997,621.513810457671
3,IDONTWANT,134,518,621.513810457671
3,IDONTWANT,134,621,621.513810457671
3,IDONTWANT,480,109,623.0503367330708
3,IDONTWANT,480,68,623.0503367330708
3,IDONTWANT,480,131,623.0503367330708
3,IDONTWANT,480,367,623.0503367330708
3,IDONTWANT,271,78,623.5755243629225
3,IDONTWANT,271,370,623.5755243629225
3,IDONTWANT,271,948,623.5755243629225
3,IDONTWANT,271,439,623.5755243629225
3,IDONTWANT,432,496,623.5829684840597
3,IDONTWANT,432,64,623.5829684840597
3,IDONTWANT,432,417,623.5829684840597
3,IDONTWANT,432,103,623.5829684840597
3,IDONTWANT,431,32,623.6451007249315
3,IDONTWANT,431,815,623.6451007249315
3,IDONTWANT,431,508,623.6451007249315
3,IDONTWANT,431,562,623.6451007249315
3,IDONTWANT,490,198,624.1971469797037
3,IDONTWANT,490,134,624.1971469797037
3,IDONTWANT,490,907,624.1971469797037
3,IDONTWANT,490,504,624.1971469797037
3,IDONTWANT,160,107,625.0827387394284
3,IDONTWANT,160,86,625.0827387394284
3,IDONTWANT,160,272,625.0827387394284
3,IDONTWANT,160,279,625.0827387394284
3,IDONTWANT,2,549,625.6939333032899
3,IDONTWANT,2,97,625.6939333032899
3,IDONTWANT,2,375,625.6939333032899
3,IDONTWANT,2,597,625.6939333032899
3,IDONTWANT,920,708,626.0399955403426
3,IDONTWANT,920,750,626.0399955403426
3,IDONTWANT,920,532,626.0399955403426
3,IDONTWANT,920,417,626.0399955403426
3,IDONTWANT,63,616,626.647458209963
3,IDONTWANT,63,53,626.647458209963
3,IDONTWANT,63,105,626.647458209963
3,IDONTWANT,63,0,626.647458209963
3,IDONTWANT,942,256,627.4627386007278
3,IDONTWANT,942,568,627.4627386007278
3,IDONTWANT,942,836,627.4627386007278
3,IDONTWANT,942,979,627.4627386007278
3,IDONTWANT,714,926,627.522671965771
3,IDONTWANT,714,412,627.522671965771
3,IDONTWANT,714,811,627.522671965771
3,IDONTWANT,714,547,627.522671965771
3,IDONTWANT,323,584,627.9221856586921
3,IDONTWANT,323,942,627.9221856586921
3,IDONTWANT,323,38,627.9221856586921
3,IDONTWANT,323,661,627.9221856586921
3,IDONTWANT,459,730,628.0721594972571
3,IDONTWANT,459,636,628.0721594972571
3,IDONTWANT,459,705,628.0721594972571
3,IDONTWANT,459,845,628.0721594972571
3,IDONTWANT,849,99,628.1223988848005
3,IDONTWANT,849,970,628.1223988848005
3,IDONTWANT,849,457,628.1223988848005
3,IDONTWANT,849,785,628.1223988848005
3,IDONTWANT,640,168,628.3369611404551
3,IDONTWANT,640,986,628.3369611404551
3,IDONTWANT,640,674,628.3369611404551
3,IDONTWANT,640,104,628.3369611404551
3,IDONTWANT,84,200,628.3509245871305
3,IDONTWANT,84,826,628.3509245871305
3,IDONTWANT,84,246,628.3509245871305
3,IDONTWANT,84,838,628.3509245871305
3,IDONTWANT,202,332,628.666025760334
3,IDONTWANT,202,251,628.666025760334
3,IDONTWANT,202,35,628.666025760334
3,IDONTWANT,202,989,628.666025760334
3,IDONTWANT,209,601,628.6857384487419
3,IDONTWANT,209,42,628.6857384487419
3,IDONTWANT,209,404,628.6857384487419
3,IDONTWANT,209,23,628.6857384487419
3,IDONTWANT,286,174,628.9925655273478
3,IDONTWANT,286,484,628.9925655273478
3,IDONTWANT,286,425,628.9925655273478
3,IDONTWANT,286,352,628.9925655273478
3,IDONTWANT,566,336,629.0885254567695
3,IDONTWANT,566,616,629.0885254567695
3,IDONTWANT,566,244,629.0885254567695
3,IDONTWANT,566,388,629.0885254567695
3,IDONTWANT,36,698,629.5821719606769
3,IDONTWANT,36,842,629.5821719606769
3,IDONTWANT,36,457,629.5821719606769
3,IDONTWANT,36,292,629.5821719606769
3,IDONTWANT,808,822,629.9705850016873
3,IDONTWANT,808,848,629.9705850016873
3,IDONTWANT,808,614,629.9705850016873
3,IDONTWANT,808,340,629.9705850016873
3,IDONTWANT,12,554,630.1932121758539
3,IDONTWANT,12,121,630.1932121758539
3,IDONTWANT,12,585,630.1932121758539
3,IDONTWANT,12,316,630.1932121758539
3,IDONTWANT,665,894,630.4768694188007
3,IDONTWANT,665,187,630.4768694188007
3,IDONTWANT,665,916,630.4768694188007
3,IDONTWANT,665,671,630.4768694188007
3,IDONTWANT,100,183,630.9100604285604
3,IDONTWANT,100,445,630.9100604285604
3,IDONTWANT,100,809,630.9100604285604
3,IDONTWANT,100,652,630.9100604285604
3,IDONTWANT,340,34,631.3279459870347
3,IDONTWANT,340,713,631.3279459870347
3,IDONTWANT,340,347,631.3279459870347
3,IDONTWANT,340,736,631.3279459870347
3,IDONTWANT,544,204,631.4040230439545
3,IDONTWANT,544,530,631.4040230439545
3,IDONTWANT,544,623,631.4040230439545
3,IDONTWANT,544,659,631.4040230439545
3,IDONTWANT,491,294,631.5242502387722
3,IDONTWANT,491,980,631.5242502387722
3,IDONTWANT,491,831,631.5242502387722
3,IDONTWANT,491,939,631.5242502387722
3,IDONTWANT,472,797,632.1679014959593
3,IDONTWANT,472,313,632.1679014959593
3,IDONTWANT,472,665,632.1679014959593
3,IDONTWANT,472,430,632.1679014959593
3,IDONTWANT,719,506,633.3714138204546
3,IDONTWANT,719,709,633.3714138204546
3,IDONTWANT,719,218,633.3714138204546
3,IDONTWANT,719,543,633.3714138204546
3,IDONTWANT,818,801,633.5926421499395
3,IDONTWANT,818,43,633.5926421499395
3,IDONTWANT,818,295,633.5926421499395
3,IDONTWANT,818,854,633.5926421499395
3,IDONTWANT,217,44,634.0591333001507
3,IDONTWANT,217,845,634.0591333001507
3,IDONTWANT,217,856,634.0591333001507
3,IDONTWANT,217,733,634.0591333001507
3,IDONTWANT,255,596,634.3714372294485
3,IDONTWANT,255,92,634.3714372294485
3,IDONTWANT,255,145,634.3714372294485
3,IDONTWANT,255,766,634.3714372294485
3,IDONTWANT,287,289,634.8275640470783
3,IDONTWANT,287,305,634.8275640470783
3,IDONTWANT,287,261,634.8275640470783
3,IDONTWANT,287,757,634.8275640470783
3,IDONTWANT,120,431,635.3680538306987
3,IDONTWANT,120,847,635.3680538306987
3,IDONTWANT,120,940,635.3680538306987
3,IDONTWANT,120,900,635.3680538306987
3,IDONTWANT,611,967,635.923278308753
3,IDONTWANT,611,162,635.923278308753
3,IDONTWANT,611,290,635.923278308753
3,IDONTWANT,611,835,635.923278308753
3,IDONTWANT,147,375,636.1633070144267
3,IDONTWANT,147,146,636.1633070144267
3,IDONTWANT,147,260,636.1633070144267
3,IDONTWANT,631,129,636.2224464626139
3,IDONTWANT,631,342,636.2224464626139
3,IDONTWANT,631,473,636.2224464626139
3,IDONTWANT,631,659,636.2224464626139
3,IDONTWANT,867,942,636.3066386863159
3,IDONTWANT,867,48,636.3066386863159
3,IDONTWANT,867,264,636.3066386863159
3,IDONTWANT,867,805,636.3066386863159
3,IDONTWANT,967,647,636.7398806526556
3,IDONTWANT,967,11,636.7398806526556
3,IDONTWANT,967,373,636.7398806526556
3,IDONTWANT,967,111,636.7398806526556
3,IDONTWANT,26,776,636.7974261451214
3,IDONTWANT,26,351,636.7974261451214
3,IDONTWANT,26,156,636.7974261451214
3,IDONTWANT,26,956,636.7974261451214
3,IDONTWANT,823,355,637.3390596113111
3,IDONTWANT,823,547,637.3390596113111
3,IDONTWANT,823,87,637.3390596113111
3,IDONTWANT,823,552,637.3390596113111
3,IDONTWANT,460,913,637.5022133780176
3,IDONTWANT,460,164,637.5022133780176
3,IDONTWANT,460,656,637.5022133780176
3,IDONTWANT,460,805,637.5022133780176
3,IDONTWANT,319,846,637.6732583510956
3,IDONTWANT,319,740,637.6732583510956
3,IDONTWANT,319,718,637.6732583510956
3,IDONTWANT,319,663,637.6732583510956
3,IDONTWANT,626,356,637.8123366261315
3,IDONTWANT,626,595,637.8123366261315
3,IDONTWANT,626,334,637.8123366261315
3,IDONTWANT,626,534,637.8123366261315
3,IDONTWANT,889,58,637.9964057722437
3,IDONTWANT,889,184,637.9964057722437
3,IDONTWANT,889,730,637.9964057722437
3,IDONTWANT,889,462,637.9964057722437
3,IDONTWANT,373,786,638.3918906057436
3,IDONTWANT,373,415,638.3918906057436
3,IDONTWANT,373,41,638.3918906057436
3,IDONTWANT,373,385,638.3918906057436
3,IDONTWANT,600,531,638.585335021189
3,IDONTWANT,600,792,638.585335021189
3,IDONTWANT,600,100,638.585335021189
3,IDONTWANT,600,355,638.585335021189
3,IDONTWANT,815,705,638.6692036856857
3,IDONTWANT,815,1,638.6692036856857
3,IDONTWANT,815,329,638.6692036856857
3,IDONTWANT,815,269,638.6692036856857
3,IDONTWANT,641,200,639.6259430765656
3,IDONTWANT,641,393,639.6259430765656
3,IDONTWANT,641,154,639.6259430765656
3,IDONTWANT,641,151,639.6259430765656
3,IDONTWANT,534,11,640.7100352920322
3,IDONTWANT,534,57,640.7100352920322
3,IDONTWANT,534,661,640.7100352920322
3,IDONTWANT,534,841,640.7100352920322
3,IDONTWANT,882,911,641.019267132244
3,IDONTWANT,882,767,641.019267132244
3,IDONTWANT,882,143,641.019267132244
3,IDONTWANT,882,796,641.019267132244
3,IDONTWANT,502,652,641.738133824424
3,IDONTWANT,502,959,641.738133824424
3,IDONTWANT,502,284,641.738133824424
3,IDONTWANT,502,696,641.738133824424
3,IDONTWANT,795,633,642.4588570470639
3,IDONTWANT,795,81,642.4588570470639
3,IDONTWANT,795,398,642.4588570470639
3,IDONTWANT,795,318,642.4588570470639
3,IDONTWANT,111,105,642.5757654543928
3,IDONTWANT,111,540,642.5757654543928
3,IDONTWANT,111,768,642.5757654543928
3,IDONTWANT,111,957,642.5757654543928
3,IDONTWANT,477,240,642.6297995842046
3,IDONTWANT,477,457,642.6297995842046
3,IDONTWANT,477,782,642.6297995842046
3,IDONTWANT,477,634,642.6297995842046
3,IDONTWANT,78,885,642.7857622155898
3,IDONTWANT,78,94,642.7857622155898
3,IDONTWANT,78,713,642.7857622155898
3,IDONTWANT,78,866,642.7857622155898
3,IDONTWANT,622,175,642.9441658415647
3,IDONTWANT,622,388,642.9441658415647
3,IDONTWANT,622,906,642.9441658415647
3,IDONTWANT,622,646,642.9441658415647
3,IDONTWANT,768,264,643.0244531901405
3,IDONTWANT,768,884,643.0244531901405
3,IDONTWANT,768,309,643.0244531901405
3,IDONTWANT,768,189,643.0244531901405
3,IDONTWANT,811,316,643.0887076330162
3,IDONTWANT,811,598,643.0887076330162
3,IDONTWANT,811,438,643.0887076330162
3,IDONTWANT,811,910,643.0887076330162
3,IDONTWANT,554,39,643.1984416862163
3,IDONTWANT,554,126,643.1984416862163
3,IDONTWANT,554,343,643.1984416862163
3,IDONTWANT,554,913,643.1984416862163
3,IDONTWANT,163,433,643.3832610805416
3,IDONTWANT,163,870,643.3832610805416
3,IDONTWANT,163,934,643.3832610805416
3,IDONTWANT,163,693,643.3832610805416
3,IDONTWANT,605,536,643.622898813602
3,IDONTWANT,605,206,643.622898813602
3,IDONTWANT,605,295,643.622898813602
3,IDONTWANT,605,781,643.622898813602
3,IDONTWANT,126,743,644.5313264179333
3,IDONTWANT,126,123,644.5313264179333
3,IDONTWANT,126,570,644.5313264179333
3,IDONTWANT,126,63,644.5313264179333
3,IDONTWANT,870,148,645.1433270745398
3,IDONTWANT,870,325,645.1433270745398
3,IDONTWANT,870,773,645.1433270745398
3,IDONTWANT,870,5,645.1433270745398
3,IDONTWANT,799,972,645.1442383913364
3,IDONTWANT,799,588,645.1442383913364
3,IDONTWANT,799,745,645.1442383913364
3,IDONTWANT,799,449,645.1442383913364
3,IDONTWANT,497,467,645.8152439688481
3,IDONTWANT,497,147,645.8152439688481
3,IDONTWANT,497,260,645.8152439688481
3,IDONTWANT,497,515,645.8152439688481
3,IDONTWANT,218,914,645.9042905131688
3,IDONTWANT,218,526,645.9042905131688
3,IDONTWANT,218,643,645.9042905131688
3,IDONTWANT,218,440,645.9042905131688
3,IDONTWANT,468,906,646.4108918352936
3,IDONTWANT,468,576,646.4108918352936
3,IDONTWANT,468,863,646.4108918352936
3,IDONTWANT,468,776,646.4108918352936
3,IDONTWANT,34,681,646.4395741421833
3,IDONTWANT,34,67,646.4395741421833
3,IDONTWANT,34,63,646.4395741421833
3,IDONTWANT,34,749,646.4395741421833
3,IDONTWANT,520,631,646.4638767697319
3,IDONTWANT,520,641,646.4638767697319
3,IDONTWANT,520,442,646.4638767697319
3,IDONTWANT,520,427,646.4638767697319
3,IDONTWANT,766,377,646.5980395726922
3,IDONTWANT,766,893,646.5980395726922
3,IDONTWANT,766,843,646.5980395726922
3,IDONTWANT,766,142,646.5980395726922
3,IDONTWANT,628,678,646.7197767636274
3,IDONTWANT,628,567,646.7197767636274
3,IDONTWANT,628,760,646.7197767636274
3,IDONTWANT,628,331,646.7197767636274
3,IDONTWANT,902,244,647.4431039634993
3,IDONTWANT,902,948,647.4431039634993
3,IDONTWANT,902,243,647.4431039634993
3,IDONTWANT,902,99,647.4431039634993
3,IDONTWANT,787,374,647.8223043530472
3,IDONTWANT,787,793,647.8223043530472
3,IDONTWANT,787,765,647.8223043530472
3,IDONTWANT,787,730,647.8223043530472
3,IDONTWANT,517,600,648.962398791843
3,IDONTWANT,517,951,648.962398791843
3,IDONTWANT,517,680,648.962398791843
3,IDONTWANT,517,918,648.962398791843
3,IDONTWANT,378,981,649.0429301823964
3,IDONTWANT,378,977,649.0429301823964
3,IDONTWANT,378,632,649.0429301823964
3,IDONTWANT,378,44,649.0429301823964
3,IDONTWANT,346,236,650.1249026712968
3,IDONTWANT,346,477,650.1249026712968
3,IDONTWANT,346,226,650.1249026712968
3,IDONTWANT,346,271,650.1249026712968
3,IDONTWANT,825,205,650.3183973786437
3,IDONTWANT,825,806,650.3183973786437
3,IDONTWANT,825,768,650.3183973786437
3,IDONTWANT,825,739,650.3183973786437
3,IDONTWANT,762,468,650.3646271848064
3,IDONTWANT,762,640,650.3646271848064
3,IDONTWANT,762,781,650.3646271848064
3,IDONTWANT,762,178,650.3646271848064
3,IDONTWANT,403,240,650.9681267207878
3,IDONTWANT,403,766,650.9681267207878
3,IDONTWANT,403,552,650.9681267207878
3,IDONTWANT,403,868,650.9681267207878
3,IDONTWANT,3,60,651.0727932958418
3,IDONTWANT,3,932,651.0727932958418
3,IDONTWANT,3,520,651.0727932958418
3,IDONTWANT,3,220,651.0727932958418
3,IDONTWANT,506,879,651.3926305692597
3,IDONTWANT,506,368,651.3926305692597
3,IDONTWANT,506,990,651.3926305692597
3,IDONTWANT,506,894,651.3926305692597
3,IDONTWANT,484,945,651.8109199915253
3,IDONTWANT,484,752,651.8109199915253
3,IDONTWANT,484,321,651.8109199915253
3,IDONTWANT,484,797,651.8109199915253
3,IDONTWANT,525,108,652.6985961705973
3,IDONTWANT,525,536,652.6985961705973
3,IDONTWANT,525,365,652.6985961705973
3,IDONTWANT,525,547,652.6985961705973
3,IDONTWANT,173,465,653.2733681111176
3,IDONTWANT,173,11,653.2733681111176
3,IDONTWANT,173,348,653.2733681111176
3,IDONTWANT,173,567,653.2733681111176
3,IDONTWANT,21,185,653.9637353703122
3,IDONTWANT,21,716,653.9637353703122
3,IDONTWANT,21,799,653.9637353703122
3,IDONTWANT,21,250,653.9637353703122
3,IDONTWANT,757,808,655.5541312527489
3,IDONTWANT,757,512,655.5541312527489
3,IDONTWANT,757,932,655.5541312527489
3,IDONTWANT,757,556,655.5541312527489
3,IDONTWANT,270,403,655.6277563056805
3,IDONTWANT,270,400,655.6277563056805
3,IDONTWANT,270,891,655.6277563056805
3,IDONTWANT,270,604,655.6277563056805
3,IDONTWANT,304,369,655.7733100520524
3,IDONTWANT,304,128,655.7733100520524
3,IDONTWANT,304,704,655.7733100520524
3,IDONTWANT,304,516,655.7733100520524
3,IDONTWANT,249,121,655.9327573712285
3,IDONTWANT,249,916,655.9327573712285
3,IDONTWANT,249,563,655.9327573712285
3,IDONTWANT,249,204,655.9327573712285
3,IDONTWANT,512,149,656.1122368943518
3,IDONTWANT,512,368,656.1122368943518
3,IDONTWANT,512,338,656.1122368943518
3,IDONTWANT,512,783,656.1122368943518
3,IDONTWANT,164,839,656.1689635601176
3,IDONTWANT,164,969,656.1689635601176
3,IDONTWANT,164,265,656.1689635601176
3,IDONTWANT,164,416,656.1689635601176
3,IDONTWANT,627,159,656.2820325703715
3,IDONTWANT,627,889,656.2820325703715
3,IDONTWANT,627,864,656.2820325703715
3,IDONTWANT,627,461,656.2820325703715
3,IDONTWANT,256,537,656.3763297054968
3,IDONTWANT,256,269,656.3763297054968
3,IDONTWANT,256,976,656.3763297054968
3,IDONTWANT,256,369,656.3763297054968
3,IDONTWANT,916,779,656.3965737309362
3,IDONTWANT,916,280,656.3965737309362
3,IDONTWANT,916,179,656.3965737309362
3,IDONTWANT,916,210,656.3965737309362
3,IDONTWANT,615,807,656.5508351916549
3,IDONTWANT,615,714,656.5508351916549
3,IDONTWANT,615,574,656.5508351916549
3,IDONTWANT,615,806,656.5508351916549
3,IDONTWANT,464,42,656.6377215147718
3,IDONTWANT,464,409,656.6377215147718
3,IDONTWANT,464,962,656.6377215147718
3,IDONTWANT,464,531,656.6377215147718
3,IDONTWANT,964,54,656.9700132761045
3,IDONTWANT,964,332,656.9700132761045
3,IDONTWANT,964,529,656.9700132761045
3,IDONTWANT,964,150,656.9700132761045
3,IDONTWANT,562,15,657.3211514954664
3,IDONTWANT,562,173,657.3211514954664
3,IDONTWANT,562,266,657.3211514954664
3,IDONTWANT,562,927,657.3211514954664
3,IDONTWANT,19,477,657.8696892753183
3,IDONTWANT,19,600,657.8696892753183
3,IDONTWANT,19,946,657.8696892753183
3,IDONTWANT,19,465,657.8696892753183
3,IDONTWANT,992,375,658.0835519161085
3,IDONTWANT,992,471,658.0835519161085
3,IDONTWANT,992,913,658.0835519161085
3,IDONTWANT,992,561,658.0835519161085
3,IDONTWANT,204,187,658.2890529250251
3,IDONTWANT,204,1,658.2890529250251
3,IDONTWANT,204,344,658.2890529250251
3,IDONTWANT,204,391,658.2890529250251
3,IDONTWANT,197,687,658.7312924665272
3,IDONTWANT,197,995,658.7312924665272
3,IDONTWANT,197,289,658.7312924665272
3,IDONTWANT,197,614,658.7312924665272
3,IDONTWANT,747,353,658.7964524365859
3,IDONTWANT,747,999,658.7964524365859
3,IDONTWANT,747,208,658.7964524365859
3,IDONTWANT,747,670,658.7964524365859
3,IDONTWANT,242,340,658.8015397400816
3,IDONTWANT,242,261,658.8015397400816
3,IDONTWANT,242,668,658.8015397400816
3,IDONTWANT,242,762,658.8015397400816
3,IDONTWANT,879,199,659.2469664607544
3,IDONTWANT,879,818,659.2469664607544
3,IDONTWANT,879,36,659.2469664607544
3,IDONTWANT,879,160,659.2469664607544
3,IDONTWANT,996,559,659.6040968535865
3,IDONTWANT,996,392,659.6040968535865
3,IDONTWANT,996,992,659.6040968535865
3,IDONTWANT,996,599,659.6040968535865
3,IDONTWANT,828,725,659.6870891996628
3,IDONTWANT,828,211,659.6870891996628
3,IDONTWANT,828,949,659.6870891996628
3,IDONTWANT,828,260,659.6870891996628
3,IDONTWANT,71,320,659.9401958973947
3,IDONTWANT,71,88,659.9401958973947
3,IDONTWANT,71,148,659.9401958973947
3,IDONTWANT,71,105,659.9401958973947
3,IDONTWANT,1,667,660.3903523064918
3,IDONTWANT,1,50,660.3903523064918
3,IDONTWANT,1,75,660.3903523064918
3,IDONTWANT,1,841,660.3903523064918
3,IDONTWANT,733,651,660.54202132179
3,IDONTWANT,733,662,660.54202132179
3,IDONTWANT,733,29,660.54202132179
3,IDONTWANT,733,21,660.54202132179
3,IDONTWANT,45,141,661.0153544145851
3,IDONTWANT,45,839,661.0153544145851
3,IDONTWANT,45,441,661.0153544145851
3,IDONTWANT,45,885,661.0153544145851
3,IDONTWANT,498,988,661.5223667135527
3,IDONTWANT,498,942,661.5223667135527
3,IDONTWANT,498,491,661.5223667135527
3,IDONTWANT,498,213,661.5223667135527
3,IDONTWANT,376,766,661.5974053289711
3,IDONTWANT,376,64,661.5974053289711
3,IDONTWANT,376,921,661.5974053289711
3,IDONTWANT,376,621,661.5974053289711
3,IDONTWANT,305,542,662.9565282371066
3,IDONTWANT,305,645,662.9565282371066
3,IDONTWANT,305,810,662.9565282371066
3,IDONTWANT,305,884,662.9565282371066
3,IDONTWANT,261,25,663.3433942706939
3,IDONTWANT,261,162,663.3433942706939
3,IDONTWANT,261,3,663.3433942706939
3,IDONTWANT,261,973,663.3433942706939
3,IDONTWANT,355,403,663.5653615365175
3,IDONTWANT,355,461,663.5653615365175
3,IDONTWANT,355,920,663.5653615365175
3,IDONTWANT,355,730,663.5653615365175
3,IDONTWANT,997,405,663.6444753242532
3,IDONTWANT,997,12,663.6444753242532
3,IDONTWANT,997,946,663.6444753242532
3,IDONTWANT,997,361,663.6444753242532
3,IDONTWANT,616,107,663.8607575556762
3,IDONTWANT,616,644,663.8607575556762
3,IDONTWANT,616,334,663.8607575556762
3,IDONTWANT,616,364,663.8607575556762
3,IDONTWANT,49,181,664.0591937807684
3,IDONTWANT,49,155,664.0591937807684
3,IDONTWANT,49,238,664.0591937807684
3,IDONTWANT,49,675,664.0591937807684
3,IDONTWANT,208,837,664.6233147959568
3,IDONTWANT,208,91,664.6233147959568
3,IDONTWANT,208,147,664.6233147959568
3,IDONTWANT,208,410,664.6233147959568
3,IDONTWANT,244,136,666.8552653573004
3,IDONTWANT,244,12,666.8552653573004
3,IDONTWANT,244,494,666.8552653573004
3,IDONTWANT,244,62,666.8552653573004
3,IDONTWANT,47,368,667.0286848966712
3,IDONTWANT,47,700,667.0286848966712
3,IDONTWANT,47,906,667.0286848966712
3,IDONTWANT,47,390,667.0286848966712
3,IDONTWANT,54,976,667.7325070388328
3,IDONTWANT,54,129,667.7325070388328
3,IDONTWANT,54,708,667.7325070388328
3,IDONTWANT,54,880,667.7325070388328
3,IDONTWANT,972,464,667.868150285658
3,IDONTWANT,972,648,667.868150285658
3,IDONTWANT,972,47,667.868150285658
3,IDONTWANT,972,828,667.868150285658
3,IDONTWANT,40,506,668.1542467613749
3,IDONTWANT,40,61,668.1542467613749
3,IDONTWANT,40,224,668.1542467613749
3,IDONTWANT,40,787,668.1542467613749
3,IDONTWANT,939,550,668.1631416988394
3,IDONTWANT,939,137,668.1631416988394
3,IDONTWANT,939,21,668.1631416988394
3,IDONTWANT,939,249,668.1631416988394
3,IDONTWANT,756,623,668.1773048109255
3,IDONTWANT,756,785,668.1773048109255
3,IDONTWANT,756,673,668.1773048109255
3,IDONTWANT,756,61,668.1773048109255
3,IDONTWANT,531,98,668.3805073773693
3,IDONTWANT,531,65,668.3805073773693
3,IDONTWANT,531,654,668.3805073773693
3,IDONTWANT,531,148,668.3805073773693
3,IDONTWANT,962,577,671.106601623045
3,IDONTWANT,962,823,671.106601623045
3,IDONTWANT,962,934,671.106601623045
3,IDONTWANT,962,328,671.106601623045
3,IDONTWANT,991,395,671.3438639938818
3,IDONTWANT,991,206,671.3438639938818
3,IDONTWANT,991,561,671.3438639938818
3,IDONTWANT,991,727,671.3438639938818
3,IDONTWANT,368,50,671.3809563809002
3,IDONTWANT,368,723,671.3809563809002
3,IDONTWANT,368,485,671.3809563809002
3,IDONTWANT,368,200,671.3809563809002
3,IDONTWANT,709,11,671.5365716785597
3,IDONTWANT,709,214,671.5365716785597
3,IDONTWANT,709,975,671.5365716785597
3,IDONTWANT,709,73,671.5365716785597
3,IDONTWANT,963,834,671.6262309167369
3,IDONTWANT,963,410,671.6262309167369
3,IDONTWANT,963,867,671.6262309167369
3,IDONTWANT,963,574,671.6262309167369
3,IDONTWANT,436,277,671.8305478582627
3,IDONTWANT,436,419,671.8305478582627
3,IDONTWANT,436,290,671.8305478582627
3,IDONTWANT,436,684,671.8305478582627
3,IDONTWANT,331,472,671.8983555193109
3,IDONTWANT,331,285,671.8983555193109
3,IDONTWANT,331,982,671.8983555193109
3,IDONTWANT,331,323,671.8983555193109
3,IDONTWANT,577,353,672.3803450485711
3,IDONTWANT,577,145,672.3803450485711
3,IDONTWANT,577,718,672.3803450485711
3,IDONTWANT,577,29,672.3803450485711
3,IDONTWANT,689,649,672.9385640784642
3,IDONTWANT,689,197,672.9385640784642
3,IDONTWANT,689,480,672.9385640784642
3,IDONTWANT,689,657,672.9385640784642
3,IDONTWANT,917,140,673.8956601243788
3,IDONTWANT,917,627,673.8956601243788
3,IDONTWANT,917,685,673.8956601243788
3,IDONTWANT,917,724,673.8956601243788
3,IDONTWANT,587,34,674.0914663581536
3,IDONTWANT,587,35,674.0914663581536
3,IDONTWANT,587,973,674.0914663581536
3,IDONTWANT,587,869,674.0914663581536
3,IDONTWANT,168,705,674.2498532850759
3,IDONTWANT,168,188,674.2498532850759
3,IDONTWANT,168,436,674.2498532850759
3,IDONTWANT,168,917,674.2498532850759
3,IDONTWANT,946,590,674.5059814960256
3,IDONTWANT,946,475,674.5059814960256
3,IDONTWANT,946,535,674.5059814960256
3,IDONTWANT,946,244,674.5059814960256
3,IDONTWANT,303,511,674.5341491785534
3,IDONTWANT,303,284,674.5341491785534
3,IDONTWANT,303,589,674.5341491785534
3,IDONTWANT,303,991,674.5341491785534
3,IDONTWANT,135,525,674.5394598293096
3,IDONTWANT,135,205,674.5394598293096
3,IDONTWANT,135,710,674.5394598293096
3,IDONTWANT,135,284,674.5394598293096
3,IDONTWANT,327,101,674.9691106173141
3,IDONTWANT,327,72,674.9691106173141
3,IDONTWANT,327,307,674.9691106173141
3,IDONTWANT,327,538,674.9691106173141
3,IDONTWANT,215,738,676.7938679460632
3,IDONTWANT,215,507,676.7938679460632
3,IDONTWANT,215,153,676.7938679460632
3,IDONTWANT,215,291,676.7938679460632
3,IDONTWANT,545,519,676.8797119848998
3,IDONTWANT,545,664,676.8797119848998
3,IDONTWANT,545,657,676.8797119848998
3,IDONTWANT,545,425,676.8797119848998
3,IDONTWANT,998,166,677.2645664813756
3,IDONTWANT,998,882,677.2645664813756
3,IDONTWANT,998,974,677.2645664813756
3,IDONTWANT,998,244,677.2645664813756
3,IDONTWANT,236,747,677.5047156528075
3,IDONTWANT,236,775,677.5047156528075
3,IDONTWANT,236,210,677.5047156528075
3,IDONTWANT,236,237,677.5047156528075
3,IDONTWANT,211,86,677.5321525055895
3,IDONTWANT,211,600,677.5321525055895
3,IDONTWANT,211,981,677.5321525055895
3,IDONTWANT,211,542,677.5321525055895
3,IDONTWANT,51,604,678.0901995886522
3,IDONTWANT,51,187,678.0901995886522
3,IDONTWANT,51,270,678.0901995886522
3,IDONTWANT,51,289,678.0901995886522
3,IDONTWANT,240,47,678.7768357839773
3,IDONTWANT,240,632,678.7768357839773
3,IDONTWANT,240,648,678.7768357839773
3,IDONTWANT,240,659,678.7768357839773
3,IDONTWANT,918,643,679.2180603579662
3,IDONTWANT,918,831,679.2180603579662
3,IDONTWANT,918,196,679.2180603579662
3,IDONTWANT,918,596,679.2180603579662
3,IDONTWANT,351,972,679.419340066816
3,IDONTWANT,351,610,679.419340066816
3,IDONTWANT,351,149,679.419340066816
3,IDONTWANT,351,945,679.419340066816
3,IDONTWANT,483,41,679.7640944415515
3,IDONTWANT,483,652,679.7640944415515
3,IDONTWANT,483,133,679.7640944415515
3,IDONTWANT,483,84,679.7640944415515
3,IDONTWANT,122,537,679.968764032197
3,IDONTWANT,122,523,679.968764032197
3,IDONTWANT,122,19,679.968764032197
3,IDONTWANT,122,894,679.968764032197
3,IDONTWANT,101,341,680.1520032844795
3,IDONTWANT,101,88,680.1520032844795
3,IDONTWANT,101,821,680.1520032844795
3,IDONTWANT,101,969,680.1520032844795
3,IDONTWANT,359,538,680.440517518784
3,IDONTWANT,359,765,680.440517518784
3,IDONTWANT,359,479,680.440517518784
3,IDONTWANT,359,32,680.440517518784
3,IDONTWANT,85,411,680.6078241405648
3,IDONTWANT,85,758,680.6078241405648
3,IDONTWANT,85,823,680.6078241405648
3,IDONTWANT,85,233,680.6078241405648
3,IDONTWANT,550,384,680.9064804931031
3,IDONTWANT,550,865,680.9064804931031
3,IDONTWANT,550,447,680.9064804931031
3,IDONTWANT,550,764,680.9064804931031
3,IDONTWANT,136,464,681.3099357766388
3,IDONTWANT,136,521,681.3099357766388
3,IDONTWANT,136,547,681.3099357766388
3,IDONTWANT,136,827,681.3099357766388
3,IDONTWANT,488,26,681.4643249477143
3,IDONTWANT,488,878,681.4643249477143
3,IDONTWANT,488,67,681.4643249477143
3,IDONTWANT,488,629,681.4643249477143
3,IDONTWANT,722,121,681.5140735662715
3,IDONTWANT,722,270,681.5140735662715
3,IDONTWANT,722,429,681.5140735662715
3,IDONTWANT,722,239,681.5140735662715
3,IDONTWANT,894,342,682.2966697356768
3,IDONTWANT,894,823,682.2966697356768
3,IDONTWANT,894,171,682.2966697356768
3,IDONTWANT,894,266,682.2966697356768
3,IDONTWANT,759,641,682.6523078444235
3,IDONTWANT,759,689,682.6523078444235
3,IDONTWANT,759,713,682.6523078444235
3,IDONTWANT,759,705,682.6523078444235
3,IDONTWANT,973,905,683.3060333128024
3,IDONTWANT,973,997,683.3060333128024
3,IDONTWANT,973,41,683.3060333128024
3,IDONTWANT,973,35,683.3060333128024
3,IDONTWANT,816,274,684.0148051562894
3,IDONTWANT,816,432,684.0148051562894
3,IDONTWANT,816,161,684.0148051562894
3,IDONTWANT,816,600,684.0148051562894
3,IDONTWANT,523,669,685.3624437046474
3,IDONTWANT,523,46,685.3624437046474
3,IDONTWANT,523,22,685.3624437046474
3,IDONTWANT,523,55,685.3624437046474
3,IDONTWANT,980,115,685.795067728544
3,IDONTWANT,980,312,685.795067728544
3,IDONTWANT,980,355,685.795067728544
3,IDONTWANT,980,663,685.795067728544
3,IDONTWANT,533,411,685.8974076808207
3,IDONTWANT,533,832,685.8974076808207
3,IDONTWANT,533,270,685.8974076808207
3,IDONTWANT,533,991,685.8974076808207
3,IDONTWANT,608,816,686.3302065706317
3,IDONTWANT,608,846,686.3302065706317
3,IDONTWANT,608,188,686.3302065706317
3,IDONTWANT,608,991,686.3302065706317
3,IDONTWANT,68,979,686.5389408006989
3,IDONTWANT,68,356,686.5389408006989
3,IDONTWANT,68,617,686.5389408006989
3,IDONTWANT,68,373,686.5389408006989
3,IDONTWANT,140,915,687.0964296694136
3,IDONTWANT,140,966,687.0964296694136
3,IDONTWANT,140,208,687.0964296694136
3,IDONTWANT,140,861,687.0964296694136
3,IDONTWANT,796,319,687.4966746786221
3,IDONTWANT,796,746,687.4966746786221
3,IDONTWANT,796,614,687.4966746786221
3,IDONTWANT,796,169,687.4966746786221
3,IDONTWANT,48,981,687.7784566552481
3,IDONTWANT,48,237,687.7784566552481
3,IDONTWANT,48,155,687.7784566552481
3,IDONTWANT,48,85,687.7784566552481
3,IDONTWANT,812,252,687.9798941890127
3,IDONTWANT,812,385,687.9798941890127
3,IDONTWANT,812,396,687.9798941890127
3,IDONTWANT,812,701,687.9798941890127
3,IDONTWANT,44,412,689.529586982305
3,IDONTWANT,44,563,689.529586982305
3,IDONTWANT,44,285,689.529586982305
3,IDONTWANT,44,905,689.529586982305
3,IDONTWANT,895,502,689.5582409916111
3,IDONTWANT,895,111,689.5582409916111
3,IDONTWANT,895,325,689.5582409916111
3,IDONTWANT,895,467,689.5582409916111
3,IDONTWANT,294,929,690.0113509817069
3,IDONTWANT,294,341,690.0113509817069
3,IDONTWANT,294,778,690.0113509817069
3,IDONTWANT,294,461,690.0113509817069
3,IDONTWANT,599,808,690.179232915228
3,IDONTWANT,599,422,690.179232915228
3,IDONTWANT,599,31,690.179232915228
3,IDONTWANT,599,446,690.179232915228
3,IDONTWANT,686,821,690.3797583293928
3,IDONTWANT,686,984,690.3797583293928
3,IDONTWANT,686,401,690.3797583293928
3,IDONTWANT,686,473,690.3797583293928
3,IDONTWANT,312,824,690.7415107293415
3,IDONTWANT,312,485,690.7415107293415
3,IDONTWANT,312,992,690.7415107293415
3,IDONTWANT,312,602,690.7415107293415
3,IDONTWANT,370,197,690.8538620483894
3,IDONTWANT,370,331,690.8538620483894
3,IDONTWANT,370,373,690.8538620483894
3,IDONTWANT,370,756,690.8538620483894
3,IDONTWANT,390,843,691.0549766095836
3,IDONTWANT,390,709,691.0549766095836
3,IDONTWANT,390,792,691.0549766095836
3,IDONTWANT,390,154,691.0549766095836
3,IDONTWANT,643,445,691.1331259777539
3,IDONTWANT,643,280,691.1331259777539
3,IDONTWANT,643,200,691.1331259777539
3,IDONTWANT,643,111,691.1331259777539
3,IDONTWANT,486,771,691.5586577044214
3,IDONTWANT,486,517,691.5586577044214
3,IDONTWANT,486,917,691.5586577044214
3,IDONTWANT,486,386,691.5586577044214
3,IDONTWANT,647,810,691.6675614183298
3,IDONTWANT,647,447,691.6675614183298
3,IDONTWANT,647,711,691.6675614183298
3,IDONTWANT,647,227,691.6675614183298
3,IDONTWANT,414,104,692.0887793087795
3,IDONTWANT,414,4,692.0887793087795
3,IDONTWANT,414,487,692.0887793087795
3,IDONTWANT,414,905,692.0887793087795
3,IDONTWANT,530,249,692.1093585420191
3,IDONTWANT,530,725,692.1093585420191
3,IDONTWANT,530,152,692.1093585420191
3,IDONTWANT,530,461,692.1093585420191
3,IDONTWANT,94,495,692.5911748548674
3,IDONTWANT,94,640,692.5911748548674
3,IDONTWANT,94,922,692.5911748548674
3,IDONTWANT,94,625,692.5911748548674
3,IDONTWANT,35,719,693.150172939632
3,IDONTWANT,35,318,693.150172939632
3,IDONTWANT,35,663,693.150172939632
3,IDONTWANT,35,592,693.150172939632
3,IDONTWANT,833,533,693.5788915320175
3,IDONTWANT,833,919,693.5788915320175
3,IDONTWANT,833,265,693.5788915320175
3,IDONTWANT,833,907,693.5788915320175
3,IDONTWANT,508,706,693.6232576925174
3,IDONTWANT,508,904,693.6232576925174
3,IDONTWANT,508,918,693.6232576925174
3,IDONTWANT,508,107,693.6232576925174
3,IDONTWANT,601,480,693.6286120556201
3,IDONTWANT,601,722,693.6286120556201
3,IDONTWANT,601,49,693.6286120556201
3,IDONTWANT,601,550,693.6286120556201
3,IDONTWANT,469,689,693.6656588812908
3,IDONTWANT,469,39,693.6656588812908
3,IDONTWANT,469,684,693.6656588812908
3,IDONTWANT,469,859,693.6656588812908
3,IDONTWANT,131,791,694.219781940764
3,IDONTWANT,131,100,694.219781940764
3,IDONTWANT,131,520,694.219781940764
3,IDONTWANT,131,464,694.219781940764
3,IDONTWANT,332,661,694.3388495494634
3,IDONTWANT,332,860,694.3388495494634
3,IDONTWANT,332,905,694.3388495494634
3,IDONTWANT,332,248,694.3388495494634
3,IDONTWANT,318,996,694.4643953525258
3,IDONTWANT,318,699,694.4643953525258
3,IDONTWANT,318,111,694.4643953525258
3,IDONTWANT,318,965,694.4643953525258
3,IDONTWANT,585,729,694.6415264927832
3,IDONTWANT,585,967,694.6415264927832
3,IDONTWANT,585,393,694.6415264927832
3,IDONTWANT,585,109,694.6415264927832
3,IDONTWANT,706,928,694.6750792956378
3,IDONTWANT,706,332,694.6750792956378
3,IDONTWANT,706,803,694.6750792956378
3,IDONTWANT,706,966,694.6750792956378
3,IDONTWANT,914,615,695.677296830594
3,IDONTWANT,914,81,695.677296830594
3,IDONTWANT,914,848,695.677296830594
3,IDONTWANT,914,89,695.677296830594
3,IDONTWANT,509,258,695.6868141250287
3,IDONTWANT,509,549,695.6868141250287
3,IDONTWANT,509,645,695.6868141250287
3,IDONTWANT,509,878,695.6868141250287
3,IDONTWANT,198,249,695.732994677698
3,IDONTWANT,198,710,695.732994677698
3,IDONTWANT,198,301,695.732994677698
3,IDONTWANT,198,46,695.732994677698
3,IDONTWANT,159,808,695.8697124796604
3,IDONTWANT,159,235,695.8697124796604
3,IDONTWANT,159,996,695.8697124796604
3,IDONTWANT,159,898,695.8697124796604
3,IDONTWANT,461,878,696.2665098088062
3,IDONTWANT,461,227,696.2665098088062
3,IDONTWANT,461,636,696.2665098088062
3,IDONTWANT,461,414,696.2665098088062
3,IDONTWANT,364,979,697.3158274591226
3,IDONTWANT,364,907,697.3158274591226
3,IDONTWANT,364,126,697.3158274591226
3,IDONTWANT,364,575,697.3158274591226
3,IDONTWANT,960,346,697.8584987765734
3,IDONTWANT,960,410,697.8584987765734
3,IDONTWANT,960,246,697.8584987765734
3,IDONTWANT,960,858,697.8584987765734
3,IDONTWANT,786,762,698.5322881411747
3,IDONTWANT,786,191,698.5322881411747
3,IDONTWANT,786,945,698.5322881411747
3,IDONTWANT,786,51,698.5322881411747
3,IDONTWANT,838,591,699.0635647769515
3,IDONTWANT,838,577,699.0635647769515
3,IDONTWANT,838,367,699.0635647769515
3,IDONTWANT,838,412,699.0635647769515
3,IDONTWANT,567,930,699.3175760419599
3,IDONTWANT,567,873,699.3175760419599
3,IDONTWANT,567,646,699.3175760419599
3,IDONTWANT,567,944,699.3175760419599
3,IDONTWANT,405,799,699.3420411998233
3,IDONTWANT,405,862,699.3420411998233
3,IDONTWANT,405,300,699.3420411998233
3,IDONTWANT,405,286,699.3420411998233
3,IDONTWANT,321,87,699.7988370818844
3,IDONTWANT,321,565,699.7988370818844
3,IDONTWANT,321,796,699.7988370818844
3,IDONTWANT,321,40,699.7988370818844
3,IDONTWANT,479,183,699.8451533841243
3,IDONTWANT,479,830,699.8451533841243
3,IDONTWANT,479,485,699.8451533841243
3,IDONTWANT,479,409,699.8451533841243
3,IDONTWANT,157,530,700.410743667858
3,IDONTWANT,157,639,700.410743667858
3,IDONTWANT,157,303,700.410743667858
3,IDONTWANT,157,525,700.410743667858
3,IDONTWANT,663,20,700.9231710742511
3,IDONTWANT,663,636,700.9231710742511
3,IDONTWANT,663,880,700.9231710742511
3,IDONTWANT,663,419,700.9231710742511
3,IDONTWANT,725,928,700.9904991259759
3,IDONTWANT,725,147,700.9904991259759
3,IDONTWANT,725,717,700.9904991259759
3,IDONTWANT,725,503,700.9904991259759
3,IDONTWANT,806,341,701.360675860736
3,IDONTWANT,806,299,701.360675860736
3,IDONTWANT,806,286,701.360675860736
3,IDONTWANT,806,62,701.360675860736
3,IDONTWANT,487,669,701.4914483619748
3,IDONTWANT,487,974,701.4914483619748
3,IDONTWANT,487,804,701.4914483619748
3,IDONTWANT,487,139,701.4914483619748
3,IDONTWANT,994,838,702.1724182281002
3,IDONTWANT,994,317,702.1724182281002
3,IDONTWANT,994,31,702.1724182281002
3,IDONTWANT,994,248,702.1724182281002
3,IDONTWANT,729,712,702.2245242872258
3,IDONTWANT,729,576,702.2245242872258
3,IDONTWANT,729,509,702.2245242872258
3,IDONTWANT,729,681,702.2245242872258
3,IDONTWANT,18,545,702.7498586749996
3,IDONTWANT,18,438,702.7498586749996
3,IDONTWANT,18,796,702.7498586749996
3,IDONTWANT,18,322,702.7498586749996
3,IDONTWANT,785,582,702.768836467248
3,IDONTWANT,785,248,702.768836467248
3,IDONTWANT,785,461,702.768836467248
3,IDONTWANT,785,751,702.768836467248
3,IDONTWANT,257,135,704.208535568409
3,IDONTWANT,257,618,704.208535568409
3,IDONTWANT,257,840,704.208535568409
3,IDONTWANT,257,647,704.208535568409
3,IDONTWANT,322,1,704.5539658256063
3,IDONTWANT,322,802,704.5539658256063
3,IDONTWANT,322,128,704.5539658256063
3,IDONTWANT,322,238,704.5539658256063
3,IDONTWANT,442,414,704.9034083752365
3,IDONTWANT,442,208,704.9034083752365
3,IDONTWANT,442,965,704.9034083752365
3,IDONTWANT,442,6,704.9034083752365
3,IDONTWANT,253,276,705.101865903406
3,IDONTWANT,253,397,705.101865903406
3,IDONTWANT,253,214,705.101865903406
3,IDONTWANT,253,939,705.101865903406
3,IDONTWANT,504,812,705.2293961503287
3,IDONTWANT,504,804,705.2293961503287
3,IDONTWANT,504,270,705.2293961503287
3,IDONTWANT,504,117,705.2293961503287
3,IDONTWANT,712,239,705.2814507186774
3,IDONTWANT,712,190,705.2814507186774
3,IDONTWANT,712,795,705.2814507186774
3,IDONTWANT,712,462,705.2814507186774
3,IDONTWANT,289,672,705.3383658751269
3,IDONTWANT,289,244,705.3383658751269
3,IDONTWANT,289,309,705.3383658751269
3,IDONTWANT,289,495,705.3383658751269
3,IDONTWANT,830,394,705.7014756199833
3,IDONTWANT,830,470,705.7014756199833
3,IDONTWANT,830,553,705.7014756199833
3,IDONTWANT,830,89,705.7014756199833
3,IDONTWANT,41,295,706.0867297891823
3,IDONTWANT,41,133,706.0867297891823
3,IDONTWANT,41,757,706.0867297891823
3,IDONTWANT,41,254,706.0867297891823
3,IDONTWANT,734,624,706.1891420673915
3,IDONTWANT,734,46,706.1891420673915
3,IDONTWANT,734,698,706.1891420673915
3,IDONTWANT,734,755,706.1891420673915
3,IDONTWANT,188,911,706.5100357719846
3,IDONTWANT,188,403,706.5100357719846
3,IDONTWANT,188,994,706.5100357719846
3,IDONTWANT,188,519,706.5100357719846
3,IDONTWANT,860,656,706.587071849761
3,IDONTWANT,860,91,706.587071849761
3,IDONTWANT,860,980,706.587071849761
3,IDONTWANT,860,943,706.587071849761
3,IDONTWANT,537,960,706.8722969544225
3,IDONTWANT,537,530,706.8722969544225
3,IDONTWANT,537,752,706.8722969544225
3,IDONTWANT,537,504,706.8722969544225
3,IDONTWANT,675,351,707.095434063956
3,IDONTWANT,675,420,707.095434063956
3,IDONTWANT,675,760,707.095434063956
3,IDONTWANT,675,971,707.095434063956
3,IDONTWANT,52,4,707.3846444005059
3,IDONTWANT,52,150,707.3846444005059
3,IDONTWANT,52,430,707.3846444005059
3,IDONTWANT,52,548,707.3846444005059
3,IDONTWANT,391,622,707.9332064089058
3,IDONTWANT,391,241,707.9332064089058
3,IDONTWANT,391,335,707.9332064089058
3,IDONTWANT,391,882,707.9332064089058
3,IDONTWANT,564,968,708.2150690960809
3,IDONTWANT,564,163,708.2150690960809
3,IDONTWANT,564,765,708.2150690960809
3,IDONTWANT,564,937,708.2150690960809
3,IDONTWANT,752,740,708.4212827752727
3,IDONTWANT,752,567,708.4212827752727
3,IDONTWANT,752,907,708.4212827752727
3,IDONTWANT,752,415,708.4212827752727
3,IDONTWANT,596,933,708.4982931546492
3,IDONTWANT,596,328,708.4982931546492
3,IDONTWANT,596,788,708.4982931546492
3,IDONTWANT,596,988,708.4982931546492
3,IDONTWANT,943,30,708.5420340039315
3,IDONTWANT,943,19,708.5420340039315
3,IDONTWANT,943,98,708.5420340039315
3,IDONTWANT,943,949,708.5420340039315
3,IDONTWANT,783,223,708.7195848329692
3,IDONTWANT,783,891,708.7195848329692
3,IDONTWANT,783,124,708.7195848329692
3,IDONTWANT,783,132,708.7195848329692
3,IDONTWANT,411,405,709.8212377927725
3,IDONTWANT,411,257,709.8212377927725
3,IDONTWANT,411,251,709.8212377927725
3,IDONTWANT,411,520,709.8212377927725
3,IDONTWANT,201,985,710.1460457032755
3,IDONTWANT,201,337,710.1460457032755
3,IDONTWANT,201,996,710.1460457032755
3,IDONTWANT,201,561,710.1460457032755
3,IDONTWANT,170,650,711.182817403065
3,IDONTWANT,170,90,711.182817403065
3,IDONTWANT,170,821,711.182817403065
3,IDONTWANT,170,267,711.182817403065
3,IDONTWANT,86,205,711.6705619921562
3,IDONTWANT,86,531,711.6705619921562
3,IDONTWANT,86,505,711.6705619921562
3,IDONTWANT,86,365,711.6705619921562
3,IDONTWANT,458,652,711.8601924258174
3,IDONTWANT,458,397,711.8601924258174
3,IDONTWANT,458,88,711.8601924258174
3,IDONTWANT,458,926,711.8601924258174
3,IDONTWANT,521,525,712.0777705228312
3,IDONTWANT,521,372,712.0777705228312
3,IDONTWANT,521,918,712.0777705228312
3,IDONTWANT,521,48,712.0777705228312
3,IDONTWANT,696,803,712.6583708183151
3,IDONTWANT,696,872,712.6583708183151
3,IDONTWANT,696,235,712.6583708183151
3,IDONTWANT,696,273,712.6583708183151
3,IDONTWANT,210,307,712.9448110400278
3,IDONTWANT,210,312,712.9448110400278
3,IDONTWANT,210,645,712.9448110400278
3,IDONTWANT,210,239,712.9448110400278
3,IDONTWANT,624,544,713.0262269946533
3,IDONTWANT,624,608,713.0262269946533
3,IDONTWANT,624,773,713.0262269946533
3,IDONTWANT,624,706,713.0262269946533
3,IDONTWANT,53,379,713.0861752303888
3,IDONTWANT,53,625,713.0861752303888
3,IDONTWANT,53,580,713.0861752303888
3,IDONTWANT,53,327,713.0861752303888
3,IDONTWANT,700,287,713.2858797127795
3,IDONTWANT,700,366,713.2858797127795
3,IDONTWANT,700,250,713.2858797127795
3,IDONTWANT,700,670,713.2858797127795
3,IDONTWANT,272,774,713.5854403918601
3,IDONTWANT,272,282,713.5854403918601
3,IDONTWANT,272,875,713.5854403918601
3,IDONTWANT,272,49,713.5854403918601
3,IDONTWANT,310,992,714.7995955008344
3,IDONTWANT,310,22,714.7995955008344
3,IDONTWANT,310,130,714.7995955008344
3,IDONTWANT,310,33,714.7995955008344
3,IDONTWANT,341,431,715.2207397936388
3,IDONTWANT,341,372,715.2207397936388
3,IDONTWANT,341,699,715.2207397936388
3,IDONTWANT,341,406,715.2207397936388
3,IDONTWANT,574,79,715.3250565405276
3,IDONTWANT,574,579,715.3250565405276
3,IDONTWANT,574,933,715.3250565405276
3,IDONTWANT,574,175,715.3250565405276
3,IDONTWANT,260,920,715.8637242362717
3,IDONTWANT,260,898,715.8637242362717
3,IDONTWANT,260,498,715.8637242362717
3,IDONTWANT,260,404,715.8637242362717
3,IDONTWANT,235,76,715.9703274860462
3,IDONTWANT,235,867,715.9703274860462
3,IDONTWANT,235,272,715.9703274860462
3,IDONTWANT,235,241,715.9703274860462
3,IDONTWANT,65,972,717.1908361834701
3,IDONTWANT,65,373,717.1908361834701
3,IDONTWANT,65,629,717.1908361834701
3,IDONTWANT,65,26,717.1908361834701
3,IDONTWANT,145,125,717.5046644912376
3,IDONTWANT,145,919,717.5046644912376
3,IDONTWANT,145,796,717.5046644912376
3,IDONTWANT,145,159,717.5046644912376
3,IDONTWANT,412,539,717.6219439656688
3,IDONTWANT,412,236,717.6219439656688
3,IDONTWANT,412,666,717.6219439656688
3,IDONTWANT,412,828,717.6219439656688
3,IDONTWANT,648,512,717.8489898395494
3,IDONTWANT,648,647,717.8489898395494
3,IDONTWANT,648,303,717.8489898395494
3,IDONTWANT,648,474,717.8489898395494
3,IDONTWANT,872,305,718.6435209983908
3,IDONTWANT,872,603,718.6435209983908
3,IDONTWANT,872,605,718.6435209983908
3,IDONTWANT,872,451,718.6435209983908
3,IDONTWANT,802,977,719.8146181489012
3,IDONTWANT,802,660,719.8146181489012
3,IDONTWANT,802,167,719.8146181489012
3,IDONTWANT,802,644,719.8146181489012
3,IDONTWANT,410,593,720.1877090765855
3,IDONTWANT,410,192,720.1877090765855
3,IDONTWANT,410,334,720.1877090765855
3,IDONTWANT,410,66,720.1877090765855
3,IDONTWANT,365,988,720.6015391043945
3,IDONTWANT,365,778,720.6015391043945
3,IDONTWANT,365,212,720.6015391043945
3,IDONTWANT,365,390,720.6015391043945
3,IDONTWANT,397,333,721.3484258407651
3,IDONTWANT,397,164,721.3484258407651
3,IDONTWANT,397,437,721.3484258407651
3,IDONTWANT,397,905,721.3484258407651
3,IDONTWANT,514,631,721.4097199575059
3,IDONTWANT,514,762,721.4097199575059
3,IDONTWANT,514,981,721.4097199575059
3,IDONTWANT,514,49,721.4097199575059
3,IDONTWANT,845,21,721.971586910348
3,IDONTWANT,845,96,721.971586910348
3,IDONTWANT,845,34,721.971586910348
3,IDONTWANT,845,209,721.971586910348
3,IDONTWANT,248,293,722.0810845756771
3,IDONTWANT,248,476,722.0810845756771
3,IDONTWANT,248,478,722.0810845756771
3,IDONTWANT,248,786,722.0810845756771
3,IDONTWANT,701,309,723.4857120004982
3,IDONTWANT,701,328,723.4857120004982
3,IDONTWANT,701,491,723.4857120004982
3,IDONTWANT,701,496,723.4857120004982
3,IDONTWANT,470,331,723.5340846527996
3,IDONTWANT,470,120,723.5340846527996
3,IDONTWANT,470,399,723.5340846527996
3,IDONTWANT,470,614,723.5340846527996
3,IDONTWANT,262,504,723.8363075763477
3,IDONTWANT,262,698,723.8363075763477
3,IDONTWANT,262,462,723.8363075763477
3,IDONTWANT,262,416,723.8363075763477
3,IDONTWANT,187,673,723.9698006640058
3,IDONTWANT,187,507,723.9698006640058
3,IDONTWANT,187,560,723.9698006640058
3,IDONTWANT,187,855,723.9698006640058
3,IDONTWANT,852,346,724.1353061546945
3,IDONTWANT,852,205,724.1353061546945
3,IDONTWANT,852,185,724.1353061546945
3,IDONTWANT,852,387,724.1353061546945
3,IDONTWANT,161,40,724.3343346523725
3,IDONTWANT,161,928,724.3343346523725
3,IDONTWANT,161,798,724.3343346523725
3,IDONTWANT,161,186,724.3343346523725
3,IDONTWANT,656,597,724.4458297284923
3,IDONTWANT,656,873,724.4458297284923
3,IDONTWANT,656,234,724.4458297284923
3,IDONTWANT,656,696,724.4458297284923
3,IDONTWANT,952,905,724.4783898617727
3,IDONTWANT,952,140,724.4783898617727
3,IDONTWANT,952,554,724.4783898617727
3,IDONTWANT,952,606,724.4783898617727
3,IDONTWANT,465,160,724.6132232612949
3,IDONTWANT,465,392,724.6132232612949
3,IDONTWANT,465,367,724.6132232612949
3,IDONTWANT,465,126,724.6132232612949
3,IDONTWANT,264,353,724.7996129161335
3,IDONTWANT,264,386,724.7996129161335
3,IDONTWANT,264,324,724.7996129161335
3,IDONTWANT,264,123,724.7996129161335
3,IDONTWANT,409,157,725.8564929955307
3,IDONTWANT,409,288,725.8564929955307
3,IDONTWANT,409,906,725.8564929955307
3,IDONTWANT,409,930,725.8564929955307
3,IDONTWANT,940,991,725.9200252564356
3,IDONTWANT,940,90,725.9200252564356
3,IDONTWANT,940,229,725.9200252564356
3,IDONTWANT,940,633,725.9200252564356
3,IDONTWANT,678,125,725.9511124997363
3,IDONTWANT,678,747,725.9511124997363
3,IDONTWANT,678,628,725.9511124997363
3,IDONTWANT,678,364,725.9511124997363
3,IDONTWANT,178,186,726.3160401849918
3,IDONTWANT,178,207,726.3160401849918
3,IDONTWANT,178,955,726.3160401849918
3,IDONTWANT,178,320,726.3160401849918
3,IDONTWANT,738,735,726.431247364963
3,IDONTWANT,738,425,726.431247364963
3,IDONTWANT,738,640,726.431247364963
3,IDONTWANT,738,129,726.431247364963
3,IDONTWANT,516,317,726.8327115968051
3,IDONTWANT,516,655,726.8327115968051
3,IDONTWANT,516,990,726.8327115968051
3,IDONTWANT,516,892,726.8327115968051
3,IDONTWANT,371,919,726.8447834921194
3,IDONTWANT,371,486,726.8447834921194
3,IDONTWANT,371,31,726.8447834921194
3,IDONTWANT,371,647,726.8447834921194
3,IDONTWANT,363,286,726.8939523727535
3,IDONTWANT,363,82,726.8939523727535
3,IDONTWANT,363,359,726.8939523727535
3,IDONTWANT,363,431,726.8939523727535
3,IDONTWANT,223,599,726.9135271368747
3,IDONTWANT,223,818,726.9135271368747
3,IDONTWANT,223,915,726.9135271368747
3,IDONTWANT,223,729,726.9135271368747
3,IDONTWANT,959,964,726.9339727919353
3,IDONTWANT,959,53,726.9339727919353
3,IDONTWANT,959,795,726.9339727919353
3,IDONTWANT,959,371,726.9339727919353
3,IDONTWANT,524,2,727.2735520101629
3,IDONTWANT,524,581,727.2735520101629
3,IDONTWANT,524,363,727.2735520101629
3,IDONTWANT,524,311,727.2735520101629
3,IDONTWANT,90,458,727.3252311184062
3,IDONTWANT,90,828,727.3252311184062
3,IDONTWANT,90,960,727.3252311184062
3,IDONTWANT,90,741,727.3252311184062
3,IDONTWANT,338,263,727.4209155322462
3,IDONTWANT,338,233,727.4209155322462
3,IDONTWANT,338,684,727.4209155322462
3,IDONTWANT,338,435,727.4209155322462
3,IDONTWANT,251,17,728.2706132242473
3,IDONTWANT,251,297,728.2706132242473
3,IDONTWANT,251,470,728.2706132242473
3,IDONTWANT,251,78,728.2706132242473
3,IDONTWANT,149,765,728.3132844914403
3,IDONTWANT,149,976,728.3132844914403
3,IDONTWANT,149,96,728.3132844914403
3,IDONTWANT,149,408,728.3132844914403
3,IDONTWANT,988,753,728.6032307381927
3,IDONTWANT,988,89,728.6032307381927
3,IDONTWANT,988,758,728.6032307381927
3,IDONTWANT,988,559,728.6032307381927
3,IDONTWANT,950,505,728.6780294580834
3,IDONTWANT,950,599,728.6780294580834
3,IDONTWANT,950,512,728.6780294580834
3,IDONTWANT,950,779,728.6780294580834
3,IDONTWANT,400,511,728.8318827496818
3,IDONTWANT,400,727,728.8318827496818
3,IDONTWANT,400,996,728.8318827496818
3,IDONTWANT,400,458,728.8318827496818
3,IDONTWANT,190,351,729.0385869640421
3,IDONTWANT,190,204,729.0385869640421
3,IDONTWANT,190,853,729.0385869640421
3,IDONTWANT,190,904,729.0385869640421
3,IDONTWANT,258,521,729.2380650792466
3,IDONTWANT,258,287,729.2380650792466
3,IDONTWANT,258,909,729.2380650792466
3,IDONTWANT,258,115,729.2380650792466
3,IDONTWANT,228,572,729.2904666644826
3,IDONTWANT,228,51,729.2904666644826
3,IDONTWANT,228,643,729.2904666644826
3,IDONTWANT,228,19,729.2904666644826
3,IDONTWANT,547,316,729.8373125632909
3,IDONTWANT,547,65,729.8373125632909
3,IDONTWANT,547,307,729.8373125632909
3,IDONTWANT,547,641,729.8373125632909
3,IDONTWANT,408,253,730.5308074454819
3,IDONTWANT,408,190,730.5308074454819
3,IDONTWANT,408,251,730.5308074454819
3,IDONTWANT,408,241,730.5308074454819
3,IDONTWANT,758,626,730.9454564437431
3,IDONTWANT,758,385,730.9454564437431
3,IDONTWANT,758,631,730.9454564437431
3,IDONTWANT,758,150,730.9454564437431
3,IDONTWANT,263,310,731.5525884615856
3,IDONTWANT,263,745,731.5525884615856
3,IDONTWANT,263,144,731.5525884615856
3,IDONTWANT,263,427,731.5525884615856
3,IDONTWANT,986,906,732.2004480167678
3,IDONTWANT,986,300,732.2004480167678
3,IDONTWANT,986,937,732.2004480167678
3,IDONTWANT,986,416,732.2004480167678
3,IDONTWANT,227,107,732.4205643989288
3,IDONTWANT,227,386,732.4205643989288
3,IDONTWANT,227,856,732.4205643989288
3,IDONTWANT,227,463,732.4205643989288
3,IDONTWANT,203,904,732.5275824793664
3,IDONTWANT,203,317,732.5275824793664
3,IDONTWANT,203,224,732.5275824793664
3,IDONTWANT,203,366,732.5275824793664
3,IDONTWANT,765,937,732.5453582854901
3,IDONTWANT,765,953,732.5453582854901
3,IDONTWANT,765,671,732.5453582854901
3,IDONTWANT,765,13,732.5453582854901
3,IDONTWANT,43,509,732.9204981466717
3,IDONTWANT,43,83,732.9204981466717
3,IDONTWANT,43,171,732.9204981466717
3,IDONTWANT,43,460,732.9204981466717
3,IDONTWANT,421,460,733.4582492011593
3,IDONTWANT,421,618,733.4582492011593
3,IDONTWANT,421,266,733.4582492011593
3,IDONTWANT,421,794,733.4582492011593
3,IDONTWANT,955,168,733.9310615572609
3,IDONTWANT,955,971,733.9310615572609
3,IDONTWANT,955,845,733.9310615572609
3,IDONTWANT,955,18,733.9310615572609
3,IDONTWANT,803,822,733.9598307518926
3,IDONTWANT,803,427,733.9598307518926
3,IDONTWANT,803,488,733.9598307518926
3,IDONTWANT,803,394,733.9598307518926
3,IDONTWANT,267,122,735.5020847980846
3,IDONTWANT,267,963,735.5020847980846
3,IDONTWANT,267,949,735.5020847980846
3,IDONTWANT,267,200,735.5020847980846
3,IDONTWANT,56,693,735.5039503374162
3,IDONTWANT,56,758,735.5039503374162
3,IDONTWANT,56,55,735.5039503374162
3,IDONTWANT,56,468,735.5039503374162
3,IDONTWANT,241,203,735.5136989123057
3,IDONTWANT,241,79,735.5136989123057
3,IDONTWANT,241,615,735.5136989123057
3,IDONTWANT,241,150,735.5136989123057
3,IDONTWANT,334,252,735.8560843308717
3,IDONTWANT,334,29,735.8560843308717
3,IDONTWANT,334,984,735.8560843308717
3,IDONTWANT,334,422,735.8560843308717
3,IDONTWANT,183,15,736.1299261407065
3,IDONTWANT,183,18,736.1299261407065
3,IDONTWANT,183,751,736.1299261407065
3,IDONTWANT,183,518,736.1299261407065
3,IDONTWANT,485,738,736.5232435934607
3,IDONTWANT,485,524,736.5232435934607
3,IDONTWANT,485,81,736.5232435934607
3,IDONTWANT,485,55,736.5232435934607
3,IDONTWANT,593,344,736.6132174764573
3,IDONTWANT,593,433,736.6132174764573
3,IDONTWANT,593,267,736.6132174764573
3,IDONTWANT,593,21,736.6132174764573
3,IDONTWANT,966,255,736.7411890458804
3,IDONTWANT,966,891,736.7411890458804
3,IDONTWANT,966,432,736.7411890458804
3,IDONTWANT,966,679,736.7411890458804
3,IDONTWANT,377,347,737.816212958168
3,IDONTWANT,377,371,737.816212958168
3,IDONTWANT,377,278,737.816212958168
3,IDONTWANT,377,343,737.816212958168
3,IDONTWANT,367,842,737.8379778580374
3,IDONTWANT,367,824,737.8379778580374
3,IDONTWANT,367,443,737.8379778580374
3,IDONTWANT,367,89,737.8379778580374
3,IDONTWANT,983,923,738.2614937050787
3,IDONTWANT,983,274,738.2614937050787
3,IDONTWANT,983,86,738.2614937050787
3,IDONTWANT,983,477,738.2614937050787
3,IDONTWANT,572,585,739.1368295011887
3,IDONTWANT,572,906,739.1368295011887
3,IDONTWANT,572,315,739.1368295011887
3,IDONTWANT,572,809,739.1368295011887
3,IDONTWANT,393,802,739.5564309827499
3,IDONTWANT,393,611,739.5564309827499
3,IDONTWANT,393,80,739.5564309827499
3,IDONTWANT,393,525,739.5564309827499
3,IDONTWANT,476,3,739.8285612323141
3,IDONTWANT,476,634,739.8285612323141
3,IDONTWANT,476,502,739.8285612323141
3,IDONTWANT,476,477,739.8285612323141
3,IDONTWANT,727,613,739.8582875943434
3,IDONTWANT,727,884,739.8582875943434
3,IDONTWANT,727,753,739.8582875943434
3,IDONTWANT,727,6,739.8582875943434
3,IDONTWANT,115,247,740.5686925225492
3,IDONTWANT,115,783,740.5686925225492
3,IDONTWANT,115,601,740.5686925225492
3,IDONTWANT,115,334,740.5686925225492
3,IDONTWANT,276,447,740.5885290746905
3,IDONTWANT,276,524,740.5885290746905
3,IDONTWANT,276,324,740.5885290746905
3,IDONTWANT,276,194,740.5885290746905
3,IDONTWANT,495,258,740.6743697775753
3,IDONTWANT,495,162,740.6743697775753
3,IDONTWANT,495,331,740.6743697775753
3,IDONTWANT,495,919,740.6743697775753
3,IDONTWANT,748,504,741.9360587908908
3,IDONTWANT,748,811,741.9360587908908
3,IDONTWANT,748,120,741.9360587908908
3,IDONTWANT,748,338,741.9360587908908
3,IDONTWANT,769,431,741.9867761966949
3,IDONTWANT,769,35,741.9867761966949
3,IDONTWANT,769,326,741.9867761966949
3,IDONTWANT,769,20,741.9867761966949
3,IDONTWANT,810,852,742.0771420836037
3,IDONTWANT,810,154,742.0771420836037
3,IDONTWANT,810,615,742.0771420836037
3,IDONTWANT,810,853,742.0771420836037
3,IDONTWANT,975,939,742.4125763326315
3,IDONTWANT,975,694,742.4125763326315
3,IDONTWANT,975,638,742.4125763326315
3,IDONTWANT,975,279,742.4125763326315
3,IDONTWANT,326,448,743.7062829809178
3,IDONTWANT,326,716,743.7062829809178
3,IDONTWANT,326,783,743.7062829809178
3,IDONTWANT,326,114,743.7062829809178
3,IDONTWANT,886,347,744.0705855317477
3,IDONTWANT,886,330,744.0705855317477
3,IDONTWANT,886,842,744.0705855317477
3,IDONTWANT,886,239,744.0705855317477
3,IDONTWANT,584,901,744.1409126768734
3,IDONTWANT,584,889,744.1409126768734
3,IDONTWANT,584,774,744.1409126768734
3,IDONTWANT,584,937,744.1409126768734
3,IDONTWANT,166,585,744.1483808009534
3,IDONTWANT,166,507,744.1483808009534
3,IDONTWANT,166,718,744.1483808009534
3,IDONTWANT,166,335,744.1483808009534
3,IDONTWANT,713,354,744.4747394954176
3,IDONTWANT,713,804,744.4747394954176
3,IDONTWANT,713,156,744.4747394954176
3,IDONTWANT,713,213,744.4747394954176
3,IDONTWANT,673,487,744.8324475562399
3,IDONTWANT,673,524,744.8324475562399
3,IDONTWANT,673,16,744.8324475562399
3,IDONTWANT,673,654,744.8324475562399
3,IDONTWANT,454,812,745.3000154331265
3,IDONTWANT,454,991,745.3000154331265
3,IDONTWANT,454,825,745.3000154331265
3,IDONTWANT,454,202,745.3000154331265
3,IDONTWANT,859,263,745.4242563169829
3,IDONTWANT,859,326,745.4242563169829
3,IDONTWANT,859,578,745.4242563169829
3,IDONTWANT,859,238,745.4242563169829
3,IDONTWANT,625,772,746.0941195627009
3,IDONTWANT,625,619,746.0941195627009
3,IDONTWANT,625,662,746.0941195627009
3,IDONTWANT,625,34,746.0941195627009
3,IDONTWANT,750,130,746.1649454951381
3,IDONTWANT,750,600,746.1649454951381
3,IDONTWANT,750,997,746.1649454951381
3,IDONTWANT,750,650,746.1649454951381
3,IDONTWANT,0,332,746.5712903619426
3,IDONTWANT,0,971,746.5712903619426
3,IDONTWANT,0,155,746.5712903619426
3,IDONTWANT,0,405,746.5712903619426
3,IDONTWANT,79,268,746.6204242490616
3,IDONTWANT,79,531,746.6204242490616
3,IDONTWANT,79,376,746.6204242490616
3,IDONTWANT,79,931,746.6204242490616
3,IDONTWANT,423,108,746.6879737658581
3,IDONTWANT,423,653,746.6879737658581
3,IDONTWANT,423,611,746.6879737658581
3,IDONTWANT,423,727,746.6879737658581
3,IDONTWANT,399,86,746.8511514424998
3,IDONTWANT,399,213,746.8511514424998
3,IDONTWANT,399,98,746.8511514424998
3,IDONTWANT,399,432,746.8511514424998
3,IDONTWANT,186,675,748.3793054119564
3,IDONTWANT,186,839,748.3793054119564
3,IDONTWANT,186,666,748.3793054119564
3,IDONTWANT,186,443,748.3793054119564
3,IDONTWANT,185,252,748.4557962875585
3,IDONTWANT,185,958,748.4557962875585
3,IDONTWANT,185,458,748.4557962875585
3,IDONTWANT,185,108,748.4557962875585
3,IDONTWANT,801,990,748.7182246556824
3,IDONTWANT,801,817,748.7182246556824
3,IDONTWANT,801,119,748.7182246556824
3,IDONTWANT,801,371,748.7182246556824
3,IDONTWANT,804,796,748.8377277151227
3,IDONTWANT,804,806,748.8377277151227
3,IDONTWANT,804,463,748.8377277151227
3,IDONTWANT,804,968,748.8377277151227
3,IDONTWANT,716,622,750.4224426295286
3,IDONTWANT,716,801,750.4224426295286
3,IDONTWANT,716,92,750.4224426295286
3,IDONTWANT,716,684,750.4224426295286
3,IDONTWANT,156,721,750.5530762298982
3,IDONTWANT,156,18,750.5530762298982
3,IDONTWANT,156,394,750.5530762298982
3,IDONTWANT,156,340,750.5530762298982
3,IDONTWANT,976,643,750.6502221397185
3,IDONTWANT,976,555,750.6502221397185
3,IDONTWANT,976,825,750.6502221397185
3,IDONTWANT,976,946,750.6502221397185
3,IDONTWANT,938,525,750.717722201573
3,IDONTWANT,938,26,750.717722201573
3,IDONTWANT,938,543,750.717722201573
3,IDONTWANT,938,823,750.717722201573
3,IDONTWANT,295,438,750.854291082608
3,IDONTWANT,295,142,750.854291082608
3,IDONTWANT,295,561,750.854291082608
3,IDONTWANT,295,197,750.854291082608
3,IDONTWANT,717,924,751.6058549151085
3,IDONTWANT,717,916,751.6058549151085
3,IDONTWANT,717,561,751.6058549151085
3,IDONTWANT,717,807,751.6058549151085
3,IDONTWANT,269,297,751.9582628450696
3,IDONTWANT,269,259,751.9582628450696
3,IDONTWANT,269,382,751.9582628450696
3,IDONTWANT,269,66,751.9582628450696
3,IDONTWANT,827,58,752.1753243908898
3,IDONTWANT,827,693,752.1753243908898
3,IDONTWANT,827,404,752.1753243908898
3,IDONTWANT,827,476,752.1753243908898
3,IDONTWANT,281,208,752.2480553813898
3,IDONTWANT,281,737,752.2480553813898
3,IDONTWANT,281,82,752.2480553813898
3,IDONTWANT,281,50,752.2480553813898
3,IDONTWANT,529,137,752.2820659084827
3,IDONTWANT,529,14,752.2820659084827
3,IDONTWANT,529,960,752.2820659084827
3,IDONTWANT,529,821,752.2820659084827
3,IDONTWANT,904,166,752.4178463993562
3,IDONTWANT,904,58,752.4178463993562
3,IDONTWANT,904,852,752.4178463993562
3,IDONTWANT,904,743,752.4178463993562
3,IDONTWANT,549,489,752.8561674762179
3,IDONTWANT,549,733,752.8561674762179
3,IDONTWANT,549,552,752.8561674762179
3,IDONTWANT,549,6,752.8561674762179
3,IDONTWANT,775,457,753.5049203732796
3,IDONTWANT,775,68,753.5049203732796
3,IDONTWANT,775,14,753.5049203732796
3,IDONTWANT,775,696,753.5049203732796
3,IDONTWANT,5,72,754.0061360209495
3,IDONTWANT,5,247,754.0061360209495
3,IDONTWANT,5,93,754.0061360209495
3,IDONTWANT,5,565,754.0061360209495
3,IDONTWANT,511,271,754.1686555476191
3,IDONTWANT,511,384,754.1686555476191
3,IDONTWANT,511,377,754.1686555476191
3,IDONTWANT,511,592,754.1686555476191
3,IDONTWANT,928,375,754.1806640635109
3,IDONTWANT,928,37,754.1806640635109
3,IDONTWANT,928,167,754.1806640635109
3,IDONTWANT,928,719,754.1806640635109
3,IDONTWANT,283,630,754.4961349808731
3,IDONTWANT,283,771,754.4961349808731
3,IDONTWANT,283,141,754.4961349808731
3,IDONTWANT,283,660,754.4961349808731
3,IDONTWANT,307,919,754.5145116933966
3,IDONTWANT,307,254,754.5145116933966
3,IDONTWANT,307,394,754.5145116933966
3,IDONTWANT,307,410,754.5145116933966
3,IDONTWANT,153,432,754.7390092891958
3,IDONTWANT,153,201,754.7390092891958
3,IDONTWANT,153,366,754.7390092891958
3,IDONTWANT,153,327,754.7390092891958
3,IDONTWANT,314,953,754.817397585588
3,IDONTWANT,314,950,754.817397585588
3,IDONTWANT,314,951,754.817397585588
3,IDONTWANT,314,846,754.817397585588
3,IDONTWANT,72,768,754.8823450832897
3,IDONTWANT,72,351,754.8823450832897
3,IDONTWANT,72,759,754.8823450832897
3,IDONTWANT,72,272,754.8823450832897
3,IDONTWANT,781,4,755.0112382016534
3,IDONTWANT,781,9,755.0112382016534
3,IDONTWANT,781,700,755.0112382016534
3,IDONTWANT,781,685,755.0112382016534
3,IDONTWANT,162,277,755.1829013467088
3,IDONTWANT,162,774,755.1829013467088
3,IDONTWANT,162,132,755.1829013467088
3,IDONTWANT,162,840,755.1829013467088
3,IDONTWANT,851,134,755.470475740975
3,IDONTWANT,851,260,755.470475740975
3,IDONTWANT,851,864,755.470475740975
3,IDONTWANT,851,38,755.470475740975
3,IDONTWANT,934,328,755.5478786746307
3,IDONTWANT,934,797,755.5478786746307
3,IDONTWANT,934,728,755.5478786746307
3,IDONTWANT,934,888,755.5478786746307
3,IDONTWANT,900,122,755.595601226301
3,IDONTWANT,900,263,755.595601226301
3,IDONTWANT,900,772,755.595601226301
3,IDONTWANT,900,206,755.595601226301
3,IDONTWANT,885,643,756.1239668152175
3,IDONTWANT,885,76,756.1239668152175
3,IDONTWANT,885,463,756.1239668152175
3,IDONTWANT,885,996,756.1239668152175
3,IDONTWANT,749,196,756.9157840855769
3,IDONTWANT,749,324,756.9157840855769
3,IDONTWANT,749,730,756.9157840855769
3,IDONTWANT,749,306,756.9157840855769
3,IDONTWANT,704,952,757.0362719134232
3,IDONTWANT,704,310,757.0362719134232
3,IDONTWANT,704,875,757.0362719134232
3,IDONTWANT,704,394,757.0362719134232
3,IDONTWANT,301,764,757.2167946918413
3,IDONTWANT,301,537,757.2167946918413
3,IDONTWANT,301,215,757.2167946918413
3,IDONTWANT,301,386,757.2167946918413
3,IDONTWANT,930,4,757.2992216232992
3,IDONTWANT,930,364,757.2992216232992
3,IDONTWANT,930,532,757.2992216232992
3,IDONTWANT,930,955,757.2992216232992
3,IDONTWANT,924,969,757.5226308725457
3,IDONTWANT,924,504,757.5226308725457
3,IDONTWANT,924,92,757.5226308725457
3,IDONTWANT,924,15,757.5226308725457
3,IDONTWANT,325,642,758.097092819922
3,IDONTWANT,325,257,758.097092819922
3,IDONTWANT,325,541,758.097092819922
3,IDONTWANT,325,652,758.097092819922
3,IDONTWANT,125,177,758.6829942568475
3,IDONTWANT,125,145,758.6829942568475
3,IDONTWANT,125,485,758.6829942568475
3,IDONTWANT,125,634,758.6829942568475
3,IDONTWANT,226,136,758.9623315850558
3,IDONTWANT,226,653,758.9623315850558
3,IDONTWANT,226,370,758.9623315850558
3,IDONTWANT,226,983,758.9623315850558
3,IDONTWANT,645,211,759.1456211801662
3,IDONTWANT,645,907,759.1456211801662
3,IDONTWANT,645,397,759.1456211801662
3,IDONTWANT,645,475,759.1456211801662
3,IDONTWANT,302,276,759.2378694969636
3,IDONTWANT,302,347,759.2378694969636
3,IDONTWANT,302,771,759.2378694969636
3,IDONTWANT,302,63,759.2378694969636
3,IDONTWANT,447,52,759.4224171118633
3,IDONTWANT,447,565,759.4224171118633
3,IDONTWANT,447,145,759.4224171118633
3,IDONTWANT,447,657,759.4224171118633
3,IDONTWANT,699,2,760.0368039268781
3,IDONTWANT,699,825,760.0368039268781
3,IDONTWANT,699,740,760.0368039268781
3,IDONTWANT,699,819,760.0368039268781
3,IDONTWANT,539,45,760.5223255248976
3,IDONTWANT,539,63,760.5223255248976
3,IDONTWANT,539,545,760.5223255248976
3,IDONTWANT,539,25,760.5223255248976
3,IDONTWANT,31,609,760.6331637200898
3,IDONTWANT,31,509,760.6331637200898
3,IDONTWANT,31,594,760.6331637200898
3,IDONTWANT,31,817,760.6331637200898
3,IDONTWANT,784,483,760.7256281112789
3,IDONTWANT,784,18,760.7256281112789
3,IDONTWANT,784,282,760.7256281112789
3,IDONTWANT,784,736,760.7256281112789
3,IDONTWANT,538,254,761.0815858032338
3,IDONTWANT,538,169,761.0815858032338
3,IDONTWANT,538,926,761.0815858032338
3,IDONTWANT,538,0,761.0815858032338
3,IDONTWANT,141,459,761.3404467807859
3,IDONTWANT,141,140,761.3404467807859
3,IDONTWANT,141,427,761.3404467807859
3,IDONTWANT,141,124,761.3404467807859
3,IDONTWANT,207,795,761.3478029846441
3,IDONTWANT,207,5,761.3478029846441
3,IDONTWANT,207,93,761.3478029846441
3,IDONTWANT,207,271,761.3478029846441
3,IDONTWANT,674,812,761.6437947046767
3,IDONTWANT,674,849,761.6437947046767
3,IDONTWANT,674,378,761.6437947046767
3,IDONTWANT,674,534,761.6437947046767
3,IDONTWANT,974,886,761.9356069795207
3,IDONTWANT,974,656,761.9356069795207
3,IDONTWANT,974,635,761.9356069795207
3,IDONTWANT,974,272,761.9356069795207
3,IDONTWANT,995,341,762.0930222785379
3,IDONTWANT,995,226,762.0930222785379
3,IDONTWANT,995,193,762.0930222785379
3,IDONTWANT,995,524,762.0930222785379
3,IDONTWANT,243,710,762.8827170371757
3,IDONTWANT,243,312,762.8827170371757
3,IDONTWANT,243,637,762.8827170371757
3,IDONTWANT,243,582,762.8827170371757
3,IDONTWANT,843,159,763.0902522163037
3,IDONTWANT,843,323,763.0902522163037
3,IDONTWANT,843,611,763.0902522163037
3,IDONTWANT,843,31,763.0902522163037
3,IDONTWANT,932,123,763.4311556579557
3,IDONTWANT,932,365,763.4311556579557
3,IDONTWANT,932,731,763.4311556579557
3,IDONTWANT,932,250,763.4311556579557
3,IDONTWANT,224,700,763.514447301574
3,IDONTWANT,224,980,763.514447301574
3,IDONTWANT,224,710,763.514447301574
3,IDONTWANT,224,659,763.514447301574
3,IDONTWANT,735,954,764.001653051702
3,IDONTWANT,735,338,764.001653051702
3,IDONTWANT,735,829,764.001653051702
3,IDONTWANT,735,96,764.001653051702
3,IDONTWANT,181,689,765.1288206784766
3,IDONTWANT,181,183,765.1288206784766
3,IDONTWANT,181,278,765.1288206784766
3,IDONTWANT,181,356,765.1288206784766
3,IDONTWANT,402,472,765.2377418951083
3,IDONTWANT,402,636,765.2377418951083
3,IDONTWANT,402,913,765.2377418951083
3,IDONTWANT,402,691,765.2377418951083
3,IDONTWANT,195,167,765.4418885918146
3,IDONTWANT,195,56,765.4418885918146
3,IDONTWANT,195,86,765.4418885918146
3,IDONTWANT,195,682,765.4418885918146
3,IDONTWANT,515,303,765.6149370953416
3,IDONTWANT,515,840,765.6149370953416
3,IDONTWANT,515,529,765.6149370953416
3,IDONTWANT,515,259,765.6149370953416
3,IDONTWANT,106,477,765.6933959185734
3,IDONTWANT,106,826,765.6933959185734
3,IDONTWANT,106,672,765.6933959185734
3,IDONTWANT,106,150,765.6933959185734
3,IDONTWANT,822,701,766.2479840942514
3,IDONTWANT,822,795,766.2479840942514
3,IDONTWANT,822,936,766.2479840942514
3,IDONTWANT,822,511,766.2479840942514
3,IDONTWANT,990,711,766.2973480423982
3,IDONTWANT,990,583,766.2973480423982
3,IDONTWANT,990,226,766.2973480423982
3,IDONTWANT,990,665,766.2973480423982
3,IDONTWANT,528,639,767.0536177385421
3,IDONTWANT,528,849,767.0536177385421
3,IDONTWANT,528,486,767.0536177385421
3,IDONTWANT,528,162,767.0536177385421
3,IDONTWANT,565,334,767.2164441975211
3,IDONTWANT,565,196,767.2164441975211
3,IDONTWANT,565,902,767.2164441975211
3,IDONTWANT,565,398,767.2164441975211
3,IDONTWANT,394,202,767.532304479991
3,IDONTWANT,394,402,767.532304479991
3,IDONTWANT,394,771,767.532304479991
3,IDONTWANT,394,163,767.532304479991
3,IDONTWANT,130,255,768.2664704661253
3,IDONTWANT,130,196,768.2664704661253
3,IDONTWANT,130,284,768.2664704661253
3,IDONTWANT,130,43,768.2664704661253
3,IDONTWANT,221,517,769.5297234053469
3,IDONTWANT,221,583,769.5297234053469
3,IDONTWANT,221,855,769.5297234053469
3,IDONTWANT,221,833,769.5297234053469
3,IDONTWANT,50,239,769.7203997821802
3,IDONTWANT,50,12,769.7203997821802
3,IDONTWANT,50,497,769.7203997821802
3,IDONTWANT,50,852,769.7203997821802
3,IDONTWANT,614,652,769.723399487009
3,IDONTWANT,614,786,769.723399487009
3,IDONTWANT,614,82,769.723399487009
3,IDONTWANT,614,502,769.723399487009
3,IDONTWANT,898,806,769.7471179383593
3,IDONTWANT,898,684,769.7471179383593
3,IDONTWANT,898,948,769.7471179383593
3,IDONTWANT,898,216,769.7471179383593
3,IDONTWANT,10,227,770.3936833132306
3,IDONTWANT,10,48,770.3936833132306
3,IDONTWANT,10,571,770.3936833132306
3,IDONTWANT,10,880,770.3936833132306
3,IDONTWANT,92,82,770.7744342709104
3,IDONTWANT,92,226,770.7744342709104
3,IDONTWANT,92,105,770.7744342709104
3,IDONTWANT,92,233,770.7744342709104
3,IDONTWANT,23,507,771.0562039204458
3,IDONTWANT,23,897,771.0562039204458
3,IDONTWANT,23,352,771.0562039204458
3,IDONTWANT,23,747,771.0562039204458
3,IDONTWANT,896,925,771.952656888004
3,IDONTWANT,896,494,771.952656888004
3,IDONTWANT,896,116,771.952656888004
3,IDONTWANT,896,157,771.952656888004
3,IDONTWANT,66,73,772.0286820276427
3,IDONTWANT,66,896,772.0286820276427
3,IDONTWANT,66,213,772.0286820276427
3,IDONTWANT,66,629,772.0286820276427
3,IDONTWANT,438,319,772.2532986579815
3,IDONTWANT,438,764,772.2532986579815
3,IDONTWANT,438,581,772.2532986579815
3,IDONTWANT,438,905,772.2532986579815
3,IDONTWANT,174,428,772.2666801705402
3,IDONTWANT,174,949,772.2666801705402
3,IDONTWANT,174,938,772.2666801705402
3,IDONTWANT,174,275,772.2666801705402
3,IDONTWANT,578,31,772.4361190131424
3,IDONTWANT,578,42,772.4361190131424
3,IDONTWANT,578,141,772.4361190131424
3,IDONTWANT,578,710,772.4361190131424
3,IDONTWANT,698,436,773.0084271473238
3,IDONTWANT,698,695,773.0084271473238
3,IDONTWANT,698,190,773.0084271473238
3,IDONTWANT,698,493,773.0084271473238
3,IDONTWANT,342,202,774.2871218200023
3,IDONTWANT,342,6,774.2871218200023
3,IDONTWANT,342,817,774.2871218200023
3,IDONTWANT,342,299,774.2871218200023
3,IDONTWANT,309,320,774.4817100358987
3,IDONTWANT,309,870,774.4817100358987
3,IDONTWANT,309,834,774.4817100358987
3,IDONTWANT,309,894,774.4817100358987
3,IDONTWANT,688,796,774.6685476036774
3,IDONTWANT,688,70,774.6685476036774
3,IDONTWANT,688,830,774.6685476036774
3,IDONTWANT,688,818,774.6685476036774
3,IDONTWANT,618,914,774.7872423585653
3,IDONTWANT,618,912,774.7872423585653
3,IDONTWANT,618,764,774.7872423585653
3,IDONTWANT,618,88,774.7872423585653
3,IDONTWANT,22,84,775.4093099144654
3,IDONTWANT,22,589,775.4093099144654
3,IDONTWANT,22,308,775.4093099144654
3,IDONTWANT,22,538,775.4093099144654
3,IDONTWANT,82,338,775.4424660213083
3,IDONTWANT,82,652,775.4424660213083
3,IDONTWANT,82,229,775.4424660213083
3,IDONTWANT,82,628,775.4424660213083
3,IDONTWANT,891,892,775.4674613162157
3,IDONTWANT,891,152,775.4674613162157
3,IDONTWANT,891,272,775.4674613162157
3,IDONTWANT,891,428,775.4674613162157
3,IDONTWANT,956,961,775.6602346545045
3,IDONTWANT,956,650,775.6602346545045
3,IDONTWANT,956,398,775.6602346545045
3,IDONTWANT,956,710,775.6602346545045
3,IDONTWANT,102,995,776.4294164415282
3,IDONTWANT,102,740,776.4294164415282
3,IDONTWANT,102,406,776.4294164415282
3,IDONTWANT,102,475,776.4294164415282
3,IDONTWANT,629,173,776.78831168908
3,IDONTWANT,629,474,776.78831168908
3,IDONTWANT,629,449,776.78831168908
3,IDONTWANT,629,706,776.78831168908
3,IDONTWANT,379,268,777.302933045151
3,IDONTWANT,379,765,777.302933045151
3,IDONTWANT,379,734,777.302933045151
3,IDONTWANT,379,707,777.302933045151
3,IDONTWANT,632,907,777.4660891516105
3,IDONTWANT,632,714,777.4660891516105
3,IDONTWANT,632,243,777.4660891516105
3,IDONTWANT,632,519,777.4660891516105
3,IDONTWANT,229,642,777.8439173846244
3,IDONTWANT,229,545,777.8439173846244
3,IDONTWANT,229,698,777.8439173846244
3,IDONTWANT,229,251,777.8439173846244
3,IDONTWANT,661,730,778.2083774327737
3,IDONTWANT,661,644,778.2083774327737
3,IDONTWANT,661,160,778.2083774327737
3,IDONTWANT,661,256,778.2083774327737
3,IDONTWANT,277,792,778.3976030221335
3,IDONTWANT,277,383,778.3976030221335
3,IDONTWANT,277,804,778.3976030221335
3,IDONTWANT,277,980,778.3976030221335
3,IDONTWANT,970,21,778.869862427675
3,IDONTWANT,970,230,778.869862427675
3,IDONTWANT,970,142,778.869862427675
3,IDONTWANT,970,430,778.869862427675
3,IDONTWANT,831,549,779.8322166300193
3,IDONTWANT,831,825,779.8322166300193
3,IDONTWANT,831,363,779.8322166300193
3,IDONTWANT,831,790,779.8322166300193
3,IDONTWANT,639,999,781.7588421753823
3,IDONTWANT,639,978,781.7588421753823
3,IDONTWANT,639,747,781.7588421753823
3,IDONTWANT,639,104,781.7588421753823
3,IDONTWANT,613,510,781.92424237466
3,IDONTWANT,613,169,781.92424237466
3,IDONTWANT,613,112,781.92424237466
3,IDONTWANT,613,962,781.92424237466
3,IDONTWANT,171,85,782.6494658792493
3,IDONTWANT,171,623,782.6494658792493
3,IDONTWANT,171,877,782.6494658792493
3,IDONTWANT,171,228,782.6494658792493
3,IDONTWANT,328,967,782.8907104896645
3,IDONTWANT,328,597,782.8907104896645
3,IDONTWANT,328,196,782.8907104896645
3,IDONTWANT,328,398,782.8907104896645
3,IDONTWANT,313,502,782.957579555332
3,IDONTWANT,313,0,782.957579555332
3,IDONTWANT,313,74,782.957579555332
3,IDONTWANT,313,401,782.957579555332
3,IDONTWANT,507,463,783.0292157208572
3,IDONTWANT,507,569,783.0292157208572
3,IDONTWANT,507,534,783.0292157208572
3,IDONTWANT,507,594,783.0292157208572
3,IDONTWANT,59,402,783.2128511912275
3,IDONTWANT,59,408,783.2128511912275
3,IDONTWANT,59,409,783.2128511912275
3,IDONTWANT,59,404,783.2128511912275
3,IDONTWANT,103,412,783.3674016409791
3,IDONTWANT,103,762,783.3674016409791
3,IDONTWANT,103,970,783.3674016409791
3,IDONTWANT,103,86,783.3674016409791
3,IDONTWANT,926,136,783.3927331963365
3,IDONTWANT,926,892,783.3927331963365
3,IDONTWANT,926,681,783.3927331963365
3,IDONTWANT,926,272,783.3927331963365
3,IDONTWANT,98,932,784.1717396873333
3,IDONTWANT,98,398,784.1717396873333
3,IDONTWANT,98,802,784.1717396873333
3,IDONTWANT,98,729,784.1717396873333
3,IDONTWANT,540,415,784.5365040355562
3,IDONTWANT,540,190,784.5365040355562
3,IDONTWANT,540,243,784.5365040355562
3,IDONTWANT,540,163,784.5365040355562
3,IDONTWANT,949,46,785.6484958281568
3,IDONTWANT,949,279,785.6484958281568
3,IDONTWANT,949,126,785.6484958281568
3,IDONTWANT,949,476,785.6484958281568
3,IDONTWANT,369,382,785.6760076542977
3,IDONTWANT,369,555,785.6760076542977
3,IDONTWANT,369,942,785.6760076542977
3,IDONTWANT,369,458,785.6760076542977
3,IDONTWANT,385,980,785.8068126473474
3,IDONTWANT,385,477,785.8068126473474
3,IDONTWANT,385,977,785.8068126473474
3,IDONTWANT,385,795,785.8068126473474
3,IDONTWANT,792,936,786.5265025655852
3,IDONTWANT,792,988,786.5265025655852
3,IDONTWANT,792,53,786.5265025655852
3,IDONTWANT,792,734,786.5265025655852
3,IDONTWANT,37,734,786.5297228836613
3,IDONTWANT,37,396,786.5297228836613
3,IDONTWANT,37,909,786.5297228836613
3,IDONTWANT,37,685,786.5297228836613
3,IDONTWANT,237,758,786.6475130113257
3,IDONTWANT,237,666,786.6475130113257
3,IDONTWANT,237,472,786.6475130113257
3,IDONTWANT,237,506,786.6475130113257
3,IDONTWANT,358,195,786.7040716011084
3,IDONTWANT,358,189,786.7040716011084
3,IDONTWANT,358,669,786.7040716011084
3,IDONTWANT,358,959,786.7040716011084
3,IDONTWANT,280,897,786.855461875415
3,IDONTWANT,280,964,786.855461875415
3,IDONTWANT,280,568,786.855461875415
3,IDONTWANT,280,563,786.855461875415
3,IDONTWANT,259,721,787.1154600665062
3,IDONTWANT,259,374,787.1154600665062
3,IDONTWANT,259,236,787.1154600665062
3,IDONTWANT,259,510,787.1154600665062
3,IDONTWANT,910,41,787.8913968352811
3,IDONTWANT,910,934,787.8913968352811
3,IDONTWANT,910,418,787.8913968352811
3,IDONTWANT,910,223,787.8913968352811
3,IDONTWANT,407,756,788.7792430704426
3,IDONTWANT,407,266,788.7792430704426
3,IDONTWANT,407,203,788.7792430704426
3,IDONTWANT,407,450,788.7792430704426
3,IDONTWANT,653,663,789.2168299330812
3,IDONTWANT,653,431,789.2168299330812
3,IDONTWANT,653,867,789.2168299330812
3,IDONTWANT,653,234,789.2168299330812
3,IDONTWANT,535,576,789.2538310432478
3,IDONTWANT,535,915,789.2538310432478
3,IDONTWANT,535,358,789.2538310432478
3,IDONTWANT,535,609,789.2538310432478
3,IDONTWANT,842,647,790.409507026701
3,IDONTWANT,842,474,790.409507026701
3,IDONTWANT,842,806,790.409507026701
3,IDONTWANT,842,83,790.409507026701
3,IDONTWANT,532,893,790.5235572906507
3,IDONTWANT,532,682,790.5235572906507
3,IDONTWANT,532,801,790.5235572906507
3,IDONTWANT,532,276,790.5235572906507
3,IDONTWANT,419,598,790.7394177305094
3,IDONTWANT,419,198,790.7394177305094
3,IDONTWANT,419,953,790.7394177305094
3,IDONTWANT,419,76,790.7394177305094
3,IDONTWANT,887,488,790.8934014003764
3,IDONTWANT,887,118,790.8934014003764
3,IDONTWANT,887,643,790.8934014003764
3,IDONTWANT,887,374,790.8934014003764
3,IDONTWANT,724,570,790.9711556202485
3,IDONTWANT,724,59,790.9711556202485
3,IDONTWANT,724,495,790.9711556202485
3,IDONTWANT,724,478,790.9711556202485
3,IDONTWANT,884,952,791.0263649054247
3,IDONTWANT,884,394,791.0263649054247
3,IDONTWANT,884,862,791.0263649054247
3,IDONTWANT,884,22,791.0263649054247
3,IDONTWANT,184,565,791.1916255250163
3,IDONTWANT,184,195,791.1916255250163
3,IDONTWANT,184,527,791.1916255250163
3,IDONTWANT,184,487,791.1916255250163
3,IDONTWANT,684,310,791.372110294173
3,IDONTWANT,684,760,791.372110294173
3,IDONTWANT,684,410,791.372110294173
3,IDONTWANT,684,963,791.372110294173
3,IDONTWANT,621,438,792.3452369492762
3,IDONTWANT,621,923,792.3452369492762
3,IDONTWANT,621,558,792.3452369492762
3,IDONTWANT,621,513,792.3452369492762
3,IDONTWANT,687,217,792.362908254148
3,IDONTWANT,687,168,792.362908254148
3,IDONTWANT,687,132,792.362908254148
3,IDONTWANT,687,952,792.362908254148
3,IDONTWANT,721,687,793.5689874579936
3,IDONTWANT,721,904,793.5689874579936
3,IDONTWANT,721,119,793.5689874579936
3,IDONTWANT,721,568,793.5689874579936
3,IDONTWANT,579,659,793.9026934120411
3,IDONTWANT,579,650,793.9026934120411
3,IDONTWANT,579,43,793.9026934120411
3,IDONTWANT,579,714,793.9026934120411
3,IDONTWANT,897,525,795.6444212950482
3,IDONTWANT,897,58,795.6444212950482
3,IDONTWANT,897,646,795.6444212950482
3,IDONTWANT,897,917,795.6444212950482
3,IDONTWANT,760,610,795.956806867894
3,IDONTWANT,760,898,795.956806867894
3,IDONTWANT,760,697,795.956806867894
3,IDONTWANT,760,84,795.956806867894
3,IDONTWANT,317,229,796.0181518030091
3,IDONTWANT,317,158,796.0181518030091
3,IDONTWANT,317,155,796.0181518030091
3,IDONTWANT,317,535,796.0181518030091
3,IDONTWANT,415,839,796.851557824737
3,IDONTWANT,415,236,796.851557824737
3,IDONTWANT,415,861,796.851557824737
3,IDONTWANT,415,460,796.851557824737
3,IDONTWANT,834,854,796.8859106549012
3,IDONTWANT,834,534,796.8859106549012
3,IDONTWANT,834,328,796.8859106549012
3,IDONTWANT,834,488,796.8859106549012
3,IDONTWANT,268,731,796.9356451898402
3,IDONTWANT,268,12,796.9356451898402
3,IDONTWANT,268,924,796.9356451898402
3,IDONTWANT,268,758,796.9356451898402
3,IDONTWANT,213,915,796.9628653804259
3,IDONTWANT,213,734,796.9628653804259
3,IDONTWANT,213,803,796.9628653804259
3,IDONTWANT,213,901,796.9628653804259
3,IDONTWANT,274,678,796.9746292874149
3,IDONTWANT,274,293,796.9746292874149
3,IDONTWANT,274,651,796.9746292874149
3,IDONTWANT,274,959,796.9746292874149
3,IDONTWANT,475,516,797.228839050457
3,IDONTWANT,475,448,797.228839050457
3,IDONTWANT,475,183,797.228839050457
3,IDONTWANT,475,23,797.228839050457
3,IDONTWANT,654,684,797.7459695811157
3,IDONTWANT,654,740,797.7459695811157
3,IDONTWANT,654,669,797.7459695811157
3,IDONTWANT,654,902,797.7459695811157
3,IDONTWANT,30,322,797.8288052250157
3,IDONTWANT,30,349,797.8288052250157
3,IDONTWANT,30,712,797.8288052250157
3,IDONTWANT,30,359,797.8288052250157
3,IDONTWANT,771,957,798.0041941840773
3,IDONTWANT,771,936,798.0041941840773
3,IDONTWANT,771,55,798.0041941840773
3,IDONTWANT,771,509,798.0041941840773
3,IDONTWANT,575,148,799.4664897148821
3,IDONTWANT,575,33,799.4664897148821
3,IDONTWANT,575,27,799.4664897148821
3,IDONTWANT,575,114,799.4664897148821
3,IDONTWANT,692,654,799.7371720449618
3,IDONTWANT,692,851,799.7371720449618
3,IDONTWANT,692,839,799.7371720449618
3,IDONTWANT,692,815,799.7371720449618
3,IDONTWANT,604,294,801.2937491559755
3,IDONTWANT,604,174,801.2937491559755
3,IDONTWANT,604,446,801.2937491559755
3,IDONTWANT,604,1,801.2937491559755
3,IDONTWANT,871,962,801.7324923921468
3,IDONTWANT,871,203,801.7324923921468
3,IDONTWANT,871,693,801.7324923921468
3,IDONTWANT,871,766,801.7324923921468
3,IDONTWANT,246,101,802.854354451119
3,IDONTWANT,246,709,802.854354451119
3,IDONTWANT,246,222,802.854354451119
3,IDONTWANT,246,692,802.854354451119
3,IDONTWANT,172,68,803.5875507181653
3,IDONTWANT,172,271,803.5875507181653
3,IDONTWANT,172,884,803.5875507181653
3,IDONTWANT,172,124,803.5875507181653
3,IDONTWANT,999,331,804.0367157484808
3,IDONTWANT,999,570,804.0367157484808
3,IDONTWANT,999,333,804.0367157484808
3,IDONTWANT,999,503,804.0367157484808
3,IDONTWANT,971,993,804.3937048824929
3,IDONTWANT,971,406,804.3937048824929
3,IDONTWANT,971,795,804.3937048824929
3,IDONTWANT,971,959,804.3937048824929
3,IDONTWANT,610,852,804.4381797784808
3,IDONTWANT,610,527,804.4381797784808
3,IDONTWANT,610,266,804.4381797784808
3,IDONTWANT,610,591,804.4381797784808
3,IDONTWANT,46,564,804.7276889582712
3,IDONTWANT,46,286,804.7276889582712
3,IDONTWANT,46,724,804.7276889582712
3,IDONTWANT,46,426,804.7276889582712
3,IDONTWANT,912,863,804.746262374219
3,IDONTWANT,912,184,804.746262374219
3,IDONTWANT,912,534,804.746262374219
3,IDONTWANT,912,788,804.746262374219
3,IDONTWANT,866,566,805.6651531980616
3,IDONTWANT,866,927,805.6651531980616
3,IDONTWANT,866,28,805.6651531980616
3,IDONTWANT,866,857,805.6651531980616
3,IDONTWANT,99,769,805.9829682373891
3,IDONTWANT,99,205,805.9829682373891
3,IDONTWANT,99,490,805.9829682373891
3,IDONTWANT,99,911,805.9829682373891
3,IDONTWANT,150,907,806.1184708335137
3,IDONTWANT,150,499,806.1184708335137
3,IDONTWANT,150,167,806.1184708335137
3,IDONTWANT,150,684,806.1184708335137
3,IDONTWANT,563,241,806.1387225381152
3,IDONTWANT,563,862,806.1387225381152
3,IDONTWANT,563,762,806.1387225381152
3,IDONTWANT,563,207,806.1387225381152
3,IDONTWANT,580,69,806.2359666879933
3,IDONTWANT,580,755,806.2359666879933
3,IDONTWANT,580,47,806.2359666879933
3,IDONTWANT,580,67,806.2359666879933
3,IDONTWANT,837,825,806.2879353088799
3,IDONTWANT,837,717,806.2879353088799
3,IDONTWANT,837,296,806.2879353088799
3,IDONTWANT,837,371,806.2879353088799
3,IDONTWANT,582,204,808.629375050633
3,IDONTWANT,582,838,808.629375050633
3,IDONTWANT,582,978,808.629375050633
3,IDONTWANT,582,840,808.629375050633
3,IDONTWANT,473,315,808.9837995051369
3,IDONTWANT,473,597,808.9837995051369
3,IDONTWANT,473,255,808.9837995051369
3,IDONTWANT,473,435,808.9837995051369
3,IDONTWANT,951,286,809.5038720458092
3,IDONTWANT,951,112,809.5038720458092
3,IDONTWANT,951,124,809.5038720458092
3,IDONTWANT,951,415,809.5038720458092
3,IDONTWANT,745,848,810.066158044693
3,IDONTWANT,745,505,810.066158044693
3,IDONTWANT,745,413,810.066158044693
3,IDONTWANT,745,341,810.066158044693
3,IDONTWANT,401,177,811.2086425745053
3,IDONTWANT,401,239,811.2086425745053
3,IDONTWANT,401,136,811.2086425745053
3,IDONTWANT,401,427,811.2086425745053
3,IDONTWANT,388,951,811.6209586709775
3,IDONTWANT,388,509,811.6209586709775
3,IDONTWANT,388,187,811.6209586709775
3,IDONTWANT,388,8,811.6209586709775
3,IDONTWANT,20,371,811.9782627076664
3,IDONTWANT,20,307,811.9782627076664
3,IDONTWANT,20,255,811.9782627076664
3,IDONTWANT,20,814,811.9782627076664
3,IDONTWANT,634,721,812.0281889775642
3,IDONTWANT,634,847,812.0281889775642
3,IDONTWANT,634,864,812.0281889775642
3,IDONTWANT,634,632,812.0281889775642
3,IDONTWANT,366,365,813.4389923391955
3,IDONTWANT,366,788,813.4389923391955
3,IDONTWANT,366,842,813.4389923391955
3,IDONTWANT,366,316,813.4389923391955
3,IDONTWANT,435,669,813.87202744972
3,IDONTWANT,435,167,813.87202744972
3,IDONTWANT,435,407,813.87202744972
3,IDONTWANT,435,713,813.87202744972
3,IDONTWANT,598,294,814.5248814418752
3,IDONTWANT,598,634,814.5248814418752
3,IDONTWANT,598,764,814.5248814418752
3,IDONTWANT,598,31,814.5248814418752
3,IDONTWANT,573,217,814.583147939054
3,IDONTWANT,573,400,814.583147939054
3,IDONTWANT,573,638,814.583147939054
3,IDONTWANT,573,600,814.583147939054
3,IDONTWANT,501,203,815.2359504945462
3,IDONTWANT,501,186,815.2359504945462
3,IDONTWANT,501,413,815.2359504945462
3,IDONTWANT,501,165,815.2359504945462
3,IDONTWANT,348,975,815.4189058931669
3,IDONTWANT,348,639,815.4189058931669
3,IDONTWANT,348,508,815.4189058931669
3,IDONTWANT,348,625,815.4189058931669
3,IDONTWANT,741,538,815.4717960121324
3,IDONTWANT,741,567,815.4717960121324
3,IDONTWANT,741,790,815.4717960121324
3,IDONTWANT,741,935,815.4717960121324
3,IDONTWANT,660,248,815.7590857529251
3,IDONTWANT,660,802,815.7590857529251
3,IDONTWANT,660,409,815.7590857529251
3,IDONTWANT,660,731,815.7590857529251
3,IDONTWANT,446,792,815.9931775812406
3,IDONTWANT,446,166,815.9931775812406
3,IDONTWANT,446,133,815.9931775812406
3,IDONTWANT,446,15,815.9931775812406
3,IDONTWANT,179,644,816.1779609707986
3,IDONTWANT,179,313,816.1779609707986
3,IDONTWANT,179,544,816.1779609707986
3,IDONTWANT,179,778,816.1779609707986
3,IDONTWANT,592,662,816.3132325083826
3,IDONTWANT,592,209,816.3132325083826
3,IDONTWANT,592,301,816.3132325083826
3,IDONTWANT,592,326,816.3132325083826
3,IDONTWANT,70,500,816.3384146700563
3,IDONTWANT,70,478,816.3384146700563
3,IDONTWANT,70,492,816.3384146700563
3,IDONTWANT,70,496,816.3384146700563
3,IDONTWANT,726,252,816.6939887542784
3,IDONTWANT,726,510,816.6939887542784
3,IDONTWANT,726,168,816.6939887542784
3,IDONTWANT,726,552,816.6939887542784
3,IDONTWANT,957,430,816.8544967883043
3,IDONTWANT,957,611,816.8544967883043
3,IDONTWANT,957,859,816.8544967883043
3,IDONTWANT,957,617,816.8544967883043
3,IDONTWANT,935,390,816.9126218164197
3,IDONTWANT,935,590,816.9126218164197
3,IDONTWANT,935,769,816.9126218164197
3,IDONTWANT,935,919,816.9126218164197
3,IDONTWANT,344,210,817.5213144625982
3,IDONTWANT,344,508,817.5213144625982
3,IDONTWANT,344,994,817.5213144625982
3,IDONTWANT,344,205,817.5213144625982
3,IDONTWANT,693,836,817.8760634066088
3,IDONTWANT,693,423,817.8760634066088
3,IDONTWANT,693,479,817.8760634066088
3,IDONTWANT,693,301,817.8760634066088
3,IDONTWANT,711,103,818.9586530501163
3,IDONTWANT,711,592,818.9586530501163
3,IDONTWANT,711,146,818.9586530501163
3,IDONTWANT,711,875,818.9586530501163
3,IDONTWANT,424,635,819.813194658352
3,IDONTWANT,424,358,819.813194658352
3,IDONTWANT,424,222,819.813194658352
3,IDONTWANT,424,38,819.813194658352
3,IDONTWANT,875,127,820.1572317144878
3,IDONTWANT,875,383,820.1572317144878
3,IDONTWANT,875,492,820.1572317144878
3,IDONTWANT,875,388,820.1572317144878
3,IDONTWANT,642,814,820.3122505742435
3,IDONTWANT,642,309,820.3122505742435
3,IDONTWANT,642,751,820.3122505742435
3,IDONTWANT,642,304,820.3122505742435
3,IDONTWANT,595,49,820.5185606414282
3,IDONTWANT,595,733,820.5185606414282
3,IDONTWANT,595,779,820.5185606414282
3,IDONTWANT,595,376,820.5185606414282
3,IDONTWANT,874,331,820.5805662431676
3,IDONTWANT,874,380,820.5805662431676
3,IDONTWANT,874,263,820.5805662431676
3,IDONTWANT,874,399,820.5805662431676
3,IDONTWANT,142,402,820.6960069593247
3,IDONTWANT,142,453,820.6960069593247
3,IDONTWANT,142,324,820.6960069593247
3,IDONTWANT,142,74,820.6960069593247
3,IDONTWANT,450,755,822.7323784263465
3,IDONTWANT,450,517,822.7323784263465
3,IDONTWANT,450,175,822.7323784263465
3,IDONTWANT,450,149,822.7323784263465
3,IDONTWANT,425,377,822.8819253121735
3,IDONTWANT,425,348,822.8819253121735
3,IDONTWANT,425,144,822.8819253121735
3,IDONTWANT,425,45,822.8819253121735
3,IDONTWANT,922,530,822.8938326534719
3,IDONTWANT,922,830,822.8938326534719
3,IDONTWANT,922,355,822.8938326534719
3,IDONTWANT,922,343,822.8938326534719
3,IDONTWANT,541,59,823.2327135163391
3,IDONTWANT,541,934,823.2327135163391
3,IDONTWANT,541,798,823.2327135163391
3,IDONTWANT,541,107,823.2327135163391
3,IDONTWANT,555,768,824.0998812439283
3,IDONTWANT,555,948,824.0998812439283
3,IDONTWANT,555,712,824.0998812439283
3,IDONTWANT,555,966,824.0998812439283
3,IDONTWANT,74,529,824.1001658572858
3,IDONTWANT,74,23,824.1001658572858
3,IDONTWANT,74,211,824.1001658572858
3,IDONTWANT,74,974,824.1001658572858
3,IDONTWANT,893,277,824.3136702615735
3,IDONTWANT,893,584,824.3136702615735
3,IDONTWANT,893,859,824.3136702615735
3,IDONTWANT,893,303,824.3136702615735
3,IDONTWANT,372,421,824.9005776155135
3,IDONTWANT,372,253,824.9005776155135
3,IDONTWANT,372,832,824.9005776155135
3,IDONTWANT,372,641,824.9005776155135
3,IDONTWANT,805,278,825.1448927074387
3,IDONTWANT,805,803,825.1448927074387
3,IDONTWANT,805,772,825.1448927074387
3,IDONTWANT,805,580,825.1448927074387
3,IDONTWANT,439,365,825.8624714721888
3,IDONTWANT,439,424,825.8624714721888
3,IDONTWANT,439,426,825.8624714721888
3,IDONTWANT,439,18,825.8624714721888
3,IDONTWANT,708,648,826.1223707656943
3,IDONTWANT,708,596,826.1223707656943
3,IDONTWANT,708,15,826.1223707656943
3,IDONTWANT,708,673,826.1223707656943
3,IDONTWANT,809,891,826.7068894575854
3,IDONTWANT,809,620,826.7068894575854
3,IDONTWANT,809,743,826.7068894575854
3,IDONTWANT,809,15,826.7068894575854
3,IDONTWANT,128,569,827.1910368051496
3,IDONTWANT,128,495,827.1910368051496
3,IDONTWANT,128,804,827.1910368051496
3,IDONTWANT,128,796,827.1910368051496
3,IDONTWANT,315,541,827.7846651110095
3,IDONTWANT,315,876,827.7846651110095
3,IDONTWANT,315,480,827.7846651110095
3,IDONTWANT,315,996,827.7846651110095
3,IDONTWANT,978,124,828.3680059255927
3,IDONTWANT,978,532,828.3680059255927
3,IDONTWANT,978,13,828.3680059255927
3,IDONTWANT,978,444,828.3680059255927
3,IDONTWANT,278,439,829.031688945161
3,IDONTWANT,278,906,829.031688945161
3,IDONTWANT,278,29,829.031688945161
3,IDONTWANT,278,832,829.031688945161
3,IDONTWANT,158,984,829.0890712813934
3,IDONTWANT,158,65,829.0890712813934
3,IDONTWANT,158,115,829.0890712813934
3,IDONTWANT,158,941,829.0890712813934
3,IDONTWANT,510,403,829.1239597140076
3,IDONTWANT,510,756,829.1239597140076
3,IDONTWANT,510,817,829.1239597140076
3,IDONTWANT,510,380,829.1239597140076
3,IDONTWANT,293,510,829.6391034120295
3,IDONTWANT,293,564,829.6391034120295
3,IDONTWANT,293,225,829.6391034120295
3,IDONTWANT,293,464,829.6391034120295
3,IDONTWANT,880,950,830.2505353947981
3,IDONTWANT,880,852,830.2505353947981
3,IDONTWANT,880,225,830.2505353947981
3,IDONTWANT,880,79,830.2505353947981
3,IDONTWANT,386,396,832.0236200118931
3,IDONTWANT,386,809,832.0236200118931
3,IDONTWANT,386,257,832.0236200118931
3,IDONTWANT,386,936,832.0236200118931
3,IDONTWANT,449,587,832.2732735588013
3,IDONTWANT,449,638,832.2732735588013
3,IDONTWANT,449,950,832.2732735588013
3,IDONTWANT,449,379,832.2732735588013
3,IDONTWANT,542,12,832.3024026986486
3,IDONTWANT,542,628,832.3024026986486
3,IDONTWANT,542,565,832.3024026986486
3,IDONTWANT,542,673,832.3024026986486
3,IDONTWANT,451,356,833.6353977219349
3,IDONTWANT,451,290,833.6353977219349
3,IDONTWANT,451,165,833.6353977219349
3,IDONTWANT,451,534,833.6353977219349
3,IDONTWANT,899,573,834.4519925057031
3,IDONTWANT,899,488,834.4519925057031
3,IDONTWANT,899,855,834.4519925057031
3,IDONTWANT,899,293,834.4519925057031
3,IDONTWANT,638,335,834.5581577355563
3,IDONTWANT,638,979,834.5581577355563
3,IDONTWANT,638,193,834.5581577355563
3,IDONTWANT,638,264,834.5581577355563
3,IDONTWANT,739,346,835.2299588841333
3,IDONTWANT,739,96,835.2299588841333
3,IDONTWANT,739,883,835.2299588841333
3,IDONTWANT,739,674,835.2299588841333
3,IDONTWANT,635,158,836.1934923468958
3,IDONTWANT,635,741,836.1934923468958
3,IDONTWANT,635,159,836.1934923468958
3,IDONTWANT,635,999,836.1934923468958
3,IDONTWANT,67,386,836.2452491357815
3,IDONTWANT,67,153,836.2452491357815
3,IDONTWANT,67,650,836.2452491357815
3,IDONTWANT,67,259,836.2452491357815
3,IDONTWANT,361,860,836.8848759028687
3,IDONTWANT,361,383,836.8848759028687
3,IDONTWANT,361,339,836.8848759028687
3,IDONTWANT,361,454,836.8848759028687
3,IDONTWANT,589,89,837.5049914925992
3,IDONTWANT,589,845,837.5049914925992
3,IDONTWANT,589,770,837.5049914925992
3,IDONTWANT,589,647,837.5049914925992
3,IDONTWANT,233,676,838.005854635169
3,IDONTWANT,233,539,838.005854635169
3,IDONTWANT,233,67,838.005854635169
3,IDONTWANT,233,764,838.005854635169
3,IDONTWANT,764,37,838.1953082032499
3,IDONTWANT,764,431,838.1953082032499
3,IDONTWANT,764,794,838.1953082032499
3,IDONTWANT,764,103,838.1953082032499
3,IDONTWANT,715,171,838.5003991399942
3,IDONTWANT,715,624,838.5003991399942
3,IDONTWANT,715,913,838.5003991399942
3,IDONTWANT,715,704,838.5003991399942
3,IDONTWANT,396,34,838.7238088371005
3,IDONTWANT,396,494,838.7238088371005
3,IDONTWANT,396,566,838.7238088371005
3,IDONTWANT,396,558,838.7238088371005
3,IDONTWANT,680,391,839.3877406325996
3,IDONTWANT,680,409,839.3877406325996
3,IDONTWANT,680,62,839.3877406325996
3,IDONTWANT,680,13,839.3877406325996
3,IDONTWANT,868,525,839.8319667859589
3,IDONTWANT,868,726,839.8319667859589
3,IDONTWANT,868,757,839.8319667859589
3,IDONTWANT,868,662,839.8319667859589
3,IDONTWANT,177,993,840.1617072001375
3,IDONTWANT,177,165,840.1617072001375
3,IDONTWANT,177,269,840.1617072001375
3,IDONTWANT,177,51,840.1617072001375
3,IDONTWANT,968,543,840.2447458226627
3,IDONTWANT,968,191,840.2447458226627
3,IDONTWANT,968,70,840.2447458226627
3,IDONTWANT,968,332,840.2447458226627
3,IDONTWANT,97,86,840.4518305088596
3,IDONTWANT,97,855,840.4518305088596
3,IDONTWANT,97,677,840.4518305088596
3,IDONTWANT,97,123,840.4518305088596
3,IDONTWANT,384,239,842.0974151022442
3,IDONTWANT,384,109,842.0974151022442
3,IDONTWANT,384,487,842.0974151022442
3,IDONTWANT,384,733,842.0974151022442
3,IDONTWANT,453,392,842.4956940976128
3,IDONTWANT,453,503,842.4956940976128
3,IDONTWANT,453,772,842.4956940976128
3,IDONTWANT,453,825,842.4956940976128
3,IDONTWANT,478,799,842.5569279795297
3,IDONTWANT,478,839,842.5569279795297
3,IDONTWANT,478,469,842.5569279795297
3,IDONTWANT,478,857,842.5569279795297
3,IDONTWANT,984,604,842.6456524612387
3,IDONTWANT,984,546,842.6456524612387
3,IDONTWANT,984,954,842.6456524612387
3,IDONTWANT,984,151,842.6456524612387
3,IDONTWANT,989,294,843.1308554147593
3,IDONTWANT,989,859,843.1308554147593
3,IDONTWANT,989,465,843.1308554147593
3,IDONTWANT,989,624,843.1308554147593
3,IDONTWANT,290,571,843.7459176337849
3,IDONTWANT,290,685,843.7459176337849
3,IDONTWANT,290,404,843.7459176337849
3,IDONTWANT,290,122,843.7459176337849
3,IDONTWANT,265,861,844.5819221272521
3,IDONTWANT,265,340,844.5819221272521
3,IDONTWANT,265,1,844.5819221272521
3,IDONTWANT,265,333,844.5819221272521
3,IDONTWANT,617,97,845.1680669920381
3,IDONTWANT,617,410,845.1680669920381
3,IDONTWANT,617,951,845.1680669920381
3,IDONTWANT,617,404,845.1680669920381
3,IDONTWANT,597,617,845.2397222097767
3,IDONTWANT,597,515,845.2397222097767
3,IDONTWANT,597,487,845.2397222097767
3,IDONTWANT,597,872,845.2397222097767
3,IDONTWANT,352,403,845.2870197945628
3,IDONTWANT,352,55,845.2870197945628
3,IDONTWANT,352,218,845.2870197945628
3,IDONTWANT,352,24,845.2870197945628
3,IDONTWANT,383,966,845.5108905493805
3,IDONTWANT,383,66,845.5108905493805
3,IDONTWANT,383,24,845.5108905493805
3,IDONTWANT,383,846,845.5108905493805
3,IDONTWANT,921,861,846.0800588493036
3,IDONTWANT,921,738,846.0800588493036
3,IDONTWANT,921,939,846.0800588493036
3,IDONTWANT,921,56,846.0800588493036
3,IDONTWANT,961,343,846.5857907527353
3,IDONTWANT,961,732,846.5857907527353
3,IDONTWANT,961,446,846.5857907527353
3,IDONTWANT,961,863,846.5857907527353
3,IDONTWANT,788,711,847.4704629785277
3,IDONTWANT,788,877,847.4704629785277
3,IDONTWANT,788,148,847.4704629785277
3,IDONTWANT,788,747,847.4704629785277
3,IDONTWANT,527,604,849.53798399064
3,IDONTWANT,527,136,849.53798399064
3,IDONTWANT,527,209,849.53798399064
3,IDONTWANT,527,375,849.53798399064
3,IDONTWANT,633,196,849.715565245776
3,IDONTWANT,633,273,849.715565245776
3,IDONTWANT,633,308,849.715565245776
3,IDONTWANT,633,773,849.715565245776
3,IDONTWANT,881,957,850.2008377422052
3,IDONTWANT,881,633,850.2008377422052
3,IDONTWANT,881,888,850.2008377422052
3,IDONTWANT,881,382,850.2008377422052
3,IDONTWANT,644,654,850.9900611074518
3,IDONTWANT,644,934,850.9900611074518
3,IDONTWANT,644,109,850.9900611074518
3,IDONTWANT,644,287,850.9900611074518
3,IDONTWANT,165,152,851.5068624150372
3,IDONTWANT,165,550,851.5068624150372
3,IDONTWANT,165,942,851.5068624150372
3,IDONTWANT,165,528,851.5068624150372
3,IDONTWANT,55,528,851.7801738331698
3,IDONTWANT,55,974,851.7801738331698
3,IDONTWANT,55,633,851.7801738331698
3,IDONTWANT,55,671,851.7801738331698
3,IDONTWANT,381,3,852.3344203091349
3,IDONTWANT,381,739,852.3344203091349
3,IDONTWANT,381,774,852.3344203091349
3,IDONTWANT,381,610,852.3344203091349
3,IDONTWANT,427,750,852.4128512114246
3,IDONTWANT,427,668,852.4128512114246
3,IDONTWANT,427,936,852.4128512114246
3,IDONTWANT,427,208,852.4128512114246
3,IDONTWANT,583,546,854.5710759870478
3,IDONTWANT,583,913,854.5710759870478
3,IDONTWANT,583,681,854.5710759870478
3,IDONTWANT,583,67,854.5710759870478
3,IDONTWANT,489,750,857.8617769170472
3,IDONTWANT,489,710,857.8617769170472
3,IDONTWANT,489,835,857.8617769170472
3,IDONTWANT,489,112,857.8617769170472
3,IDONTWANT,936,62,858.4697227739097
3,IDONTWANT,936,298,858.4697227739097
3,IDONTWANT,936,893,858.4697227739097
3,IDONTWANT,936,110,858.4697227739097
3,IDONTWANT,343,757,858.5300122685295
3,IDONTWANT,343,866,858.5300122685295
3,IDONTWANT,343,517,858.5300122685295
3,IDONTWANT,343,69,858.5300122685295
3,IDONTWANT,552,672,859.0014426878406
3,IDONTWANT,552,463,859.0014426878406
3,IDONTWANT,552,179,859.0014426878406
3,IDONTWANT,552,231,859.0014426878406
3,IDONTWANT,571,447,859.4971369219426
3,IDONTWANT,571,979,859.4971369219426
3,IDONTWANT,571,743,859.4971369219426
3,IDONTWANT,571,239,859.4971369219426
3,IDONTWANT,13,574,859.9079264757609
3,IDONTWANT,13,836,859.9079264757609
3,IDONTWANT,13,699,859.9079264757609
3,IDONTWANT,13,186,859.9079264757609
3,IDONTWANT,807,636,860.0478487943368
3,IDONTWANT,807,998,860.0478487943368
3,IDONTWANT,807,666,860.0478487943368
3,IDONTWANT,807,720,860.0478487943368
3,IDONTWANT,284,891,861.4442614672136
3,IDONTWANT,284,294,861.4442614672136
3,IDONTWANT,284,498,861.4442614672136
3,IDONTWANT,284,50,861.4442614672136
3,IDONTWANT,440,885,862.0187435943283
3,IDONTWANT,440,786,862.0187435943283
3,IDONTWANT,440,822,862.0187435943283
3,IDONTWANT,440,372,862.0187435943283
3,IDONTWANT,668,108,862.1106473367597
3,IDONTWANT,668,39,862.1106473367597
3,IDONTWANT,668,257,862.1106473367597
3,IDONTWANT,668,556,862.1106473367597
3,IDONTWANT,441,660,862.6680967160571
3,IDONTWANT,441,201,862.6680967160571
3,IDONTWANT,441,400,862.6680967160571
3,IDONTWANT,441,746,862.6680967160571
3,IDONTWANT,767,806,863.6336514923682
3,IDONTWANT,767,316,863.6336514923682
3,IDONTWANT,767,575,863.6336514923682
3,IDONTWANT,767,727,863.6336514923682
3,IDONTWANT,857,612,864.2839553030511
3,IDONTWANT,857,655,864.2839553030511
3,IDONTWANT,857,406,864.2839553030511
3,IDONTWANT,857,945,864.2839553030511
3,IDONTWANT,285,934,864.6964115276689
3,IDONTWANT,285,950,864.6964115276689
3,IDONTWANT,285,564,864.6964115276689
3,IDONTWANT,285,130,864.6964115276689
3,IDONTWANT,558,446,865.1667146059224
3,IDONTWANT,558,703,865.1667146059224
3,IDONTWANT,558,808,865.1667146059224
3,IDONTWANT,558,940,865.1667146059224
3,IDONTWANT,606,769,865.8539880870757
3,IDONTWANT,606,55,865.8539880870757
3,IDONTWANT,606,4,865.8539880870757
3,IDONTWANT,606,356,865.8539880870757
3,IDONTWANT,416,937,866.0722247736971
3,IDONTWANT,416,382,866.0722247736971
3,IDONTWANT,416,41,866.0722247736971
3,IDONTWANT,416,898,866.0722247736971
3,IDONTWANT,864,176,866.0854557976508
3,IDONTWANT,864,39,866.0854557976508
3,IDONTWANT,864,965,866.0854557976508
3,IDONTWANT,864,262,866.0854557976508
3,IDONTWANT,609,506,866.3658011189979
3,IDONTWANT,609,606,866.3658011189979
3,IDONTWANT,609,355,866.3658011189979
3,IDONTWANT,609,981,866.3658011189979
3,IDONTWANT,474,398,867.3743198457232
3,IDONTWANT,474,675,867.3743198457232
3,IDONTWANT,474,376,867.3743198457232
3,IDONTWANT,474,457,867.3743198457232
3,IDONTWANT,333,487,870.6374613107402
3,IDONTWANT,333,539,870.6374613107402
3,IDONTWANT,333,240,870.6374613107402
3,IDONTWANT,333,561,870.6374613107402
3,IDONTWANT,791,685,871.195529025178
3,IDONTWANT,791,955,871.195529025178
3,IDONTWANT,791,912,871.195529025178
3,IDONTWANT,791,260,871.195529025178
3,IDONTWANT,682,643,871.4460007239956
3,IDONTWANT,682,716,871.4460007239956
3,IDONTWANT,682,692,871.4460007239956
3,IDONTWANT,682,360,871.4460007239956
3,IDONTWANT,856,932,871.535290098526
3,IDONTWANT,856,917,871.535290098526
3,IDONTWANT,856,65,871.535290098526
3,IDONTWANT,856,884,871.535290098526
3,IDONTWANT,993,310,872.2159626040517
3,IDONTWANT,993,627,872.2159626040517
3,IDONTWANT,993,489,872.2159626040517
3,IDONTWANT,993,480,872.2159626040517
3,IDONTWANT,923,288,873.7052924596758
3,IDONTWANT,923,862,873.7052924596758
3,IDONTWANT,923,654,873.7052924596758
3,IDONTWANT,923,885,873.7052924596758
3,IDONTWANT,448,826,874.9286412324783
3,IDONTWANT,448,932,874.9286412324783
3,IDONTWANT,448,406,874.9286412324783
3,IDONTWANT,448,91,874.9286412324783
3,IDONTWANT,873,776,875.1742433116016
3,IDONTWANT,873,668,875.1742433116016
3,IDONTWANT,873,107,875.1742433116016
3,IDONTWANT,873,482,875.1742433116016
3,IDONTWANT,413,102,877.151717955475
3,IDONTWANT,413,670,877.151717955475
3,IDONTWANT,413,476,877.151717955475
3,IDONTWANT,413,37,877.151717955475
3,IDONTWANT,941,186,879.4672197663305
3,IDONTWANT,941,171,879.4672197663305
3,IDONTWANT,941,105,879.4672197663305
3,IDONTWANT,941,319,879.4672197663305
3,IDONTWANT,133,935,881.0528970667513
3,IDONTWANT,133,64,881.0528970667513
3,IDONTWANT,133,454,881.0528970667513
3,IDONTWANT,133,334,881.0528970667513
3,IDONTWANT,658,442,882.5570814486944
3,IDONTWANT,658,320,882.5570814486944
3,IDONTWANT,658,266,882.5570814486944
3,IDONTWANT,658,643,882.5570814486944
3,IDONTWANT,169,74,882.727375691224
3,IDONTWANT,169,276,882.727375691224
3,IDONTWANT,169,961,882.727375691224
3,IDONTWANT,169,17,882.727375691224
3,IDONTWANT,417,300,883.2443317774537
3,IDONTWANT,417,238,883.2443317774537
3,IDONTWANT,417,122,883.2443317774537
3,IDONTWANT,417,51,883.2443317774537
3,IDONTWANT,630,792,886.6339505991201
3,IDONTWANT,630,263,886.6339505991201
3,IDONTWANT,630,593,886.6339505991201
3,IDONTWANT,630,236,886.6339505991201
3,IDONTWANT,697,722,888.289481870567
3,IDONTWANT,697,385,888.289481870567
3,IDONTWANT,697,704,888.289481870567
3,IDONTWANT,697,259,888.289481870567
3,IDONTWANT,755,194,888.5472042989601
3,IDONTWANT,755,842,888.5472042989601
3,IDONTWANT,755,944,888.5472042989601
3,IDONTWANT,755,486,888.5472042989601
3,IDONTWANT,590,648,893.0792745606138
3,IDONTWANT,590,294,893.0792745606138
3,IDONTWANT,590,488,893.0792745606138
3,IDONTWANT,590,102,893.0792745606138
3,IDONTWANT,114,258,893.1955641620256
3,IDONTWANT,114,218,893.1955641620256
3,IDONTWANT,114,300,893.1955641620256
3,IDONTWANT,114,514,893.1955641620256
3,IDONTWANT,426,208,893.8841307461928
3,IDONTWANT,426,261,893.8841307461928
3,IDONTWANT,426,39,893.8841307461928
3,IDONTWANT,426,614,893.8841307461928
3,IDONTWANT,406,581,894.77979235521
3,IDONTWANT,406,274,894.77979235521
3,IDONTWANT,406,381,894.77979235521
3,IDONTWANT,406,260,894.77979235521
3,IDONTWANT,116,266,896.2163060272769
3,IDONTWANT,116,558,896.2163060272769
3,IDONTWANT,116,430,896.2163060272769
3,IDONTWANT,116,855,896.2163060272769
3,IDONTWANT,462,630,896.701011604129
3,IDONTWANT,462,867,896.701011604129
3,IDONTWANT,462,200,896.701011604129
3,IDONTWANT,462,850,896.701011604129
3,IDONTWANT,250,320,898.1077887016028
3,IDONTWANT,250,87,898.1077887016028
3,IDONTWANT,250,959,898.1077887016028
3,IDONTWANT,250,485,898.1077887016028
3,IDONTWANT,463,485,899.9008967649402
3,IDONTWANT,463,187,899.9008967649402
3,IDONTWANT,463,579,899.9008967649402
3,IDONTWANT,463,223,899.9008967649402
3,IDONTWANT,929,380,900.2355724987992
3,IDONTWANT,929,588,900.2355724987992
3,IDONTWANT,929,609,900.2355724987992
3,IDONTWANT,929,878,900.2355724987992
3,IDONTWANT,877,146,902.258229500984
3,IDONTWANT,877,937,902.258229500984
3,IDONTWANT,877,693,902.258229500984
3,IDONTWANT,877,914,902.258229500984
3,IDONTWANT,728,164,905.7090420647064
3,IDONTWANT,728,861,905.7090420647064
3,IDONTWANT,728,328,905.7090420647064
3,IDONTWANT,728,479,905.7090420647064
3,IDONTWANT,395,253,907.2046967358135
3,IDONTWANT,395,418,907.2046967358135
3,IDONTWANT,395,66,907.2046967358135
3,IDONTWANT,395,666,907.2046967358135
3,IDONTWANT,492,815,907.2718118060478
3,IDONTWANT,492,169,907.2718118060478
3,IDONTWANT,492,703,907.2718118060478
3,IDONTWANT,492,808,907.2718118060478
3,IDONTWANT,119,598,908.5785162010307
3,IDONTWANT,119,835,908.5785162010307
3,IDONTWANT,119,926,908.5785162010307
3,IDONTWANT,119,530,908.5785162010307
3,IDONTWANT,677,401,910.440418684333
3,IDONTWANT,677,526,910.440418684333
3,IDONTWANT,677,782,910.440418684333
3,IDONTWANT,677,956,910.440418684333
3,IDONTWANT,569,480,911.4946754357985
3,IDONTWANT,569,483,911.4946754357985
3,IDONTWANT,569,860,911.4946754357985
3,IDONTWANT,569,543,911.4946754357985
3,IDONTWANT,985,450,912.3361589923567
3,IDONTWANT,985,126,912.3361589923567
3,IDONTWANT,985,523,912.3361589923567
3,IDONTWANT,985,134,912.3361589923567
3,IDONTWANT,703,675,912.3904579364244
3,IDONTWANT,703,919,912.3904579364244
3,IDONTWANT,703,371,912.3904579364244
3,IDONTWANT,703,156,912.3904579364244
3,IDONTWANT,80,172,912.8293243293276
3,IDONTWANT,80,365,912.8293243293276
3,IDONTWANT,80,791,912.8293243293276
3,IDONTWANT,80,229,912.8293243293276
3,IDONTWANT,736,522,915.2820401049131
3,IDONTWANT,736,495,915.2820401049131
3,IDONTWANT,736,496,915.2820401049131
3,IDONTWANT,736,776,915.2820401049131
3,IDONTWANT,60,107,915.402793175119
3,IDONTWANT,60,494,915.402793175119
3,IDONTWANT,60,650,915.402793175119
3,IDONTWANT,60,411,915.402793175119
3,IDONTWANT,731,436,917.4071528145635
3,IDONTWANT,731,428,917.4071528145635
3,IDONTWANT,731,984,917.4071528145635
3,IDONTWANT,731,692,917.4071528145635
3,IDONTWANT,299,206,917.745389426761
3,IDONTWANT,299,909,917.745389426761
3,IDONTWANT,299,20,917.745389426761
3,IDONTWANT,299,768,917.745389426761
3,IDONTWANT,354,53,917.7911933503955
3,IDONTWANT,354,727,917.7911933503955
3,IDONTWANT,354,61,917.7911933503955
3,IDONTWANT,354,188,917.7911933503955
3,IDONTWANT,118,363,918.3425003362385
3,IDONTWANT,118,920,918.3425003362385
3,IDONTWANT,118,470,918.3425003362385
3,IDONTWANT,118,679,918.3425003362385
3,IDONTWANT,890,566,919.1429828139673
3,IDONTWANT,890,911,919.1429828139673
3,IDONTWANT,890,148,919.1429828139673
3,IDONTWANT,890,449,919.1429828139673
3,IDONTWANT,753,558,919.4744373895528
3,IDONTWANT,753,587,919.4744373895528
3,IDONTWANT,753,50,919.4744373895528
3,IDONTWANT,753,408,919.4744373895528
3,IDONTWANT,619,432,920.9536767899937
3,IDONTWANT,619,910,920.9536767899937
3,IDONTWANT,619,662,920.9536767899937
3,IDONTWANT,619,25,920.9536767899937
3,IDONTWANT,560,658,922.5141875837248
3,IDONTWANT,560,951,922.5141875837248
3,IDONTWANT,560,989,922.5141875837248
3,IDONTWANT,560,916,922.5141875837248
3,IDONTWANT,225,236,925.0204986257031
3,IDONTWANT,225,87,925.0204986257031
3,IDONTWANT,225,31,925.0204986257031
3,IDONTWANT,225,42,925.0204986257031
3,IDONTWANT,664,530,925.0388684715765
3,IDONTWANT,664,692,925.0388684715765
3,IDONTWANT,664,677,925.0388684715765
3,IDONTWANT,664,953,925.0388684715765
3,IDONTWANT,279,780,928.0993313802321
3,IDONTWANT,279,647,928.0993313802321
3,IDONTWANT,279,410,928.0993313802321
3,IDONTWANT,279,936,928.0993313802321
3,IDONTWANT,982,983,930.3710764597129
3,IDONTWANT,982,979,930.3710764597129
3,IDONTWANT,982,943,930.3710764597129
3,IDONTWANT,982,526,930.3710764597129
3,IDONTWANT,869,779,931.0532866669146
3,IDONTWANT,869,495,931.0532866669146
3,IDONTWANT,869,57,931.0532866669146
3,IDONTWANT,869,103,931.0532866669146
3,IDONTWANT,865,964,931.4976340653343
3,IDONTWANT,865,360,931.4976340653343
3,IDONTWANT,865,60,931.4976340653343
3,IDONTWANT,865,925,931.4976340653343
3,IDONTWANT,296,249,931.7958132198064
3,IDONTWANT,296,92,931.7958132198064
3,IDONTWANT,296,178,931.7958132198064
3,IDONTWANT,296,351,931.7958132198064
3,IDONTWANT,931,456,932.19221198701
3,IDONTWANT,931,992,932.19221198701
3,IDONTWANT,931,528,932.19221198701
3,IDONTWANT,931,73,932.19221198701
3,IDONTWANT,298,378,933.5702774290083
3,IDONTWANT,298,264,933.5702774290083
3,IDONTWANT,298,829,933.5702774290083
3,IDONTWANT,298,584,933.5702774290083
3,IDONTWANT,646,34,938.5772692517797
3,IDONTWANT,646,12,938.5772692517797
3,IDONTWANT,646,408,938.5772692517797
3,IDONTWANT,646,875,938.5772692517797
3,IDONTWANT,794,905,940.0603752902541
3,IDONTWANT,794,666,940.0603752902541
3,IDONTWANT,794,703,940.0603752902541
3,IDONTWANT,794,837,940.0603752902541
3,IDONTWANT,25,121,945.5255520218492
3,IDONTWANT,25,525,945.5255520218492
3,IDONTWANT,25,429,945.5255520218492
3,IDONTWANT,25,169,945.5255520218492
3,IDONTWANT,591,135,948.2884004154217
3,IDONTWANT,591,100,948.2884004154217
3,IDONTWANT,591,811,948.2884004154217
3,IDONTWANT,591,776,948.2884004154217
3,IDONTWANT,841,383,951.6063173350913
3,IDONTWANT,841,888,951.6063173350913
3,IDONTWANT,841,108,951.6063173350913
3,IDONTWANT,841,380,951.6063173350913
3,IDONTWANT,746,515,951.6522176844309
3,IDONTWANT,746,278,951.6522176844309
3,IDONTWANT,746,894,951.6522176844309
3,IDONTWANT,746,518,951.6522176844309
3,IDONTWANT,958,538,952.1401360662028
3,IDONTWANT,958,37,952.1401360662028
3,IDONTWANT,958,405,952.1401360662028
3,IDONTWANT,958,994,952.1401360662028
3,IDONTWANT,814,239,953.687952846164
3,IDONTWANT,814,827,953.687952846164
3,IDONTWANT,814,462,953.687952846164
3,IDONTWANT,814,290,953.687952846164
3,IDONTWANT,112,143,954.711037268868
3,IDONTWANT,112,445,954.711037268868
3,IDONTWANT,112,893,954.711037268868
3,IDONTWANT,112,200,954.711037268868
3,IDONTWANT,670,975,955.3780707525498
3,IDONTWANT,670,964,955.3780707525498
3,IDONTWANT,670,204,955.3780707525498
3,IDONTWANT,670,531,955.3780707525498
3,IDONTWANT,526,229,955.743593850237
3,IDONTWANT,526,423,955.743593850237
3,IDONTWANT,526,598,955.743593850237
3,IDONTWANT,526,308,955.743593850237
3,IDONTWANT,657,185,955.998796149422
3,IDONTWANT,657,656,955.998796149422
3,IDONTWANT,657,127,955.998796149422
3,IDONTWANT,657,464,955.998796149422
3,IDONTWANT,503,335,956.3134298193291
3,IDONTWANT,503,917,956.3134298193291
3,IDONTWANT,503,385,956.3134298193291
3,IDONTWANT,503,172,956.3134298193291
3,IDONTWANT,817,943,958.4886428285645
3,IDONTWANT,817,836,958.4886428285645
3,IDONTWANT,817,781,958.4886428285645
3,IDONTWANT,817,909,958.4886428285645
3,IDONTWANT,493,739,959.5296209807761
3,IDONTWANT,493,953,959.5296209807761
3,IDONTWANT,493,226,959.5296209807761
3,IDONTWANT,493,67,959.5296209807761
3,IDONTWANT,853,85,962.3898891236383
3,IDONTWANT,853,28,962.3898891236383
3,IDONTWANT,853,52,962.3898891236383
3,IDONTWANT,853,35,962.3898891236383
3,IDONTWANT,33,968,963.596375098951
3,IDONTWANT,33,277,963.596375098951
3,IDONTWANT,33,486,963.596375098951
3,IDONTWANT,33,714,963.596375098951
3,IDONTWANT,556,866,967.470759407845
3,IDONTWANT,556,269,967.470759407845
3,IDONTWANT,556,729,967.470759407845
3,IDONTWANT,556,53,967.470759407845
3,IDONTWANT,330,1,967.8381471274541
3,IDONTWANT,330,10,967.8381471274541
3,IDONTWANT,330,551,967.8381471274541
3,IDONTWANT,330,308,967.8381471274541
3,IDONTWANT,232,516,968.5800641417869
3,IDONTWANT,232,920,968.5800641417869
3,IDONTWANT,232,549,968.5800641417869
3,IDONTWANT,232,94,968.5800641417869
3,IDONTWANT,954,586,970.0359967042461
3,IDONTWANT,954,473,970.0359967042461
3,IDONTWANT,954,764,970.0359967042461
3,IDONTWANT,954,406,970.0359967042461
3,IDONTWANT,691,987,971.7805350665664
3,IDONTWANT,691,149,971.7805350665664
3,IDONTWANT,691,361,971.7805350665664
3,IDONTWANT,691,682,971.7805350665664
3,IDONTWANT,909,293,972.2843154151702
3,IDONTWANT,909,190,972.2843154151702
3,IDONTWANT,909,368,972.2843154151702
3,IDONTWANT,909,445,972.2843154151702
3,IDONTWANT,679,652,975.2488290180074
3,IDONTWANT,679,57,975.2488290180074
3,IDONTWANT,679,258,975.2488290180074
3,IDONTWANT,679,280,975.2488290180074
3,IDONTWANT,723,847,978.2512635615047
3,IDONTWANT,723,142,978.2512635615047
3,IDONTWANT,723,484,978.2512635615047
3,IDONTWANT,723,504,978.2512635615047
3,IDONTWANT,482,452,978.7225841965659
3,IDONTWANT,482,517,978.7225841965659
3,IDONTWANT,482,523,978.7225841965659
3,IDONTWANT,482,673,978.7225841965659
3,IDONTWANT,212,874,979.9920657372434
3,IDONTWANT,212,769,979.9920657372434
3,IDONTWANT,212,158,979.9920657372434
3,IDONTWANT,212,674,979.9920657372434
3,IDONTWANT,858,122,980.4254501565645
3,IDONTWANT,858,723,980.4254501565645
3,IDONTWANT,858,983,980.4254501565645
3,IDONTWANT,858,92,980.4254501565645
3,IDONTWANT,876,172,983.4758179060427
3,IDONTWANT,876,451,983.4758179060427
3,IDONTWANT,876,244,983.4758179060427
3,IDONTWANT,876,826,983.4758179060427
3,IDONTWANT,38,356,984.9762704233417
3,IDONTWANT,38,23,984.9762704233417
3,IDONTWANT,38,964,984.9762704233417
3,IDONTWANT,38,473,984.9762704233417
3,IDONTWANT,360,319,985.0972241504971
3,IDONTWANT,360,681,985.0972241504971
3,IDONTWANT,360,743,985.0972241504971
3,IDONTWANT,360,388,985.0972241504971
3,IDONTWANT,829,600,985.4157209581676
3,IDONTWANT,829,769,985.4157209581676
3,IDONTWANT,829,9,985.4157209581676
3,IDONTWANT,829,810,985.4157209581676
3,IDONTWANT,888,146,986.5820743289389
3,IDONTWANT,888,339,986.5820743289389
3,IDONTWANT,888,226,986.5820743289389
3,IDONTWANT,888,753,986.5820743289389
3,IDONTWANT,337,691,988.0181585286182
3,IDONTWANT,337,663,988.0181585286182
3,IDONTWANT,337,431,988.0181585286182
3,IDONTWANT,337,83,988.0181585286182
3,IDONTWANT,234,755,989.438321666197
3,IDONTWANT,234,486,989.438321666197
3,IDONTWANT,234,259,989.438321666197
3,IDONTWANT,234,829,989.438321666197
3,IDONTWANT,925,419,998.0364327239106
3,IDONTWANT,925,933,998.0364327239106
3,IDONTWANT,925,781,998.0364327239106
3,IDONTWANT,925,488,998.0364327239106
3,IDONTWANT,127,334,998.3674921225911
3,IDONTWANT,127,699,998.3674921225911
3,IDONTWANT,127,531,998.3674921225911
3,IDONTWANT,127,544,998.3674921225911
3,IDONTWANT,667,852,1000.3216021725127
3,IDONTWANT,667,501,1000.3216021725127
3,IDONTWANT,667,930,1000.3216021725127
3,IDONTWANT,667,999,1000.3216021725127
3,IDONTWANT,75,975,1000.6582036347083
3,IDONTWANT,75,541,1000.6582036347083
3,IDONTWANT,75,371,1000.6582036347083
3,IDONTWANT,75,151,1000.6582036347083
3,IDONTWANT,230,502,1004.892963820748
3,IDONTWANT,230,271,1004.892963820748
3,IDONTWANT,230,3,1004.892963820748
3,IDONTWANT,230,468,1004.892963820748
3,IDONTWANT,649,22,1005.1626460816793
3,IDONTWANT,649,145,1005.1626460816793
3,IDONTWANT,649,263,1005.1626460816793
3,IDONTWANT,649,618,1005.1626460816793
3,IDONTWANT,57,922,1012.625685669686
3,IDONTWANT,57,892,1012.625685669686
3,IDONTWANT,57,799,1012.625685669686
3,IDONTWANT,57,975,1012.625685669686
3,IDONTWANT,336,22,1016.7371419460823
3,IDONTWANT,336,198,1016.7371419460823
3,IDONTWANT,336,511,1016.7371419460823
3,IDONTWANT,336,907,1016.7371419460823
3,IDONTWANT,151,853,1021.2858816305385
3,IDONTWANT,151,230,1021.2858816305385
3,IDONTWANT,151,166,1021.2858816305385
3,IDONTWANT,151,724,1021.2858816305385
3,IDONTWANT,790,570,1024.413807969695
3,IDONTWANT,790,726,1024.413807969695
3,IDONTWANT,790,510,1024.413807969695
3,IDONTWANT,790,471,1024.413807969695
3,IDONTWANT,594,359,1034.0252084097508
3,IDONTWANT,594,262,1034.0252084097508
3,IDONTWANT,594,953,1034.0252084097508
3,IDONTWANT,594,289,1034.0252084097508
3,IDONTWANT,83,831,1035.8247961813634
3,IDONTWANT,83,808,1035.8247961813634
3,IDONTWANT,83,777,1035.8247961813634
3,IDONTWANT,83,874,1035.8247961813634
3,IDONTWANT,329,267,1041.077630106906
3,IDONTWANT,329,228,1041.077630106906
3,IDONTWANT,329,810,1041.077630106906
3,IDONTWANT,329,616,1041.077630106906
3,IDONTWANT,694,779,1044.514528022669
3,IDONTWANT,694,561,1044.514528022669
3,IDONTWANT,694,665,1044.514528022669
3,IDONTWANT,694,128,1044.514528022669
3,IDONTWANT,777,675,1044.6955529897546
3,IDONTWANT,777,159,1044.6955529897546
3,IDONTWANT,777,486,1044.6955529897546
3,IDONTWANT,777,789,1044.6955529897546
3,IDONTWANT,275,152,1048.0407640673363
3,IDONTWANT,275,255,1048.0407640673363
3,IDONTWANT,275,995,1048.0407640673363
3,IDONTWANT,275,272,1048.0407640673363
3,IDONTWANT,612,219,1054.2885357680495
3,IDONTWANT,612,961,1054.2885357680495
3,IDONTWANT,612,717,1054.2885357680495
3,IDONTWANT,612,237,1054.2885357680495
3,IDONTWANT,782,124,1057.7885090649993
3,IDONTWANT,782,990,1057.7885090649993
3,IDONTWANT,782,880,1057.7885090649993
3,IDONTWANT,782,90,1057.7885090649993
3,IDONTWANT,444,116,1059.7871116747513
3,IDONTWANT,444,841,1059.7871116747513
3,IDONTWANT,444,92,1059.7871116747513
3,IDONTWANT,444,415,1059.7871116747513
3,IDONTWANT,456,44,1065.982221004234
3,IDONTWANT,456,999,1065.982221004234
3,IDONTWANT,456,935,1065.982221004234
3,IDONTWANT,456,495,1065.982221004234
3,IDONTWANT,339,948,1071.6026502231487
3,IDONTWANT,339,380,1071.6026502231487
3,IDONTWANT,339,232,1071.6026502231487
3,IDONTWANT,339,505,1071.6026502231487
3,IDONTWANT,742,215,1077.3116061006945
3,IDONTWANT,742,290,1077.3116061006945
3,IDONTWANT,742,445,1077.3116061006945
3,IDONTWANT,742,350,1077.3116061006945
3,IDONTWANT,944,715,1079.4514540868681
3,IDONTWANT,944,756,1079.4514540868681
3,IDONTWANT,944,199,1079.4514540868681
3,IDONTWANT,944,267,1079.4514540868681
3,IDONTWANT,676,467,1085.0777210918245
3,IDONTWANT,676,215,1085.0777210918245
3,IDONTWANT,676,701,1085.0777210918245
3,IDONTWANT,676,188,1085.0777210918245
3,IDONTWANT,720,80,1091.4435026817157
3,IDONTWANT,720,760,1091.4435026817157
3,IDONTWANT,720,860,1091.4435026817157
3,IDONTWANT,720,449,1091.4435026817157
3,IDONTWANT,586,252,1095.2533836042685
3,IDONTWANT,586,210,1095.2533836042685
3,IDONTWANT,586,208,1095.2533836042685
3,IDONTWANT,586,114,1095.2533836042685
3,IDONTWANT,219,752,1095.6327194325984
3,IDONTWANT,219,718,1095.6327194325984
3,IDONTWANT,219,832,1095.6327194325984
3,IDONTWANT,219,518,1095.6327194325984
3,IDONTWANT,500,243,1096.7749440994796
3,IDONTWANT,500,326,1096.7749440994796
3,IDONTWANT,500,381,1096.7749440994796
3,IDONTWANT,500,37,1096.7749440994796
3,IDONTWANT,548,49,1100.7407837443839
3,IDONTWANT,548,911,1100.7407837443839
3,IDONTWANT,548,742,1100.7407837443839
3,IDONTWANT,548,802,1100.7407837443839
3,IDONTWANT,732,77,1100.8698383083229
3,IDONTWANT,732,184,1100.8698383083229
3,IDONTWANT,732,652,1100.8698383083229
3,IDONTWANT,732,369,1100.8698383083229
3,IDONTWANT,553,107,1101.2505074232909
3,IDONTWANT,553,267,1101.2505074232909
3,IDONTWANT,553,237,1101.2505074232909
3,IDONTWANT,553,660,1101.2505074232909
3,IDONTWANT,387,441,1105.9790731868993
3,IDONTWANT,387,835,1105.9790731868993
3,IDONTWANT,387,506,1105.9790731868993
3,IDONTWANT,387,135,1105.9790731868993
3,IDONTWANT,513,83,1107.8338336312775
3,IDONTWANT,513,452,1107.8338336312775
3,IDONTWANT,513,235,1107.8338336312775
3,IDONTWANT,513,180,1107.8338336312775
3,IDONTWANT,24,460,1110.0653790282681
3,IDONTWANT,24,295,1110.0653790282681
3,IDONTWANT,24,624,1110.0653790282681
3,IDONTWANT,24,75,1110.0653790282681
3,IDONTWANT,437,314,1116.8762491209693
3,IDONTWANT,437,427,1116.8762491209693
3,IDONTWANT,437,977,1116.8762491209693
3,IDONTWANT,437,52,1116.8762491209693
3,IDONTWANT,522,135,1118.1385239221831
3,IDONTWANT,522,500,1118.1385239221831
3,IDONTWANT,522,232,1118.1385239221831
3,IDONTWANT,522,628,1118.1385239221831
3,IDONTWANT,737,920,1120.2765925096369
3,IDONTWANT,737,147,1120.2765925096369
3,IDONTWANT,737,34,1120.2765925096369
3,IDONTWANT,737,218,1120.2765925096369
3,IDONTWANT,17,634,1130.0879117636625
3,IDONTWANT,17,211,1130.0879117636625
3,IDONTWANT,17,509,1130.0879117636625
3,IDONTWANT,17,697,1130.0879117636625
3,IDONTWANT,9,591,1134.5430762102453
3,IDONTWANT,9,600,1134.5430762102453
3,IDONTWANT,9,407,1134.5430762102453
3,IDONTWANT,9,51,1134.5430762102453
3,IDONTWANT,987,591,1146.6616862656429
3,IDONTWANT,987,295,1146.6616862656429
3,IDONTWANT,987,280,1146.6616862656429
3,IDONTWANT,987,249,1146.6616862656429
3,IDONTWANT,192,415,1149.920006526361
3,IDONTWANT,192,356,1149.920006526361
3,IDONTWANT,192,55,1149.920006526361
3,IDONTWANT,192,858,1149.920006526361
3,IDONTWANT,77,777,1170.5233283269558
3,IDONTWANT,77,541,1170.5233283269558
3,IDONTWANT,77,306,1170.5233283269558
3,IDONTWANT,77,659,1170.5233283269558
3,IDONTWANT,139,951,1172.1524877410322
3,IDONTWANT,139,266,1172.1524877410322
3,IDONTWANT,139,945,1172.1524877410322
3,IDONTWANT,139,573,1172.1524877410322
3,IDONTWANT,780,155,1188.1906232558106
3,IDONTWANT,780,641,1188.1906232558106
3,IDONTWANT,780,15,1188.1906232558106
3,IDONTWANT,780,437,1188.1906232558106
3,IDONTWANT,883,457,1188.9285782145291
3,IDONTWANT,883,981,1188.9285782145291
3,IDONTWANT,883,99,1188.9285782145291
3,IDONTWANT,883,949,1188.9285782145291
3,IDONTWANT,306,869,1194.2344371120034
3,IDONTWANT,306,221,1194.2344371120034
3,IDONTWANT,306,94,1194.2344371120034
3,IDONTWANT,306,277,1194.2344371120034
3,IDONTWANT,291,171,1209.3592638858058
3,IDONTWANT,291,659,1209.3592638858058
3,IDONTWANT,291,165,1209.3592638858058
3,IDONTWANT,291,76,1209.3592638858058
3,IDONTWANT,499,607,1217.2403717468333
3,IDONTWANT,499,269,1217.2403717468333
3,IDONTWANT,499,631,1217.2403717468333
3,IDONTWANT,499,519,1217.2403717468333
3,IDONTWANT,220,142,1223.4488189082308
3,IDONTWANT,220,932,1223.4488189082308
3,IDONTWANT,220,537,1223.4488189082308
3,IDONTWANT,220,771,1223.4488189082308
3,IDONTWANT,607,502,1228.1541949109442
3,IDONTWANT,607,97,1228.1541949109442
3,IDONTWANT,607,503,1228.1541949109442
3,IDONTWANT,607,712,1228.1541949109442
3,IDONTWANT,176,727,1237.6714579608727
3,IDONTWANT,176,245,1237.6714579608727
3,IDONTWANT,176,961,1237.6714579608727
3,IDONTWANT,176,112,1237.6714579608727
3,IDONTWANT,420,381,1243.8968946257246
3,IDONTWANT,420,525,1243.8968946257246
3,IDONTWANT,420,887,1243.8968946257246
3,IDONTWANT,420,182,1243.8968946257246
3,IDONTWANT,245,498,1255.1188912079363
3,IDONTWANT,245,276,1255.1188912079363
3,IDONTWANT,245,996,1255.1188912079363
3,IDONTWANT,245,689,1255.1188912079363
3,IDONTWANT,8,643,1264.6474964506765
3,IDONTWANT,8,597,1264.6474964506765
3,IDONTWANT,8,971,1264.6474964506765
3,IDONTWANT,8,64,1264.6474964506765
3,IDONTWANT,117,135,1269.331051278733
3,IDONTWANT,117,62,1269.331051278733
3,IDONTWANT,117,932,1269.331051278733
3,IDONTWANT,117,758,1269.331051278733
3,IDONTWANT,292,212,1295.6894828951777
3,IDONTWANT,292,513,1295.6894828951777
3,IDONTWANT,292,928,1295.6894828951777
3,IDONTWANT,292,832,1295.6894828951777
3,IDONTWANT,551,935,1323.5799894504146
3,IDONTWANT,551,476,1323.5799894504146
3,IDONTWANT,551,82,1323.5799894504146
3,IDONTWANT,551,760,1323.5799894504146
3,IDONTWANT,602,579,1349.5961587406096
3,IDONTWANT,602,221,1349.5961587406096
3,IDONTWANT,602,732,1349.5961587406096
3,IDONTWANT,602,883,1349.5961587406096
3,IDONTWANT,770,441,1411.9923878013199
3,IDONTWANT,770,579,1411.9923878013199
3,IDONTWANT,770,657,1411.9923878013199
3,IDONTWANT,770,592,1411.9923878013199
3,IDONTWANT,850,607,1417.302082385011
3,IDONTWANT,850,838,1417.302082385011
3,IDONTWANT,850,623,1417.302082385011
3,IDONTWANT,850,987,1417.302082385011
3,IDONTWANT,231,817,1421.0939808519493
3,IDONTWANT,231,71,1421.0939808519493
3,IDONTWANT,231,767,1421.0939808519493
3,IDONTWANT,231,955,1421.0939808519493
3,IDONTWANT,350,428,1486.0902063615808
3,IDONTWANT,350,933,1486.0902063615808
3,IDONTWANT,350,682,1486.0902063615808
3,IDONTWANT,350,57,1486.0902063615808
3,IDONTWANT,110,819,1508.2917305057736
3,IDONTWANT,110,995,1508.2917305057736
3,IDONTWANT,110,744,1508.2917305057736
3,IDONTWANT,110,666,1508.2917305057736
3,IDONTWANT,216,742,1532.6061506066376
3,IDONTWANT,216,634,1532.6061506066376
3,IDONTWANT,216,659,1532.6061506066376
3,IDONTWANT,216,148,1532.6061506066376
3,IDONTWANT,180,211,1535.9120558191653
3,IDONTWANT,180,297,1535.9120558191653
3,IDONTWANT,180,457,1535.9120558191653
3,IDONTWANT,789,86,1662.9072999725768
3,IDONTWANT,789,300,1662.9072999725768
3,IDONTWANT,789,643,1662.9072999725768
3,IDONTWANT,182,823,1670.1267061830295
3,IDONTWANT,182,18,1670.1267061830295
3,IDONTWANT,182,257,1670.1267061830295
3,IDONTWANT,182,37,1670.1267061830295
3,IDONTWANT,744,847,1678.4049836739064
3,IDONTWANT,744,296,1678.4049836739064
3,IDONTWANT,744,299,1678.4049836739064
3,IDONTWANT,744,363,1678.4049836739064
4,IDONTWANT,797,981,178.56337724403764
4,IDONTWANT,797,882,178.56337724403764
4,IDONTWANT,797,855,178.56337724403764
4,IDONTWANT,797,498,178.56337724403764
4,IDONTWANT,107,627,232.1845400264069
4,IDONTWANT,107,847,232.1845400264069
4,IDONTWANT,107,611,232.1845400264069
4,IDONTWANT,107,486,232.1845400264069
4,IDONTWANT,398,107,275.63981308816864
4,IDONTWANT,398,73,275.63981308816864
4,IDONTWANT,398,271,275.63981308816864
4,IDONTWANT,398,640,275.63981308816864
4,IDONTWANT,981,170,287.47702367840105
4,IDONTWANT,981,123,287.47702367840105
4,IDONTWANT,981,61,287.47702367840105
4,IDONTWANT,981,608,287.47702367840105
4,IDONTWANT,335,722,301.3715857822384
4,IDONTWANT,335,666,301.3715857822384
4,IDONTWANT,335,314,301.3715857822384
4,IDONTWANT,335,56,301.3715857822384
4,IDONTWANT,121,514,338.6564858774207
4,IDONTWANT,121,134,338.6564858774207
4,IDONTWANT,121,545,338.6564858774207
4,IDONTWANT,121,156,338.6564858774207
4,IDONTWANT,227,107,339.42866223751764
4,IDONTWANT,227,386,339.42866223751764
4,IDONTWANT,227,856,339.42866223751764
4,IDONTWANT,227,463,339.42866223751764
4,IDONTWANT,10,227,387.3352555790613
4,IDONTWANT,10,48,387.3352555790613
4,IDONTWANT,10,571,387.3352555790613
4,IDONTWANT,10,880,387.3352555790613
4,IDONTWANT,56,693,388.3862365055201
4,IDONTWANT,56,758,388.3862365055201
4,IDONTWANT,56,55,388.3862365055201
4,IDONTWANT,56,468,388.3862365055201
4,IDONTWANT,722,121,393.5965194093392
4,IDONTWANT,722,270,393.5965194093392
4,IDONTWANT,722,429,393.5965194093392
4,IDONTWANT,722,239,393.5965194093392
4,IDONTWANT,882,911,410.4164781515253
4,IDONTWANT,882,767,410.4164781515253
4,IDONTWANT,882,143,410.4164781515253
4,IDONTWANT,882,796,410.4164781515253
4,IDONTWANT,48,981,427.0426489940094
4,IDONTWANT,48,237,427.0426489940094
4,IDONTWANT,48,155,427.0426489940094
4,IDONTWANT,48,85,427.0426489940094
4,IDONTWANT,314,953,439.7005698574105
4,IDONTWANT,314,950,439.7005698574105
4,IDONTWANT,314,951,439.7005698574105
4,IDONTWANT,314,846,439.7005698574105
4,IDONTWANT,61,64,441.95553464737554
4,IDONTWANT,61,196,441.95553464737554
4,IDONTWANT,61,69,441.95553464737554
4,IDONTWANT,61,214,441.95553464737554
4,IDONTWANT,239,933,445.01224540819464
4,IDONTWANT,239,701,445.01224540819464
4,IDONTWANT,239,295,445.01224540819464
4,IDONTWANT,239,786,445.01224540819464
4,IDONTWANT,90,458,446.36446185780073
4,IDONTWANT,90,828,446.36446185780073
4,IDONTWANT,90,960,446.36446185780073
4,IDONTWANT,90,741,446.36446185780073
4,IDONTWANT,950,505,448.27612282118355
4,IDONTWANT,950,599,448.27612282118355
4,IDONTWANT,950,512,448.27612282118355
4,IDONTWANT,950,779,448.27612282118355
4,IDONTWANT,847,600,459.31106345859786
4,IDONTWANT,847,580,459.31106345859786
4,IDONTWANT,847,218,459.31106345859786
4,IDONTWANT,847,267,459.31106345859786
4,IDONTWANT,498,988,461.396527204485
4,IDONTWANT,498,942,461.396527204485
4,IDONTWANT,498,491,461.396527204485
4,IDONTWANT,498,213,461.396527204485
4,IDONTWANT,758,626,481.5845473373469
4,IDONTWANT,758,385,481.5845473373469
4,IDONTWANT,758,631,481.5845473373469
4,IDONTWANT,758,150,481.5845473373469
4,IDONTWANT,756,623,499.311399766288
4,IDONTWANT,756,785,499.311399766288
4,IDONTWANT,756,673,499.311399766288
4,IDONTWANT,756,61,499.311399766288
4,IDONTWANT,652,718,502.395838898696
4,IDONTWANT,652,587,502.395838898696
4,IDONTWANT,652,601,502.395838898696
4,IDONTWANT,652,768,502.395838898696
4,IDONTWANT,432,496,510.25471404297514
4,IDONTWANT,432,64,510.25471404297514
4,IDONTWANT,432,417,510.25471404297514
4,IDONTWANT,432,103,510.25471404297514
4,IDONTWANT,627,159,511.3577976118864
4,IDONTWANT,627,889,511.3577976118864
4,IDONTWANT,627,864,511.3577976118864
4,IDONTWANT,627,461,511.3577976118864
4,IDONTWANT,816,274,511.577228941991
4,IDONTWANT,816,432,511.577228941991
4,IDONTWANT,816,161,511.577228941991
4,IDONTWANT,816,600,511.577228941991
4,IDONTWANT,155,347,512.6736572801624
4,IDONTWANT,155,568,512.6736572801624
4,IDONTWANT,155,470,512.6736572801624
4,IDONTWANT,155,452,512.6736572801624
4,IDONTWANT,600,531,518.3171849332234
4,IDONTWANT,600,792,518.3171849332234
4,IDONTWANT,600,100,518.3171849332234
4,IDONTWANT,600,355,518.3171849332234
4,IDONTWANT,808,822,520.2037519074
4,IDONTWANT,808,848,520.2037519074
4,IDONTWANT,808,614,520.2037519074
4,IDONTWANT,808,340,520.2037519074
4,IDONTWANT,967,647,522.6532500123465
4,IDONTWANT,967,11,522.6532500123465
4,IDONTWANT,967,373,522.6532500123465
4,IDONTWANT,967,111,522.6532500123465
4,IDONTWANT,486,771,524.0877776450315
4,IDONTWANT,486,517,524.0877776450315
4,IDONTWANT,486,917,524.0877776450315
4,IDONTWANT,486,386,524.0877776450315
4,IDONTWANT,611,967,525.8887828075653
4,IDONTWANT,611,162,525.8887828075653
4,IDONTWANT,611,290,525.8887828075653
4,IDONTWANT,611,835,525.8887828075653
4,IDONTWANT,129,108,529.3494442662445
4,IDONTWANT,129,905,529.3494442662445
4,IDONTWANT,129,574,529.3494442662445
4,IDONTWANT,129,58,529.3494442662445
4,IDONTWANT,270,403,531.2248800395677
4,IDONTWANT,270,400,531.2248800395677
4,IDONTWANT,270,891,531.2248800395677
4,IDONTWANT,270,604,531.2248800395677
4,IDONTWANT,458,652,531.8016995172654
4,IDONTWANT,458,397,531.8016995172654
4,IDONTWANT,458,88,531.8016995172654
4,IDONTWANT,458,926,531.8016995172654
4,IDONTWANT,123,451,533.6075266424481
4,IDONTWANT,123,796,533.6075266424481
4,IDONTWANT,123,188,533.6075266424481
4,IDONTWANT,123,624,533.6075266424481
4,IDONTWANT,623,239,534.1538640383167
4,IDONTWANT,623,967,534.1538640383167
4,IDONTWANT,623,471,534.1538640383167
4,IDONTWANT,623,129,534.1538640383167
4,IDONTWANT,170,650,536.5165879723828
4,IDONTWANT,170,90,536.5165879723828
4,IDONTWANT,170,821,536.5165879723828
4,IDONTWANT,170,267,536.5165879723828
4,IDONTWANT,447,52,537.0588229446934
4,IDONTWANT,447,565,537.0588229446934
4,IDONTWANT,447,145,537.0588229446934
4,IDONTWANT,447,657,537.0588229446934
4,IDONTWANT,796,319,539.3575911112086
4,IDONTWANT,796,746,539.3575911112086
4,IDONTWANT,796,614,539.3575911112086
4,IDONTWANT,796,169,539.3575911112086
4,IDONTWANT,571,447,539.8682049172664
4,IDONTWANT,571,979,539.8682049172664
4,IDONTWANT,571,743,539.8682049172664
4,IDONTWANT,571,239,539.8682049172664
4,IDONTWANT,386,396,540.5266819415062
4,IDONTWANT,386,809,540.5266819415062
4,IDONTWANT,386,257,540.5266819415062
4,IDONTWANT,386,936,540.5266819415062
4,IDONTWANT,911,283,541.9898379567454
4,IDONTWANT,911,585,541.9898379567454
4,IDONTWANT,911,185,541.9898379567454
4,IDONTWANT,911,141,541.9898379567454
4,IDONTWANT,214,611,544.5744566037246
4,IDONTWANT,214,399,544.5744566037246
4,IDONTWANT,214,783,544.5744566037246
4,IDONTWANT,214,334,544.5744566037246
4,IDONTWANT,846,892,545.2942984922979
4,IDONTWANT,846,887,545.2942984922979
4,IDONTWANT,846,579,545.2942984922979
4,IDONTWANT,846,497,545.2942984922979
4,IDONTWANT,341,431,545.582309845321
4,IDONTWANT,341,372,545.582309845321
4,IDONTWANT,341,699,545.582309845321
4,IDONTWANT,341,406,545.582309845321
4,IDONTWANT,104,743,547.1961094820107
4,IDONTWANT,104,163,547.1961094820107
4,IDONTWANT,104,175,547.1961094820107
4,IDONTWANT,104,131,547.1961094820107
4,IDONTWANT,836,217,550.9786437161642
4,IDONTWANT,836,196,550.9786437161642
4,IDONTWANT,836,94,550.9786437161642
4,IDONTWANT,836,185,550.9786437161642
4,IDONTWANT,743,432,552.423071754736
4,IDONTWANT,743,257,552.423071754736
4,IDONTWANT,743,567,552.423071754736
4,IDONTWANT,743,53,552.423071754736
4,IDONTWANT,188,911,552.8229579761253
4,IDONTWANT,188,403,552.8229579761253
4,IDONTWANT,188,994,552.8229579761253
4,IDONTWANT,188,519,552.8229579761253
4,IDONTWANT,73,491,553.2646717164095
4,IDONTWANT,73,849,553.2646717164095
4,IDONTWANT,73,709,553.2646717164095
4,IDONTWANT,73,166,553.2646717164095
4,IDONTWANT,979,242,554.5631375829511
4,IDONTWANT,979,973,554.5631375829511
4,IDONTWANT,979,40,554.5631375829511
4,IDONTWANT,979,294,554.5631375829511
4,IDONTWANT,659,718,554.6511657117906
4,IDONTWANT,659,100,554.6511657117906
4,IDONTWANT,659,917,554.6511657117906
4,IDONTWANT,659,429,554.6511657117906
4,IDONTWANT,316,460,558.8214223660902
4,IDONTWANT,316,254,558.8214223660902
4,IDONTWANT,316,802,558.8214223660902
4,IDONTWANT,316,111,558.8214223660902
4,IDONTWANT,143,688,563.6560228229464
4,IDONTWANT,143,247,563.6560228229464
4,IDONTWANT,143,439,563.6560228229464
4,IDONTWANT,143,74,563.6560228229464
4,IDONTWANT,640,168,565.213459240121
4,IDONTWANT,640,986,565.213459240121
4,IDONTWANT,640,674,565.213459240121
4,IDONTWANT,640,104,565.213459240121
4,IDONTWANT,380,324,571.5764947381479
4,IDONTWANT,380,947,571.5764947381479
4,IDONTWANT,380,282,571.5764947381479
4,IDONTWANT,380,304,571.5764947381479
4,IDONTWANT,917,140,572.4248344132167
4,IDONTWANT,917,627,572.4248344132167
4,IDONTWANT,917,685,572.4248344132167
4,IDONTWANT,917,724,572.4248344132167
4,IDONTWANT,340,34,573.8841103878308
4,IDONTWANT,340,713,573.8841103878308
4,IDONTWANT,340,347,573.8841103878308
4,IDONTWANT,340,736,573.8841103878308
4,IDONTWANT,491,294,574.3775426613998
4,IDONTWANT,491,980,574.3775426613998
4,IDONTWANT,491,831,574.3775426613998
4,IDONTWANT,491,939,574.3775426613998
4,IDONTWANT,257,135,574.6045828770069
4,IDONTWANT,257,618,574.6045828770069
4,IDONTWANT,257,840,574.6045828770069
4,IDONTWANT,257,647,574.6045828770069
4,IDONTWANT,693,836,575.1010696870796
4,IDONTWANT,693,423,575.1010696870796
4,IDONTWANT,693,479,575.1010696870796
4,IDONTWANT,693,301,575.1010696870796
4,IDONTWANT,530,249,575.4434340004738
4,IDONTWANT,530,725,575.4434340004738
4,IDONTWANT,530,152,575.4434340004738
4,IDONTWANT,530,461,575.4434340004738
4,IDONTWANT,267,122,577.4181986168469
4,IDONTWANT,267,963,577.4181986168469
4,IDONTWANT,267,949,577.4181986168469
4,IDONTWANT,267,200,577.4181986168469
4,IDONTWANT,960,346,579.960500695315
4,IDONTWANT,960,410,579.960500695315
4,IDONTWANT,960,246,579.960500695315
4,IDONTWANT,960,858,579.960500695315
4,IDONTWANT,705,58,580.1213700256759
4,IDONTWANT,705,87,580.1213700256759
4,IDONTWANT,705,848,580.1213700256759
4,IDONTWANT,705,578,580.1213700256759
4,IDONTWANT,69,486,582.2290990435328
4,IDONTWANT,69,126,582.2290990435328
4,IDONTWANT,69,119,582.2290990435328
4,IDONTWANT,69,870,582.2290990435328
4,IDONTWANT,650,756,585.9435304934868
4,IDONTWANT,650,414,585.9435304934868
4,IDONTWANT,650,5,585.9435304934868
4,IDONTWANT,650,759,585.9435304934868
4,IDONTWANT,472,797,585.9682489480186
4,IDONTWANT,472,313,585.9682489480186
4,IDONTWANT,472,665,585.9682489480186
4,IDONTWANT,472,430,585.9682489480186
4,IDONTWANT,767,806,586.9723969758895
4,IDONTWANT,767,316,586.9723969758895
4,IDONTWANT,767,575,586.9723969758895
4,IDONTWANT,767,727,586.9723969758895
4,IDONTWANT,889,58,588.130994620648
4,IDONTWANT,889,184,588.130994620648
4,IDONTWANT,889,730,588.130994620648
4,IDONTWANT,889,462,588.130994620648
4,IDONTWANT,78,885,588.2898569569072
4,IDONTWANT,78,94,588.2898569569072
4,IDONTWANT,78,713,588.2898569569072
4,IDONTWANT,78,866,588.2898569569072
4,IDONTWANT,880,950,589.7070236561236
4,IDONTWANT,880,852,589.7070236561236
4,IDONTWANT,880,225,589.7070236561236
4,IDONTWANT,880,79,589.7070236561236
4,IDONTWANT,34,681,589.8043203124103
4,IDONTWANT,34,67,589.8043203124103
4,IDONTWANT,34,63,589.8043203124103
4,IDONTWANT,34,749,589.8043203124103
4,IDONTWANT,368,50,590.0276317891206
4,IDONTWANT,368,723,590.0276317891206
4,IDONTWANT,368,485,590.0276317891206
4,IDONTWANT,368,200,590.0276317891206
4,IDONTWANT,514,631,592.5236380420693
4,IDONTWANT,514,762,592.5236380420693
4,IDONTWANT,514,981,592.5236380420693
4,IDONTWANT,514,49,592.5236380420693
4,IDONTWANT,403,240,592.5541702763687
4,IDONTWANT,403,766,592.5541702763687
4,IDONTWANT,403,552,592.5541702763687
4,IDONTWANT,403,868,592.5541702763687
4,IDONTWANT,461,878,592.6707182728898
4,IDONTWANT,461,227,592.6707182728898
4,IDONTWANT,461,636,592.6707182728898
4,IDONTWANT,461,414,592.6707182728898
4,IDONTWANT,892,421,592.7144247239637
4,IDONTWANT,892,252,592.7144247239637
4,IDONTWANT,892,159,592.7144247239637
4,IDONTWANT,892,26,592.7144247239637
4,IDONTWANT,271,78,593.3233048044799
4,IDONTWANT,271,370,593.3233048044799
4,IDONTWANT,271,948,593.3233048044799
4,IDONTWANT,271,439,593.3233048044799
4,IDONTWANT,505,787,594.0376506000894
4,IDONTWANT,505,544,594.0376506000894
4,IDONTWANT,505,49,594.0376506000894
4,IDONTWANT,505,652,594.0376506000894
4,IDONTWANT,64,581,595.4715297569714
4,IDONTWANT,64,155,595.4715297569714
4,IDONTWANT,64,550,595.4715297569714
4,IDONTWANT,64,104,595.4715297569714
4,IDONTWANT,779,659,596.6088611137084
4,IDONTWANT,779,483,596.6088611137084
4,IDONTWANT,779,217,596.6088611137084
4,IDONTWANT,779,918,596.6088611137084
4,IDONTWANT,4,39,597.7219185816842
4,IDONTWANT,4,89,597.7219185816842
4,IDONTWANT,4,445,597.7219185816842
4,IDONTWANT,4,429,597.7219185816842
4,IDONTWANT,689,649,598.2402516017358
4,IDONTWANT,689,197,598.2402516017358
4,IDONTWANT,689,480,598.2402516017358
4,IDONTWANT,689,657,598.2402516017358
4,IDONTWANT,891,892,598.3206136764885
4,IDONTWANT,891,152,598.3206136764885
4,IDONTWANT,891,272,598.3206136764885
4,IDONTWANT,891,428,598.3206136764885
4,IDONTWANT,89,710,598.6903140680711
4,IDONTWANT,89,620,598.6903140680711
4,IDONTWANT,89,980,598.6903140680711
4,IDONTWANT,89,353,598.6903140680711
4,IDONTWANT,429,418,601.1759864944564
4,IDONTWANT,429,695,601.1759864944564
4,IDONTWANT,429,380,601.1759864944564
4,IDONTWANT,429,189,601.1759864944564
4,IDONTWANT,396,34,602.0602602054757
4,IDONTWANT,396,494,602.0602602054757
4,IDONTWANT,396,566,602.0602602054757
4,IDONTWANT,396,558,602.0602602054757
4,IDONTWANT,331,472,602.473585305536
4,IDONTWANT,331,285,602.473585305536
4,IDONTWANT,331,982,602.473585305536
4,IDONTWANT,331,323,602.473585305536
4,IDONTWANT,942,256,603.4563739005506
4,IDONTWANT,942,568,603.4563739005506
4,IDONTWANT,942,836,603.4563739005506
4,IDONTWANT,942,979,603.4563739005506
4,IDONTWANT,422,797,604.9081432616837
4,IDONTWANT,422,681,604.9081432616837
4,IDONTWANT,422,969,604.9081432616837
4,IDONTWANT,422,6,604.9081432616837
4,IDONTWANT,283,630,605.3220843325872
4,IDONTWANT,283,771,605.3220843325872
4,IDONTWANT,283,141,605.3220843325872
4,IDONTWANT,283,660,605.3220843325872
4,IDONTWANT,970,21,605.9546846098395
4,IDONTWANT,970,230,605.9546846098395
4,IDONTWANT,970,142,605.9546846098395
4,IDONTWANT,970,430,605.9546846098395
4,IDONTWANT,792,936,606.2619180502111
4,IDONTWANT,792,988,606.2619180502111
4,IDONTWANT,792,53,606.2619180502111
4,IDONTWANT,792,734,606.2619180502111
4,IDONTWANT,988,753,608.0160685891917
4,IDONTWANT,988,89,608.0160685891917
4,IDONTWANT,988,758,608.0160685891917
4,IDONTWANT,988,559,608.0160685891917
4,IDONTWANT,771,957,609.8928687151492
4,IDONTWANT,771,936,609.8928687151492
4,IDONTWANT,771,55,609.8928687151492
4,IDONTWANT,771,509,609.8928687151492
4,IDONTWANT,849,99,610.4728992144555
4,IDONTWANT,849,970,610.4728992144555
4,IDONTWANT,849,457,610.4728992144555
4,IDONTWANT,849,785,610.4728992144555
4,IDONTWANT,204,187,610.4851023579428
4,IDONTWANT,204,1,610.4851023579428
4,IDONTWANT,204,344,610.4851023579428
4,IDONTWANT,204,391,610.4851023579428
4,IDONTWANT,718,651,611.0160829890248
4,IDONTWANT,718,859,611.0160829890248
4,IDONTWANT,718,304,611.0160829890248
4,IDONTWANT,718,202,611.0160829890248
4,IDONTWANT,39,364,611.9389095709307
4,IDONTWANT,39,173,611.9389095709307
4,IDONTWANT,39,626,611.9389095709307
4,IDONTWANT,39,120,611.9389095709307
4,IDONTWANT,400,511,612.304151064284
4,IDONTWANT,400,727,612.304151064284
4,IDONTWANT,400,996,612.304151064284
4,IDONTWANT,400,458,612.304151064284
4,IDONTWANT,196,862,612.9223199446768
4,IDONTWANT,196,391,612.9223199446768
4,IDONTWANT,196,892,612.9223199446768
4,IDONTWANT,196,519,612.9223199446768
4,IDONTWANT,58,896,613.6377159769902
4,IDONTWANT,58,697,613.6377159769902
4,IDONTWANT,58,818,613.6377159769902
4,IDONTWANT,58,573,613.6377159769902
4,IDONTWANT,356,905,614.4475077280347
4,IDONTWANT,356,321,614.4475077280347
4,IDONTWANT,356,751,614.4475077280347
4,IDONTWANT,356,115,614.4475077280347
4,IDONTWANT,701,309,615.3253906540315
4,IDONTWANT,701,328,615.3253906540315
4,IDONTWANT,701,491,615.3253906540315
4,IDONTWANT,701,496,615.3253906540315
4,IDONTWANT,806,341,615.9811170506641
4,IDONTWANT,806,299,615.9811170506641
4,IDONTWANT,806,286,615.9811170506641
4,IDONTWANT,806,62,615.9811170506641
4,IDONTWANT,894,342,618.2405528962032
4,IDONTWANT,894,823,618.2405528962032
4,IDONTWANT,894,171,618.2405528962032
4,IDONTWANT,894,266,618.2405528962032
4,IDONTWANT,430,636,619.087621770907
4,IDONTWANT,430,319,619.087621770907
4,IDONTWANT,430,79,619.087621770907
4,IDONTWANT,430,208,619.087621770907
4,IDONTWANT,948,890,620.8179562479983
4,IDONTWANT,948,96,620.8179562479983
4,IDONTWANT,948,734,620.8179562479983
4,IDONTWANT,948,183,620.8179562479983
4,IDONTWANT,905,300,622.8592976440777
4,IDONTWANT,905,147,622.8592976440777
4,IDONTWANT,905,655,622.8592976440777
4,IDONTWANT,905,16,622.8592976440777
4,IDONTWANT,55,528,623.8939737816019
4,IDONTWANT,55,974,623.8939737816019
4,IDONTWANT,55,633,623.8939737816019
4,IDONTWANT,55,671,623.8939737816019
4,IDONTWANT,608,816,624.539937224981
4,IDONTWANT,608,846,624.539937224981
4,IDONTWANT,608,188,624.539937224981
4,IDONTWANT,608,991,624.539937224981
4,IDONTWANT,99,769,624.6831155951284
4,IDONTWANT,99,205,624.6831155951284
4,IDONTWANT,99,490,624.6831155951284
4,IDONTWANT,99,911,624.6831155951284
4,IDONTWANT,678,125,626.4784778152168
4,IDONTWANT,678,747,626.4784778152168
4,IDONTWANT,678,628,626.4784778152168
4,IDONTWANT,678,364,626.4784778152168
4,IDONTWANT,951,286,627.7903990907915
4,IDONTWANT,951,112,627.7903990907915
4,IDONTWANT,951,124,627.7903990907915
4,IDONTWANT,951,415,627.7903990907915
4,IDONTWANT,996,559,627.9340933945866
4,IDONTWANT,996,392,627.9340933945866
4,IDONTWANT,996,992,627.9340933945866
4,IDONTWANT,996,599,627.9340933945866
4,IDONTWANT,848,948,629.4280821834861
4,IDONTWANT,848,797,629.4280821834861
4,IDONTWANT,848,286,629.4280821834861
4,IDONTWANT,848,436,629.4280821834861
4,IDONTWANT,112,143,630.2875756000622
4,IDONTWANT,112,445,630.2875756000622
4,IDONTWANT,112,893,630.2875756000622
4,IDONTWANT,112,200,630.2875756000622
4,IDONTWANT,150,907,632.1547141731932
4,IDONTWANT,150,499,632.1547141731932
4,IDONTWANT,150,167,632.1547141731932
4,IDONTWANT,150,684,632.1547141731932
4,IDONTWANT,878,12,632.5512470528763
4,IDONTWANT,878,479,632.5512470528763
4,IDONTWANT,878,734,632.5512470528763
4,IDONTWANT,878,935,632.5512470528763
4,IDONTWANT,953,232,633.0059366691335
4,IDONTWANT,953,881,633.0059366691335
4,IDONTWANT,953,150,633.0059366691335
4,IDONTWANT,953,684,633.0059366691335
4,IDONTWANT,468,906,633.5683091125732
4,IDONTWANT,468,576,633.5683091125732
4,IDONTWANT,468,863,633.5683091125732
4,IDONTWANT,468,776,633.5683091125732
4,IDONTWANT,31,609,634.5873655720251
4,IDONTWANT,31,509,634.5873655720251
4,IDONTWANT,31,594,634.5873655720251
4,IDONTWANT,31,817,634.5873655720251
4,IDONTWANT,431,32,635.281058701174
4,IDONTWANT,431,815,635.281058701174
4,IDONTWANT,431,508,635.281058701174
4,IDONTWANT,431,562,635.281058701174
4,IDONTWANT,854,570,636.0724319996317
4,IDONTWANT,854,378,636.0724319996317
4,IDONTWANT,854,892,636.0724319996317
4,IDONTWANT,854,722,636.0724319996317
4,IDONTWANT,108,674,636.2823039020521
4,IDONTWANT,108,960,636.2823039020521
4,IDONTWANT,108,359,636.2823039020521
4,IDONTWANT,108,160,636.2823039020521
4,IDONTWANT,585,729,636.5419015720573
4,IDONTWANT,585,967,636.5419015720573
4,IDONTWANT,585,393,636.5419015720573
4,IDONTWANT,585,109,636.5419015720573
4,IDONTWANT,787,374,636.9724579311651
4,IDONTWANT,787,793,636.9724579311651
4,IDONTWANT,787,765,636.9724579311651
4,IDONTWANT,787,730,636.9724579311651
4,IDONTWANT,40,506,637.5030503428134
4,IDONTWANT,40,61,637.5030503428134
4,IDONTWANT,40,224,637.5030503428134
4,IDONTWANT,40,787,637.5030503428134
4,IDONTWANT,49,181,637.5091500365708
4,IDONTWANT,49,155,637.5091500365708
4,IDONTWANT,49,238,637.5091500365708
4,IDONTWANT,49,675,637.5091500365708
4,IDONTWANT,152,442,637.795514950528
4,IDONTWANT,152,528,637.795514950528
4,IDONTWANT,152,414,637.795514950528
4,IDONTWANT,152,348,637.795514950528
4,IDONTWANT,581,878,638.3465217656569
4,IDONTWANT,581,605,638.3465217656569
4,IDONTWANT,581,781,638.3465217656569
4,IDONTWANT,581,372,638.3465217656569
4,IDONTWANT,506,879,638.4926640991654
4,IDONTWANT,506,368,638.4926640991654
4,IDONTWANT,506,990,638.4926640991654
4,IDONTWANT,506,894,638.4926640991654
4,IDONTWANT,342,202,639.217015335908
4,IDONTWANT,342,6,639.217015335908
4,IDONTWANT,342,817,639.217015335908
4,IDONTWANT,342,299,639.217015335908
4,IDONTWANT,821,872,640.9462974527622
4,IDONTWANT,821,816,640.9462974527622
4,IDONTWANT,821,827,640.9462974527622
4,IDONTWANT,821,560,640.9462974527622
4,IDONTWANT,809,891,641.4199389709895
4,IDONTWANT,809,620,641.4199389709895
4,IDONTWANT,809,743,641.4199389709895
4,IDONTWANT,809,15,641.4199389709895
4,IDONTWANT,451,356,641.8333427556887
4,IDONTWANT,451,290,641.8333427556887
4,IDONTWANT,451,165,641.8333427556887
4,IDONTWANT,451,534,641.8333427556887
4,IDONTWANT,559,535,642.3450201536223
4,IDONTWANT,559,996,642.3450201536223
4,IDONTWANT,559,271,642.3450201536223
4,IDONTWANT,559,302,642.3450201536223
4,IDONTWANT,11,137,642.8623499527829
4,IDONTWANT,11,297,642.8623499527829
4,IDONTWANT,11,430,642.8623499527829
4,IDONTWANT,11,148,642.8623499527829
4,IDONTWANT,346,236,643.2176645251789
4,IDONTWANT,346,477,643.2176645251789
4,IDONTWANT,346,226,643.2176645251789
4,IDONTWANT,346,271,643.2176645251789
4,IDONTWANT,85,411,643.3980515149075
4,IDONTWANT,85,758,643.3980515149075
4,IDONTWANT,85,823,643.3980515149075
4,IDONTWANT,85,233,643.3980515149075
4,IDONTWANT,885,643,644.2390301157265
4,IDONTWANT,885,76,644.2390301157265
4,IDONTWANT,885,463,644.2390301157265
4,IDONTWANT,885,996,644.2390301157265
4,IDONTWANT,957,430,645.1594105071888
4,IDONTWANT,957,611,645.1594105071888
4,IDONTWANT,957,859,645.1594105071888
4,IDONTWANT,957,617,645.1594105071888
4,IDONTWANT,710,671,645.5443483502366
4,IDONTWANT,710,300,645.5443483502366
4,IDONTWANT,710,256,645.5443483502366
4,IDONTWANT,710,622,645.5443483502366
4,IDONTWANT,866,566,645.64832933812
4,IDONTWANT,866,927,645.64832933812
4,IDONTWANT,866,28,645.64832933812
4,IDONTWANT,866,857,645.64832933812
4,IDONTWANT,759,641,647.1879720392005
4,IDONTWANT,759,689,647.1879720392005
4,IDONTWANT,759,713,647.1879720392005
4,IDONTWANT,759,705,647.1879720392005
4,IDONTWANT,681,76,647.4590191132585
4,IDONTWANT,681,428,647.4590191132585
4,IDONTWANT,681,938,647.4590191132585
4,IDONTWANT,681,430,647.4590191132585
4,IDONTWANT,852,346,647.6394906154497
4,IDONTWANT,852,205,647.6394906154497
4,IDONTWANT,852,185,647.6394906154497
4,IDONTWANT,852,387,647.6394906154497
4,IDONTWANT,631,129,648.1294588711214
4,IDONTWANT,631,342,648.1294588711214
4,IDONTWANT,631,473,648.1294588711214
4,IDONTWANT,631,659,648.1294588711214
4,IDONTWANT,695,799,649.5126873643235
4,IDONTWANT,695,854,649.5126873643235
4,IDONTWANT,695,480,649.5126873643235
4,IDONTWANT,695,363,649.5126873643235
4,IDONTWANT,524,2,650.8934303101896
4,IDONTWANT,524,581,650.8934303101896
4,IDONTWANT,524,363,650.8934303101896
4,IDONTWANT,524,311,650.8934303101896
4,IDONTWANT,856,932,653.5023211030523
4,IDONTWANT,856,917,653.5023211030523
4,IDONTWANT,856,65,653.5023211030523
4,IDONTWANT,856,884,653.5023211030523
4,IDONTWANT,531,98,654.681257239871
4,IDONTWANT,531,65,654.681257239871
4,IDONTWANT,531,654,654.681257239871
4,IDONTWANT,531,148,654.681257239871
4,IDONTWANT,828,725,654.8609270815537
4,IDONTWANT,828,211,654.8609270815537
4,IDONTWANT,828,949,654.8609270815537
4,IDONTWANT,828,260,654.8609270815537
4,IDONTWANT,822,701,656.4827489451254
4,IDONTWANT,822,795,656.4827489451254
4,IDONTWANT,822,936,656.4827489451254
4,IDONTWANT,822,511,656.4827489451254
4,IDONTWANT,859,263,657.3511448701795
4,IDONTWANT,859,326,657.3511448701795
4,IDONTWANT,859,578,657.3511448701795
4,IDONTWANT,859,238,657.3511448701795
4,IDONTWANT,294,929,657.3933274521805
4,IDONTWANT,294,341,657.3933274521805
4,IDONTWANT,294,778,657.3933274521805
4,IDONTWANT,294,461,657.3933274521805
4,IDONTWANT,286,174,658.1227636633105
4,IDONTWANT,286,484,658.1227636633105
4,IDONTWANT,286,425,658.1227636633105
4,IDONTWANT,286,352,658.1227636633105
4,IDONTWANT,418,194,658.4500748693248
4,IDONTWANT,418,615,658.4500748693248
4,IDONTWANT,418,997,658.4500748693248
4,IDONTWANT,418,848,658.4500748693248
4,IDONTWANT,920,708,658.6530405401173
4,IDONTWANT,920,750,658.6530405401173
4,IDONTWANT,920,532,658.6530405401173
4,IDONTWANT,920,417,658.6530405401173
4,IDONTWANT,12,554,659.1135651625088
4,IDONTWANT,12,121,659.1135651625088
4,IDONTWANT,12,585,659.1135651625088
4,IDONTWANT,12,316,659.1135651625088
4,IDONTWANT,630,792,659.1940836495737
4,IDONTWANT,630,263,659.1940836495737
4,IDONTWANT,630,593,659.1940836495737
4,IDONTWANT,630,236,659.1940836495737
4,IDONTWANT,827,58,659.3275935716848
4,IDONTWANT,827,693,659.3275935716848
4,IDONTWANT,827,404,659.3275935716848
4,IDONTWANT,827,476,659.3275935716848
4,IDONTWANT,497,467,660.6088280064162
4,IDONTWANT,497,147,660.6088280064162
4,IDONTWANT,497,260,660.6088280064162
4,IDONTWANT,497,515,660.6088280064162
4,IDONTWANT,651,248,660.6523443526194
4,IDONTWANT,651,930,660.6523443526194
4,IDONTWANT,651,874,660.6523443526194
4,IDONTWANT,651,440,660.6523443526194
4,IDONTWANT,582,204,660.8479046933605
4,IDONTWANT,582,838,660.8479046933605
4,IDONTWANT,582,978,660.8479046933605
4,IDONTWANT,582,840,660.8479046933605
4,IDONTWANT,932,123,662.0466135148902
4,IDONTWANT,932,365,662.0466135148902
4,IDONTWANT,932,731,662.0466135148902
4,IDONTWANT,932,250,662.0466135148902
4,IDONTWANT,614,652,662.1565589356467
4,IDONTWANT,614,786,662.1565589356467
4,IDONTWANT,614,82,662.1565589356467
4,IDONTWANT,614,502,662.1565589356467
4,IDONTWANT,565,334,662.8541197431355
4,IDONTWANT,565,196,662.8541197431355
4,IDONTWANT,565,902,662.8541197431355
4,IDONTWANT,565,398,662.8541197431355
4,IDONTWANT,933,836,663.1677619899822
4,IDONTWANT,933,849,663.1677619899822
4,IDONTWANT,933,886,663.1677619899822
4,IDONTWANT,933,935,663.1677619899822
4,IDONTWANT,727,613,663.5405933345493
4,IDONTWANT,727,884,663.5405933345493
4,IDONTWANT,727,753,663.5405933345493
4,IDONTWANT,727,6,663.5405933345493
4,IDONTWANT,166,585,663.9922234063121
4,IDONTWANT,166,507,663.9922234063121
4,IDONTWANT,166,718,663.9922234063121
4,IDONTWANT,166,335,663.9922234063121
4,IDONTWANT,487,669,664.0297981681069
4,IDONTWANT,487,974,664.0297981681069
4,IDONTWANT,487,804,664.0297981681069
4,IDONTWANT,487,139,664.0297981681069
4,IDONTWANT,277,792,664.1951834937622
4,IDONTWANT,277,383,664.1951834937622
4,IDONTWANT,277,804,664.1951834937622
4,IDONTWANT,277,980,664.1951834937622
4,IDONTWANT,997,405,664.3004979100118
4,IDONTWANT,997,12,664.3004979100118
4,IDONTWANT,997,946,664.3004979100118
4,IDONTWANT,997,361,664.3004979100118
4,IDONTWANT,21,185,664.5638081654189
4,IDONTWANT,21,716,664.5638081654189
4,IDONTWANT,21,799,664.5638081654189
4,IDONTWANT,21,250,664.5638081654189
4,IDONTWANT,410,593,665.0115853919223
4,IDONTWANT,410,192,665.0115853919223
4,IDONTWANT,410,334,665.0115853919223
4,IDONTWANT,410,66,665.0115853919223
4,IDONTWANT,839,798,666.4380492228678
4,IDONTWANT,839,529,666.4380492228678
4,IDONTWANT,839,878,666.4380492228678
4,IDONTWANT,839,152,666.4380492228678
4,IDONTWANT,980,115,666.7021713094036
4,IDONTWANT,980,312,666.7021713094036
4,IDONTWANT,980,355,666.7021713094036
4,IDONTWANT,980,663,666.7021713094036
4,IDONTWANT,397,333,667.100369438882
4,IDONTWANT,397,164,667.100369438882
4,IDONTWANT,397,437,667.100369438882
4,IDONTWANT,397,905,667.100369438882
4,IDONTWANT,936,62,667.2976354695054
4,IDONTWANT,936,298,667.2976354695054
4,IDONTWANT,936,893,667.2976354695054
4,IDONTWANT,936,110,667.2976354695054
4,IDONTWANT,906,452,668.4276636637098
4,IDONTWANT,906,826,668.4276636637098
4,IDONTWANT,906,519,668.4276636637098
4,IDONTWANT,906,349,668.4276636637098
4,IDONTWANT,963,834,668.5137811487915
4,IDONTWANT,963,410,668.5137811487915
4,IDONTWANT,963,867,668.5137811487915
4,IDONTWANT,963,574,668.5137811487915
4,IDONTWANT,205,85,668.5979258831579
4,IDONTWANT,205,487,668.5979258831579
4,IDONTWANT,205,286,668.5979258831579
4,IDONTWANT,205,515,668.5979258831579
4,IDONTWANT,669,223,670.3902781194929
4,IDONTWANT,669,164,670.3902781194929
4,IDONTWANT,669,734,670.3902781194929
4,IDONTWANT,669,801,670.3902781194929
4,IDONTWANT,568,710,670.7098861774446
4,IDONTWANT,568,682,670.7098861774446
4,IDONTWANT,568,862,670.7098861774446
4,IDONTWANT,568,549,670.7098861774446
4,IDONTWANT,643,445,670.7570167121751
4,IDONTWANT,643,280,670.7570167121751
4,IDONTWANT,643,200,670.7570167121751
4,IDONTWANT,643,111,670.7570167121751
4,IDONTWANT,187,673,672.0569748464061
4,IDONTWANT,187,507,672.0569748464061
4,IDONTWANT,187,560,672.0569748464061
4,IDONTWANT,187,855,672.0569748464061
4,IDONTWANT,684,310,674.6627509300957
4,IDONTWANT,684,760,674.6627509300957
4,IDONTWANT,684,410,674.6627509300957
4,IDONTWANT,684,963,674.6627509300957
4,IDONTWANT,168,705,674.8658746614525
4,IDONTWANT,168,188,674.8658746614525
4,IDONTWANT,168,436,674.8658746614525
4,IDONTWANT,168,917,674.8658746614525
4,IDONTWANT,370,197,674.8795712346717
4,IDONTWANT,370,331,674.8795712346717
4,IDONTWANT,370,373,674.8795712346717
4,IDONTWANT,370,756,674.8795712346717
4,IDONTWANT,159,808,675.3331546625784
4,IDONTWANT,159,235,675.3331546625784
4,IDONTWANT,159,996,675.3331546625784
4,IDONTWANT,159,898,675.3331546625784
4,IDONTWANT,753,558,675.6291797438465
4,IDONTWANT,753,587,675.6291797438465
4,IDONTWANT,753,50,675.6291797438465
4,IDONTWANT,753,408,675.6291797438465
4,IDONTWANT,149,765,675.8027918712916
4,IDONTWANT,149,976,675.8027918712916
4,IDONTWANT,149,96,675.8027918712916
4,IDONTWANT,149,408,675.8027918712916
4,IDONTWANT,673,487,676.143174333744
4,IDONTWANT,673,524,676.143174333744
4,IDONTWANT,673,16,676.143174333744
4,IDONTWANT,673,654,676.143174333744
4,IDONTWANT,445,592,676.3744773618248
4,IDONTWANT,445,905,676.3744773618248
4,IDONTWANT,445,373,676.3744773618248
4,IDONTWANT,445,472,676.3744773618248
4,IDONTWANT,181,689,676.826919554787
4,IDONTWANT,181,183,676.826919554787
4,IDONTWANT,181,278,676.826919554787
4,IDONTWANT,181,356,676.826919554787
4,IDONTWANT,588,933,677.4070435309244
4,IDONTWANT,588,832,677.4070435309244
4,IDONTWANT,588,772,677.4070435309244
4,IDONTWANT,588,650,677.4070435309244
4,IDONTWANT,567,930,677.5773012660245
4,IDONTWANT,567,873,677.5773012660245
4,IDONTWANT,567,646,677.5773012660245
4,IDONTWANT,567,944,677.5773012660245
4,IDONTWANT,415,839,678.2958449373089
4,IDONTWANT,415,236,678.2958449373089
4,IDONTWANT,415,861,678.2958449373089
4,IDONTWANT,415,460,678.2958449373089
4,IDONTWANT,237,758,678.3665304030894
4,IDONTWANT,237,666,678.3665304030894
4,IDONTWANT,237,472,678.3665304030894
4,IDONTWANT,237,506,678.3665304030894
4,IDONTWANT,799,972,679.5110615845765
4,IDONTWANT,799,588,679.5110615845765
4,IDONTWANT,799,745,679.5110615845765
4,IDONTWANT,799,449,679.5110615845765
4,IDONTWANT,141,459,680.8365665073593
4,IDONTWANT,141,140,680.8365665073593
4,IDONTWANT,141,427,680.8365665073593
4,IDONTWANT,141,124,680.8365665073593
4,IDONTWANT,197,687,681.6353171085815
4,IDONTWANT,197,995,681.6353171085815
4,IDONTWANT,197,289,681.6353171085815
4,IDONTWANT,197,614,681.6353171085815
4,IDONTWANT,436,277,681.8047635991219
4,IDONTWANT,436,419,681.8047635991219
4,IDONTWANT,436,290,681.8047635991219
4,IDONTWANT,436,684,681.8047635991219
4,IDONTWANT,76,707,681.8541332376858
4,IDONTWANT,76,557,681.8541332376858
4,IDONTWANT,76,937,681.8541332376858
4,IDONTWANT,76,27,681.8541332376858
4,IDONTWANT,509,258,682.0584722118866
4,IDONTWANT,509,549,682.0584722118866
4,IDONTWANT,509,645,682.0584722118866
4,IDONTWANT,509,878,682.0584722118866
4,IDONTWANT,949,46,682.1206719719971
4,IDONTWANT,949,279,682.1206719719971
4,IDONTWANT,949,126,682.1206719719971
4,IDONTWANT,949,476,682.1206719719971
4,IDONTWANT,290,571,682.141618325001
4,IDONTWANT,290,685,682.141618325001
4,IDONTWANT,290,404,682.141618325001
4,IDONTWANT,290,122,682.141618325001
4,IDONTWANT,16,730,683.2081761713896
4,IDONTWANT,16,65,683.2081761713896
4,IDONTWANT,16,578,683.2081761713896
4,IDONTWANT,16,62,683.2081761713896
4,IDONTWANT,217,44,683.2406685010908
4,IDONTWANT,217,845,683.2406685010908
4,IDONTWANT,217,856,683.2406685010908
4,IDONTWANT,217,733,683.2406685010908
4,IDONTWANT,247,502,683.2628474321044
4,IDONTWANT,247,298,683.2628474321044
4,IDONTWANT,247,726,683.2628474321044
4,IDONTWANT,247,529,683.2628474321044
4,IDONTWANT,674,812,683.3236540656193
4,IDONTWANT,674,849,683.3236540656193
4,IDONTWANT,674,378,683.3236540656193
4,IDONTWANT,674,534,683.3236540656193
4,IDONTWANT,471,466,683.5434978922954
4,IDONTWANT,471,564,683.5434978922954
4,IDONTWANT,471,870,683.5434978922954
4,IDONTWANT,471,643,683.5434978922954
4,IDONTWANT,463,485,683.6177579509789
4,IDONTWANT,463,187,683.6177579509789
4,IDONTWANT,463,579,683.6177579509789
4,IDONTWANT,463,223,683.6177579509789
4,IDONTWANT,579,659,684.1496798981727
4,IDONTWANT,579,650,684.1496798981727
4,IDONTWANT,579,43,684.1496798981727
4,IDONTWANT,579,714,684.1496798981727
4,IDONTWANT,872,305,685.1158860967003
4,IDONTWANT,872,603,685.1158860967003
4,IDONTWANT,872,605,685.1158860967003
4,IDONTWANT,872,451,685.1158860967003
4,IDONTWANT,537,960,685.1504086745043
4,IDONTWANT,537,530,685.1504086745043
4,IDONTWANT,537,752,685.1504086745043
4,IDONTWANT,537,504,685.1504086745043
4,IDONTWANT,392,327,686.1691864441326
4,IDONTWANT,392,472,686.1691864441326
4,IDONTWANT,392,370,686.1691864441326
4,IDONTWANT,392,803,686.1691864441326
4,IDONTWANT,566,336,686.5485721321
4,IDONTWANT,566,616,686.5485721321
4,IDONTWANT,566,244,686.5485721321
4,IDONTWANT,566,388,686.5485721321
4,IDONTWANT,605,536,686.8343010546918
4,IDONTWANT,605,206,686.8343010546918
4,IDONTWANT,605,295,686.8343010546918
4,IDONTWANT,605,781,686.8343010546918
4,IDONTWANT,972,464,688.1023677697858
4,IDONTWANT,972,648,688.1023677697858
4,IDONTWANT,972,47,688.1023677697858
4,IDONTWANT,972,828,688.1023677697858
4,IDONTWANT,202,332,688.1284667191226
4,IDONTWANT,202,251,688.1284667191226
4,IDONTWANT,202,35,688.1284667191226
4,IDONTWANT,202,989,688.1284667191226
4,IDONTWANT,428,835,688.242388060132
4,IDONTWANT,428,11,688.242388060132
4,IDONTWANT,428,839,688.242388060132
4,IDONTWANT,428,335,688.242388060132
4,IDONTWANT,252,840,688.3419346287751
4,IDONTWANT,252,519,688.3419346287751
4,IDONTWANT,252,992,688.3419346287751
4,IDONTWANT,252,461,688.3419346287751
4,IDONTWANT,319,846,688.3545780282296
4,IDONTWANT,319,740,688.3545780282296
4,IDONTWANT,319,718,688.3545780282296
4,IDONTWANT,319,663,688.3545780282296
4,IDONTWANT,550,384,688.4298357998557
4,IDONTWANT,550,865,688.4298357998557
4,IDONTWANT,550,447,688.4298357998557
4,IDONTWANT,550,764,688.4298357998557
4,IDONTWANT,862,459,688.8562854827176
4,IDONTWANT,862,871,688.8562854827176
4,IDONTWANT,862,163,688.8562854827176
4,IDONTWANT,862,379,688.8562854827176
4,IDONTWANT,730,303,689.734646088139
4,IDONTWANT,730,861,689.734646088139
4,IDONTWANT,730,476,689.734646088139
4,IDONTWANT,730,383,689.734646088139
4,IDONTWANT,185,252,689.9781284773997
4,IDONTWANT,185,958,689.9781284773997
4,IDONTWANT,185,458,689.9781284773997
4,IDONTWANT,185,108,689.9781284773997
4,IDONTWANT,134,628,690.895523282474
4,IDONTWANT,134,997,690.895523282474
4,IDONTWANT,134,518,690.895523282474
4,IDONTWANT,134,621,690.895523282474
4,IDONTWANT,248,293,691.0910879235827
4,IDONTWANT,248,476,691.0910879235827
4,IDONTWANT,248,478,691.0910879235827
4,IDONTWANT,248,786,691.0910879235827
4,IDONTWANT,564,968,691.2440050509048
4,IDONTWANT,564,163,691.2440050509048
4,IDONTWANT,564,765,691.2440050509048
4,IDONTWANT,564,937,691.2440050509048
4,IDONTWANT,762,468,692.2854956931266
4,IDONTWANT,762,640,692.2854956931266
4,IDONTWANT,762,781,692.2854956931266
4,IDONTWANT,762,178,692.2854956931266
4,IDONTWANT,5,72,693.1025991487649
4,IDONTWANT,5,247,693.1025991487649
4,IDONTWANT,5,93,693.1025991487649
4,IDONTWANT,5,565,693.1025991487649
4,IDONTWANT,47,368,693.4683000965392
4,IDONTWANT,47,700,693.4683000965392
4,IDONTWANT,47,906,693.4683000965392
4,IDONTWANT,47,390,693.4683000965392
4,IDONTWANT,199,471,693.5568835896984
4,IDONTWANT,199,189,693.5568835896984
4,IDONTWANT,199,161,693.5568835896984
4,IDONTWANT,199,276,693.5568835896984
4,IDONTWANT,786,762,693.6882026515468
4,IDONTWANT,786,191,693.6882026515468
4,IDONTWANT,786,945,693.6882026515468
4,IDONTWANT,786,51,693.6882026515468
4,IDONTWANT,79,268,693.816310502036
4,IDONTWANT,79,531,693.816310502036
4,IDONTWANT,79,376,693.816310502036
4,IDONTWANT,79,931,693.816310502036
4,IDONTWANT,502,652,695.297952594574
4,IDONTWANT,502,959,695.297952594574
4,IDONTWANT,502,284,695.297952594574
4,IDONTWANT,502,696,695.297952594574
4,IDONTWANT,544,204,695.553099836614
4,IDONTWANT,544,530,695.553099836614
4,IDONTWANT,544,623,695.553099836614
4,IDONTWANT,544,659,695.553099836614
4,IDONTWANT,587,34,695.5982976344267
4,IDONTWANT,587,35,695.5982976344267
4,IDONTWANT,587,973,695.5982976344267
4,IDONTWANT,587,869,695.5982976344267
4,IDONTWANT,253,276,695.6980347558857
4,IDONTWANT,253,397,695.6980347558857
4,IDONTWANT,253,214,695.6980347558857
4,IDONTWANT,253,939,695.6980347558857
4,IDONTWANT,384,239,696.2791636512494
4,IDONTWANT,384,109,696.2791636512494
4,IDONTWANT,384,487,696.2791636512494
4,IDONTWANT,384,733,696.2791636512494
4,IDONTWANT,35,719,696.7829028411197
4,IDONTWANT,35,318,696.7829028411197
4,IDONTWANT,35,663,696.7829028411197
4,IDONTWANT,35,592,696.7829028411197
4,IDONTWANT,414,104,697.2162464600485
4,IDONTWANT,414,4,697.2162464600485
4,IDONTWANT,414,487,697.2162464600485
4,IDONTWANT,414,905,697.2162464600485
4,IDONTWANT,452,175,697.6687178244381
4,IDONTWANT,452,948,697.6687178244381
4,IDONTWANT,452,68,697.6687178244381
4,IDONTWANT,452,111,697.6687178244381
4,IDONTWANT,603,848,698.1233869773847
4,IDONTWANT,603,93,698.1233869773847
4,IDONTWANT,603,588,698.1233869773847
4,IDONTWANT,603,840,698.1233869773847
4,IDONTWANT,65,972,698.2020399088755
4,IDONTWANT,65,373,698.2020399088755
4,IDONTWANT,65,629,698.2020399088755
4,IDONTWANT,65,26,698.2020399088755
4,IDONTWANT,812,252,698.5777912893229
4,IDONTWANT,812,385,698.5777912893229
4,IDONTWANT,812,396,698.5777912893229
4,IDONTWANT,812,701,698.5777912893229
4,IDONTWANT,725,928,698.6746897765372
4,IDONTWANT,725,147,698.6746897765372
4,IDONTWANT,725,717,698.6746897765372
4,IDONTWANT,725,503,698.6746897765372
4,IDONTWANT,459,730,699.7213096411666
4,IDONTWANT,459,636,699.7213096411666
4,IDONTWANT,459,705,699.7213096411666
4,IDONTWANT,459,845,699.7213096411666
4,IDONTWANT,446,792,700.0560672872307
4,IDONTWANT,446,166,700.0560672872307
4,IDONTWANT,446,133,700.0560672872307
4,IDONTWANT,446,15,700.0560672872307
4,IDONTWANT,636,253,701.762426169844
4,IDONTWANT,636,741,701.762426169844
4,IDONTWANT,636,334,701.762426169844
4,IDONTWANT,636,617,701.762426169844
4,IDONTWANT,823,355,701.7762834785074
4,IDONTWANT,823,547,701.7762834785074
4,IDONTWANT,823,87,701.7762834785074
4,IDONTWANT,823,552,701.7762834785074
4,IDONTWANT,494,854,701.8403172593795
4,IDONTWANT,494,359,701.8403172593795
4,IDONTWANT,494,626,701.8403172593795
4,IDONTWANT,494,775,701.8403172593795
4,IDONTWANT,100,183,702.2573557527943
4,IDONTWANT,100,445,702.2573557527943
4,IDONTWANT,100,809,702.2573557527943
4,IDONTWANT,100,652,702.2573557527943
4,IDONTWANT,840,252,702.4899862079261
4,IDONTWANT,840,45,702.4899862079261
4,IDONTWANT,840,945,702.4899862079261
4,IDONTWANT,840,505,702.4899862079261
4,IDONTWANT,518,320,702.8290741047942
4,IDONTWANT,518,751,702.8290741047942
4,IDONTWANT,518,1,702.8290741047942
4,IDONTWANT,518,766,702.8290741047942
4,IDONTWANT,709,11,703.6367947648498
4,IDONTWANT,709,214,703.6367947648498
4,IDONTWANT,709,975,703.6367947648498
4,IDONTWANT,655,899,704.4360789269721
4,IDONTWANT,655,793,704.4360789269721
4,IDONTWANT,655,658,704.4360789269721
4,IDONTWANT,655,717,704.4360789269721
4,IDONTWANT,373,786,704.449419019466
4,IDONTWANT,373,415,704.449419019466
4,IDONTWANT,373,41,704.449419019466
4,IDONTWANT,373,385,704.449419019466
4,IDONTWANT,570,715,704.5600977237411
4,IDONTWANT,570,6,704.5600977237411
4,IDONTWANT,570,879,704.5600977237411
4,IDONTWANT,570,27,704.5600977237411
4,IDONTWANT,765,937,704.6961368360464
4,IDONTWANT,765,953,704.6961368360464
4,IDONTWANT,765,671,704.6961368360464
4,IDONTWANT,765,13,704.6961368360464
4,IDONTWANT,785,582,705.038963891697
4,IDONTWANT,785,248,705.038963891697
4,IDONTWANT,785,461,705.038963891697
4,IDONTWANT,785,751,705.038963891697
4,IDONTWANT,945,18,705.3682756746383
4,IDONTWANT,945,857,705.3682756746383
4,IDONTWANT,945,613,705.3682756746383
4,IDONTWANT,945,652,705.3682756746383
4,IDONTWANT,542,12,705.5064876413427
4,IDONTWANT,542,628,705.5064876413427
4,IDONTWANT,542,565,705.5064876413427
4,IDONTWANT,542,673,705.5064876413427
4,IDONTWANT,675,351,705.8102100786869
4,IDONTWANT,675,420,705.8102100786869
4,IDONTWANT,675,760,705.8102100786869
4,IDONTWANT,675,971,705.8102100786869
4,IDONTWANT,211,86,706.1960474987847
4,IDONTWANT,211,600,706.1960474987847
4,IDONTWANT,211,981,706.1960474987847
4,IDONTWANT,211,542,706.1960474987847
4,IDONTWANT,778,422,706.423791571183
4,IDONTWANT,778,561,706.423791571183
4,IDONTWANT,778,104,706.423791571183
4,IDONTWANT,778,84,706.423791571183
4,IDONTWANT,439,365,706.4561194586845
4,IDONTWANT,439,424,706.4561194586845
4,IDONTWANT,439,426,706.4561194586845
4,IDONTWANT,439,18,706.4561194586845
4,IDONTWANT,741,538,707.4794227205435
4,IDONTWANT,741,567,707.4794227205435
4,IDONTWANT,741,790,707.4794227205435
4,IDONTWANT,741,935,707.4794227205435
4,IDONTWANT,574,79,708.5181419919013
4,IDONTWANT,574,579,708.5181419919013
4,IDONTWANT,574,933,708.5181419919013
4,IDONTWANT,574,175,708.5181419919013
4,IDONTWANT,511,271,708.581667644225
4,IDONTWANT,511,384,708.581667644225
4,IDONTWANT,511,377,708.581667644225
4,IDONTWANT,511,592,708.581667644225
4,IDONTWANT,927,254,708.9246310236693
4,IDONTWANT,927,190,708.9246310236693
4,IDONTWANT,927,576,708.9246310236693
4,IDONTWANT,927,851,708.9246310236693
4,IDONTWANT,879,199,709.9713197748766
4,IDONTWANT,879,818,709.9713197748766
4,IDONTWANT,879,36,709.9713197748766
4,IDONTWANT,879,160,709.9713197748766
4,IDONTWANT,928,375,710.6121433141352
4,IDONTWANT,928,37,710.6121433141352
4,IDONTWANT,928,167,710.6121433141352
4,IDONTWANT,928,719,710.6121433141352
4,IDONTWANT,355,403,711.0878678367443
4,IDONTWANT,355,461,711.0878678367443
4,IDONTWANT,355,920,711.0878678367443
4,IDONTWANT,355,730,711.0878678367443
4,IDONTWANT,293,510,711.9176275883433
4,IDONTWANT,293,564,711.9176275883433
4,IDONTWANT,293,225,711.9176275883433
4,IDONTWANT,293,464,711.9176275883433
4,IDONTWANT,460,913,711.9272961126889
4,IDONTWANT,460,164,711.9272961126889
4,IDONTWANT,460,656,711.9272961126889
4,IDONTWANT,460,805,711.9272961126889
4,IDONTWANT,867,942,712.013375027365
4,IDONTWANT,867,48,712.013375027365
4,IDONTWANT,867,264,712.013375027365
4,IDONTWANT,867,805,712.013375027365
4,IDONTWANT,125,177,712.2482045044187
4,IDONTWANT,125,145,712.2482045044187
4,IDONTWANT,125,485,712.2482045044187
4,IDONTWANT,125,634,712.2482045044187
4,IDONTWANT,620,380,712.2715479877055
4,IDONTWANT,620,211,712.2715479877055
4,IDONTWANT,620,310,712.2715479877055
4,IDONTWANT,620,269,712.2715479877055
4,IDONTWANT,916,779,712.2755810151485
4,IDONTWANT,916,280,712.2755810151485
4,IDONTWANT,916,179,712.2755810151485
4,IDONTWANT,916,210,712.2755810151485
4,IDONTWANT,156,721,712.4165482179831
4,IDONTWANT,156,18,712.4165482179831
4,IDONTWANT,156,394,712.4165482179831
4,IDONTWANT,156,340,712.4165482179831
4,IDONTWANT,146,963,712.6886353196866
4,IDONTWANT,146,734,712.6886353196866
4,IDONTWANT,146,659,712.6886353196866
4,IDONTWANT,146,677,712.6886353196866
4,IDONTWANT,947,719,714.391110035169
4,IDONTWANT,947,454,714.391110035169
4,IDONTWANT,947,105,714.391110035169
4,IDONTWANT,947,359,714.391110035169
4,IDONTWANT,236,747,714.5962450038816
4,IDONTWANT,236,775,714.5962450038816
4,IDONTWANT,236,210,714.5962450038816
4,IDONTWANT,236,237,714.5962450038816
4,IDONTWANT,937,977,714.7281443692148
4,IDONTWANT,937,748,714.7281443692148
4,IDONTWANT,937,506,714.7281443692148
4,IDONTWANT,937,457,714.7281443692148
4,IDONTWANT,311,436,715.0523648149663
4,IDONTWANT,311,727,715.0523648149663
4,IDONTWANT,311,783,715.0523648149663
4,IDONTWANT,311,918,715.0523648149663
4,IDONTWANT,81,546,715.2243925495352
4,IDONTWANT,81,555,715.2243925495352
4,IDONTWANT,81,798,715.2243925495352
4,IDONTWANT,81,515,715.2243925495352
4,IDONTWANT,512,149,716.7704714097981
4,IDONTWANT,512,368,716.7704714097981
4,IDONTWANT,512,338,716.7704714097981
4,IDONTWANT,512,783,716.7704714097981
4,IDONTWANT,649,22,717.0690762138912
4,IDONTWANT,649,145,717.0690762138912
4,IDONTWANT,649,263,717.0690762138912
4,IDONTWANT,649,618,717.0690762138912
4,IDONTWANT,633,196,717.2962725358087
4,IDONTWANT,633,273,717.2962725358087
4,IDONTWANT,633,308,717.2962725358087
4,IDONTWANT,633,773,717.2962725358087
4,IDONTWANT,713,354,717.3182274047201
4,IDONTWANT,713,804,717.3182274047201
4,IDONTWANT,713,156,717.3182274047201
4,IDONTWANT,713,213,717.3182274047201
4,IDONTWANT,163,433,717.5933918120475
4,IDONTWANT,163,870,717.5933918120475
4,IDONTWANT,163,934,717.5933918120475
4,IDONTWANT,163,693,717.5933918120475
4,IDONTWANT,986,906,717.6294656563255
4,IDONTWANT,986,300,717.6294656563255
4,IDONTWANT,986,937,717.6294656563255
4,IDONTWANT,986,416,717.6294656563255
4,IDONTWANT,147,375,717.8798977410327
4,IDONTWANT,147,146,717.8798977410327
4,IDONTWANT,147,260,717.8798977410327
4,IDONTWANT,147,905,717.8798977410327
4,IDONTWANT,534,11,718.241109595653
4,IDONTWANT,534,57,718.241109595653
4,IDONTWANT,534,661,718.241109595653
4,IDONTWANT,534,841,718.241109595653
4,IDONTWANT,523,669,718.2637083571155
4,IDONTWANT,523,46,718.2637083571155
4,IDONTWANT,523,22,718.2637083571155
4,IDONTWANT,523,55,718.2637083571155
4,IDONTWANT,834,854,718.3955339542968
4,IDONTWANT,834,534,718.3955339542968
4,IDONTWANT,834,328,718.3955339542968
4,IDONTWANT,834,488,718.3955339542968
4,IDONTWANT,484,945,718.842160640711
4,IDONTWANT,484,752,718.842160640711
4,IDONTWANT,484,321,718.842160640711
4,IDONTWANT,484,797,718.842160640711
4,IDONTWANT,365,988,718.9245899886122
4,IDONTWANT,365,778,718.9245899886122
4,IDONTWANT,365,212,718.9245899886122
4,IDONTWANT,365,390,718.9245899886122
4,IDONTWANT,469,689,719.2128441688706
4,IDONTWANT,469,39,719.2128441688706
4,IDONTWANT,469,684,719.2128441688706
4,IDONTWANT,469,859,719.2128441688706
4,IDONTWANT,528,639,719.7640088374491
4,IDONTWANT,528,849,719.7640088374491
4,IDONTWANT,528,486,719.7640088374491
4,IDONTWANT,528,162,719.7640088374491
4,IDONTWANT,549,489,719.8622253262406
4,IDONTWANT,549,733,719.8622253262406
4,IDONTWANT,549,552,719.8622253262406
4,IDONTWANT,549,6,719.8622253262406
4,IDONTWANT,907,523,719.9512494713626
4,IDONTWANT,907,143,719.9512494713626
4,IDONTWANT,907,453,719.9512494713626
4,IDONTWANT,907,1,719.9512494713626
4,IDONTWANT,423,108,720.1918314751018
4,IDONTWANT,423,653,720.1918314751018
4,IDONTWANT,423,611,720.1918314751018
4,IDONTWANT,423,727,720.1918314751018
4,IDONTWANT,535,576,721.2750336316587
4,IDONTWANT,535,915,721.2750336316587
4,IDONTWANT,535,358,721.2750336316587
4,IDONTWANT,535,609,721.2750336316587
4,IDONTWANT,374,35,721.7076046350917
4,IDONTWANT,374,476,721.7076046350917
4,IDONTWANT,374,64,721.7076046350917
4,IDONTWANT,374,823,721.7076046350917
4,IDONTWANT,629,173,721.8061556815205
4,IDONTWANT,629,474,721.8061556815205
4,IDONTWANT,629,449,721.8061556815205
4,IDONTWANT,629,706,721.8061556815205
4,IDONTWANT,665,894,722.701702890931
4,IDONTWANT,665,187,722.701702890931
4,IDONTWANT,665,916,722.701702890931
4,IDONTWANT,665,671,722.701702890931
4,IDONTWANT,405,799,722.7775651223272
4,IDONTWANT,405,862,722.7775651223272
4,IDONTWANT,405,300,722.7775651223272
4,IDONTWANT,405,286,722.7775651223272
4,IDONTWANT,324,733,723.5961063934141
4,IDONTWANT,324,311,723.5961063934141
4,IDONTWANT,324,986,723.5961063934141
4,IDONTWANT,324,131,723.5961063934141
4,IDONTWANT,249,121,724.1238989045006
4,IDONTWANT,249,916,724.1238989045006
4,IDONTWANT,249,563,724.1238989045006
4,IDONTWANT,249,204,724.1238989045006
4,IDONTWANT,457,322,724.3990146772825
4,IDONTWANT,457,54,724.3990146772825
4,IDONTWANT,457,623,724.3990146772825
4,IDONTWANT,457,949,724.3990146772825
4,IDONTWANT,347,779,724.6370489497826
4,IDONTWANT,347,911,724.6370489497826
4,IDONTWANT,347,302,724.6370489497826
4,IDONTWANT,347,111,724.6370489497826
4,IDONTWANT,206,672,724.722774145414
4,IDONTWANT,206,205,724.722774145414
4,IDONTWANT,206,255,724.722774145414
4,IDONTWANT,206,517,724.722774145414
4,IDONTWANT,558,446,724.7288601073187
4,IDONTWANT,558,703,724.7288601073187
4,IDONTWANT,558,808,724.7288601073187
4,IDONTWANT,558,940,724.7288601073187
4,IDONTWANT,700,287,725.304156334287
4,IDONTWANT,700,366,725.304156334287
4,IDONTWANT,700,250,725.304156334287
4,IDONTWANT,700,670,725.304156334287
4,IDONTWANT,609,506,725.4551004981797
4,IDONTWANT,609,606,725.4551004981797
4,IDONTWANT,609,355,725.4551004981797
4,IDONTWANT,609,981,725.4551004981797
4,IDONTWANT,183,15,725.9063540600132
4,IDONTWANT,183,18,725.9063540600132
4,IDONTWANT,183,751,725.9063540600132
4,IDONTWANT,183,518,725.9063540600132
4,IDONTWANT,604,294,726.1347888467127
4,IDONTWANT,604,174,726.1347888467127
4,IDONTWANT,604,446,726.1347888467127
4,IDONTWANT,604,1,726.1347888467127
4,IDONTWANT,300,892,726.2088342141003
4,IDONTWANT,300,423,726.2088342141003
4,IDONTWANT,300,393,726.2088342141003
4,IDONTWANT,300,424,726.2088342141003
4,IDONTWANT,94,495,726.4526013469733
4,IDONTWANT,94,640,726.4526013469733
4,IDONTWANT,94,922,726.4526013469733
4,IDONTWANT,94,625,726.4526013469733
4,IDONTWANT,189,316,726.8398990024236
4,IDONTWANT,189,705,726.8398990024236
4,IDONTWANT,189,221,726.8398990024236
4,IDONTWANT,189,236,726.8398990024236
4,IDONTWANT,706,928,727.3192335456575
4,IDONTWANT,706,332,727.3192335456575
4,IDONTWANT,706,803,727.3192335456575
4,IDONTWANT,706,966,727.3192335456575
4,IDONTWANT,835,518,727.7752435444494
4,IDONTWANT,835,603,727.7752435444494
4,IDONTWANT,835,206,727.7752435444494
4,IDONTWANT,835,193,727.7752435444494
4,IDONTWANT,795,633,727.9508686593299
4,IDONTWANT,795,81,727.9508686593299
4,IDONTWANT,795,398,727.9508686593299
4,IDONTWANT,795,318,727.9508686593299
4,IDONTWANT,576,109,728.0674896374431
4,IDONTWANT,576,637,728.0674896374431
4,IDONTWANT,576,952,728.0674896374431
4,IDONTWANT,576,165,728.0674896374431
4,IDONTWANT,896,925,728.6773970010378
4,IDONTWANT,896,494,728.6773970010378
4,IDONTWANT,896,116,728.6773970010378
4,IDONTWANT,896,157,728.6773970010378
4,IDONTWANT,263,310,729.0222749061381
4,IDONTWANT,263,745,729.0222749061381
4,IDONTWANT,263,144,729.0222749061381
4,IDONTWANT,263,427,729.0222749061381
4,IDONTWANT,399,86,729.0325504760509
4,IDONTWANT,399,213,729.0325504760509
4,IDONTWANT,399,98,729.0325504760509
4,IDONTWANT,399,432,729.0325504760509
4,IDONTWANT,628,678,729.1698902033467
4,IDONTWANT,628,567,729.1698902033467
4,IDONTWANT,628,760,729.1698902033467
4,IDONTWANT,628,331,729.1698902033467
4,IDONTWANT,687,217,729.3559026597937
4,IDONTWANT,687,168,729.3559026597937
4,IDONTWANT,687,132,729.3559026597937
4,IDONTWANT,687,952,729.3559026597937
4,IDONTWANT,733,651,729.7189545936935
4,IDONTWANT,733,662,729.7189545936935
4,IDONTWANT,733,29,729.7189545936935
4,IDONTWANT,733,21,729.7189545936935
4,IDONTWANT,974,886,729.8528322739018
4,IDONTWANT,974,656,729.8528322739018
4,IDONTWANT,974,635,729.8528322739018
4,IDONTWANT,974,272,729.8528322739018
4,IDONTWANT,240,47,730.4358262458501
4,IDONTWANT,240,632,730.4358262458501
4,IDONTWANT,240,648,730.4358262458501
4,IDONTWANT,240,659,730.4358262458501
4,IDONTWANT,939,550,730.43825955345
4,IDONTWANT,939,137,730.43825955345
4,IDONTWANT,939,21,730.43825955345
4,IDONTWANT,939,249,730.43825955345
4,IDONTWANT,175,637,730.6460915897411
4,IDONTWANT,175,132,730.6460915897411
4,IDONTWANT,175,44,730.6460915897411
4,IDONTWANT,175,540,730.6460915897411
4,IDONTWANT,32,468,731.1629035827402
4,IDONTWANT,32,71,731.1629035827402
4,IDONTWANT,32,861,731.1629035827402
4,IDONTWANT,32,96,731.1629035827402
4,IDONTWANT,213,915,731.6847898948398
4,IDONTWANT,213,734,731.6847898948398
4,IDONTWANT,213,803,731.6847898948398
4,IDONTWANT,213,901,731.6847898948398
4,IDONTWANT,254,969,732.0161406421199
4,IDONTWANT,254,953,732.0161406421199
4,IDONTWANT,254,215,732.0161406421199
4,IDONTWANT,254,76,732.0161406421199
4,IDONTWANT,272,774,732.3364505582906
4,IDONTWANT,272,282,732.3364505582906
4,IDONTWANT,272,875,732.3364505582906
4,IDONTWANT,272,49,732.3364505582906
4,IDONTWANT,485,738,733.7681167727781
4,IDONTWANT,485,524,733.7681167727781
4,IDONTWANT,485,81,733.7681167727781
4,IDONTWANT,485,55,733.7681167727781
4,IDONTWANT,173,465,733.7838855447171
4,IDONTWANT,173,11,733.7838855447171
4,IDONTWANT,173,348,733.7838855447171
4,IDONTWANT,173,567,733.7838855447171
4,IDONTWANT,96,669,734.6983049835683
4,IDONTWANT,96,353,734.6983049835683
4,IDONTWANT,96,819,734.6983049835683
4,IDONTWANT,96,659,734.6983049835683
4,IDONTWANT,983,923,735.7238179470573
4,IDONTWANT,983,274,735.7238179470573
4,IDONTWANT,983,86,735.7238179470573
4,IDONTWANT,983,477,735.7238179470573
4,IDONTWANT,990,711,735.9241638186028
4,IDONTWANT,990,583,735.9241638186028
4,IDONTWANT,990,226,735.9241638186028
4,IDONTWANT,990,665,735.9241638186028
4,IDONTWANT,663,20,737.3217855868606
4,IDONTWANT,663,636,737.3217855868606
4,IDONTWANT,663,880,737.3217855868606
4,IDONTWANT,663,419,737.3217855868606
4,IDONTWANT,208,837,737.6991696313817
4,IDONTWANT,208,91,737.6991696313817
4,IDONTWANT,208,147,737.6991696313817
4,IDONTWANT,208,410,737.6991696313817
4,IDONTWANT,504,812,737.9951167673767
4,IDONTWANT,504,804,737.9951167673767
4,IDONTWANT,504,270,737.9951167673767
4,IDONTWANT,504,117,737.9951167673767
4,IDONTWANT,593,344,738.342348652723
4,IDONTWANT,593,433,738.342348652723
4,IDONTWANT,593,267,738.342348652723
4,IDONTWANT,593,21,738.342348652723
4,IDONTWANT,592,662,738.6923791541878
4,IDONTWANT,592,209,738.6923791541878
4,IDONTWANT,592,301,738.6923791541878
4,IDONTWANT,592,326,738.6923791541878
4,IDONTWANT,194,759,738.8093345231559
4,IDONTWANT,194,901,738.8093345231559
4,IDONTWANT,194,262,738.8093345231559
4,IDONTWANT,194,442,738.8093345231559
4,IDONTWANT,657,185,738.9738504993295
4,IDONTWANT,657,656,738.9738504993295
4,IDONTWANT,657,127,738.9738504993295
4,IDONTWANT,657,464,738.9738504993295
4,IDONTWANT,433,815,738.9824402581269
4,IDONTWANT,433,404,738.9824402581269
4,IDONTWANT,433,680,738.9824402581269
4,IDONTWANT,433,564,738.9824402581269
4,IDONTWANT,973,905,739.2413227929753
4,IDONTWANT,973,997,739.2413227929753
4,IDONTWANT,973,41,739.2413227929753
4,IDONTWANT,973,35,739.2413227929753
4,IDONTWANT,304,369,739.4873333720064
4,IDONTWANT,304,128,739.4873333720064
4,IDONTWANT,304,704,739.4873333720064
4,IDONTWANT,304,516,739.4873333720064
4,IDONTWANT,266,769,739.8512969954204
4,IDONTWANT,266,347,739.8512969954204
4,IDONTWANT,266,860,739.8512969954204
4,IDONTWANT,266,408,739.8512969954204
4,IDONTWANT,310,992,740.1439926786652
4,IDONTWANT,310,22,740.1439926786652
4,IDONTWANT,310,130,740.1439926786652
4,IDONTWANT,310,33,740.1439926786652
4,IDONTWANT,766,377,740.1860117116441
4,IDONTWANT,766,893,740.1860117116441
4,IDONTWANT,766,843,740.1860117116441
4,IDONTWANT,766,142,740.1860117116441
4,IDONTWANT,87,749,740.5039975084961
4,IDONTWANT,87,29,740.5039975084961
4,IDONTWANT,87,28,740.5039975084961
4,IDONTWANT,87,810,740.5039975084961
4,IDONTWANT,334,252,741.8252388453307
4,IDONTWANT,334,29,741.8252388453307
4,IDONTWANT,334,984,741.8252388453307
4,IDONTWANT,334,422,741.8252388453307
4,IDONTWANT,884,952,742.0859243570518
4,IDONTWANT,884,394,742.0859243570518
4,IDONTWANT,884,862,742.0859243570518
4,IDONTWANT,884,22,742.0859243570518
4,IDONTWANT,719,506,742.5060788227212
4,IDONTWANT,719,709,742.5060788227212
4,IDONTWANT,719,218,742.5060788227212
4,IDONTWANT,719,543,742.5060788227212
4,IDONTWANT,395,253,742.6369333248598
4,IDONTWANT,395,418,742.6369333248598
4,IDONTWANT,395,66,742.6369333248598
4,IDONTWANT,395,666,742.6369333248598
4,IDONTWANT,88,287,742.6891957277562
4,IDONTWANT,88,484,742.6891957277562
4,IDONTWANT,88,266,742.6891957277562
4,IDONTWANT,88,199,742.6891957277562
4,IDONTWANT,538,254,743.5502347398519
4,IDONTWANT,538,169,743.5502347398519
4,IDONTWANT,538,926,743.5502347398519
4,IDONTWANT,538,0,743.5502347398519
4,IDONTWANT,653,663,744.152317049137
4,IDONTWANT,653,431,744.152317049137
4,IDONTWANT,653,867,744.152317049137
4,IDONTWANT,653,234,744.152317049137
4,IDONTWANT,375,943,744.4859610625325
4,IDONTWANT,375,63,744.4859610625325
4,IDONTWANT,375,263,744.4859610625325
4,IDONTWANT,375,199,744.4859610625325
4,IDONTWANT,122,537,745.2897240689374
4,IDONTWANT,122,523,745.2897240689374
4,IDONTWANT,122,19,745.2897240689374
4,IDONTWANT,122,894,745.2897240689374
4,IDONTWANT,519,34,745.5718109309131
4,IDONTWANT,519,226,745.5718109309131
4,IDONTWANT,519,152,745.5718109309131
4,IDONTWANT,519,297,745.5718109309131
4,IDONTWANT,142,402,745.6150973806888
4,IDONTWANT,142,453,745.6150973806888
4,IDONTWANT,142,324,745.6150973806888
4,IDONTWANT,142,74,745.6150973806888
4,IDONTWANT,53,379,745.7012444753892
4,IDONTWANT,53,625,745.7012444753892
4,IDONTWANT,53,580,745.7012444753892
4,IDONTWANT,53,327,745.7012444753892
4,IDONTWANT,479,183,746.1941751110646
4,IDONTWANT,479,830,746.1941751110646
4,IDONTWANT,479,485,746.1941751110646
4,IDONTWANT,479,409,746.1941751110646
4,IDONTWANT,466,153,746.2648410516234
4,IDONTWANT,466,252,746.2648410516234
4,IDONTWANT,466,994,746.2648410516234
4,IDONTWANT,466,743,746.2648410516234
4,IDONTWANT,0,332,746.5055875548268
4,IDONTWANT,0,971,746.5055875548268
4,IDONTWANT,0,155,746.5055875548268
4,IDONTWANT,0,405,746.5055875548268
4,IDONTWANT,740,374,746.8116464792085
4,IDONTWANT,740,349,746.8116464792085
4,IDONTWANT,740,485,746.8116464792085
4,IDONTWANT,740,798,746.8116464792085
4,IDONTWANT,287,289,746.9573249337193
4,IDONTWANT,287,305,746.9573249337193
4,IDONTWANT,287,261,746.9573249337193
4,IDONTWANT,287,757,746.9573249337193
4,IDONTWANT,760,610,747.6910709497013
4,IDONTWANT,760,898,747.6910709497013
4,IDONTWANT,760,697,747.6910709497013
4,IDONTWANT,760,84,747.6910709497013
4,IDONTWANT,490,198,748.4049392186047
4,IDONTWANT,490,134,748.4049392186047
4,IDONTWANT,490,907,748.4049392186047
4,IDONTWANT,490,504,748.4049392186047
4,IDONTWANT,810,852,748.562186919048
4,IDONTWANT,810,154,748.562186919048
4,IDONTWANT,810,615,748.562186919048
4,IDONTWANT,810,853,748.562186919048
4,IDONTWANT,297,570,749.0976603132701
4,IDONTWANT,297,93,749.0976603132701
4,IDONTWANT,297,327,749.0976603132701
4,IDONTWANT,297,244,749.0976603132701
4,IDONTWANT,226,136,749.3966078491387
4,IDONTWANT,226,653,749.3966078491387
4,IDONTWANT,226,370,749.3966078491387
4,IDONTWANT,226,983,749.3966078491387
4,IDONTWANT,421,460,749.6561952000275
4,IDONTWANT,421,618,749.6561952000275
4,IDONTWANT,421,266,749.6561952000275
4,IDONTWANT,421,794,749.6561952000275
4,IDONTWANT,926,136,749.8478974259664
4,IDONTWANT,926,892,749.8478974259664
4,IDONTWANT,926,681,749.8478974259664
4,IDONTWANT,926,272,749.8478974259664
4,IDONTWANT,63,616,750.1752909987524
4,IDONTWANT,63,53,750.1752909987524
4,IDONTWANT,63,105,750.1752909987524
4,IDONTWANT,63,0,750.1752909987524
4,IDONTWANT,517,600,750.1772445056275
4,IDONTWANT,517,951,750.1772445056275
4,IDONTWANT,517,680,750.1772445056275
4,IDONTWANT,517,918,750.1772445056275
4,IDONTWANT,376,766,750.3844890560903
4,IDONTWANT,376,64,750.3844890560903
4,IDONTWANT,376,921,750.3844890560903
4,IDONTWANT,376,621,750.3844890560903
4,IDONTWANT,929,380,750.6844549220939
4,IDONTWANT,929,588,750.6844549220939
4,IDONTWANT,929,609,750.6844549220939
4,IDONTWANT,929,878,750.6844549220939
4,IDONTWANT,235,76,750.92772680661
4,IDONTWANT,235,867,750.92772680661
4,IDONTWANT,235,272,750.92772680661
4,IDONTWANT,235,241,750.92772680661
4,IDONTWANT,610,852,751.353739230252
4,IDONTWANT,610,527,751.353739230252
4,IDONTWANT,610,266,751.353739230252
4,IDONTWANT,610,591,751.353739230252
4,IDONTWANT,773,121,751.4776858295644
4,IDONTWANT,773,793,751.4776858295644
4,IDONTWANT,773,830,751.4776858295644
4,IDONTWANT,773,431,751.4776858295644
4,IDONTWANT,615,807,751.4932359148094
4,IDONTWANT,615,714,751.4932359148094
4,IDONTWANT,615,574,751.4932359148094
4,IDONTWANT,615,806,751.4932359148094
4,IDONTWANT,174,428,751.6899530061426
4,IDONTWANT,174,949,751.6899530061426
4,IDONTWANT,174,938,751.6899530061426
4,IDONTWANT,174,275,751.6899530061426
4,IDONTWANT,886,347,752.3378628496978
4,IDONTWANT,886,330,752.3378628496978
4,IDONTWANT,886,842,752.3378628496978
4,IDONTWANT,886,239,752.3378628496978
4,IDONTWANT,86,205,752.9198635613676
4,IDONTWANT,86,531,752.9198635613676
4,IDONTWANT,86,505,752.9198635613676
4,IDONTWANT,86,365,752.9198635613676
4,IDONTWANT,714,926,753.6457188973994
4,IDONTWANT,714,412,753.6457188973994
4,IDONTWANT,714,811,753.6457188973994
4,IDONTWANT,714,547,753.6457188973994
4,IDONTWANT,377,347,754.4634071374554
4,IDONTWANT,377,371,754.4634071374554
4,IDONTWANT,377,278,754.4634071374554
4,IDONTWANT,377,343,754.4634071374554
4,IDONTWANT,769,431,754.7143515445661
4,IDONTWANT,769,35,754.7143515445661
4,IDONTWANT,769,326,754.7143515445661
4,IDONTWANT,769,20,754.7143515445661
4,IDONTWANT,363,286,755.116455083025
4,IDONTWANT,363,82,755.116455083025
4,IDONTWANT,363,359,755.116455083025
4,IDONTWANT,363,431,755.116455083025
4,IDONTWANT,783,223,755.2162941607988
4,IDONTWANT,783,891,755.2162941607988
4,IDONTWANT,783,124,755.2162941607988
4,IDONTWANT,783,132,755.2162941607988
4,IDONTWANT,464,42,755.3412774213176
4,IDONTWANT,464,409,755.3412774213176
4,IDONTWANT,464,962,755.3412774213176
4,IDONTWANT,464,531,755.3412774213176
4,IDONTWANT,477,240,755.3449452471234
4,IDONTWANT,477,457,755.3449452471234
4,IDONTWANT,477,782,755.3449452471234
4,IDONTWANT,477,634,755.3449452471234
4,IDONTWANT,200,457,755.6184072426142
4,IDONTWANT,200,3,755.6184072426142
4,IDONTWANT,200,270,755.6184072426142
4,IDONTWANT,200,373,755.6184072426142
4,IDONTWANT,470,331,755.9304706971185
4,IDONTWANT,470,120,755.9304706971185
4,IDONTWANT,470,399,755.9304706971185
4,IDONTWANT,470,614,755.9304706971185
4,IDONTWANT,804,796,756.2747665978952
4,IDONTWANT,804,806,756.2747665978952
4,IDONTWANT,804,463,756.2747665978952
4,IDONTWANT,804,968,756.2747665978952
4,IDONTWANT,378,981,756.918264325644
4,IDONTWANT,378,977,756.918264325644
4,IDONTWANT,378,632,756.918264325644
4,IDONTWANT,378,44,756.918264325644
4,IDONTWANT,632,907,756.9915046636958
4,IDONTWANT,632,714,756.9915046636958
4,IDONTWANT,632,243,756.9915046636958
4,IDONTWANT,632,519,756.9915046636958
4,IDONTWANT,442,414,757.2959347220662
4,IDONTWANT,442,208,757.2959347220662
4,IDONTWANT,442,965,757.2959347220662
4,IDONTWANT,442,6,757.2959347220662
4,IDONTWANT,126,743,757.6012276293079
4,IDONTWANT,126,123,757.6012276293079
4,IDONTWANT,126,570,757.6012276293079
4,IDONTWANT,126,63,757.6012276293079
4,IDONTWANT,662,870,758.1823894226467
4,IDONTWANT,662,433,758.1823894226467
4,IDONTWANT,662,494,758.1823894226467
4,IDONTWANT,662,466,758.1823894226467
4,IDONTWANT,969,443,759.2304420234325
4,IDONTWANT,969,205,759.2304420234325
4,IDONTWANT,969,516,759.2304420234325
4,IDONTWANT,969,685,759.2304420234325
4,IDONTWANT,870,148,759.4244721338212
4,IDONTWANT,870,325,759.4244721338212
4,IDONTWANT,870,773,759.4244721338212
4,IDONTWANT,870,5,759.4244721338212
4,IDONTWANT,624,544,759.8221972959591
4,IDONTWANT,624,608,759.8221972959591
4,IDONTWANT,624,773,759.8221972959591
4,IDONTWANT,624,706,759.8221972959591
4,IDONTWANT,774,589,760.0430144746268
4,IDONTWANT,774,712,760.0430144746268
4,IDONTWANT,774,941,760.0430144746268
4,IDONTWANT,774,414,760.0430144746268
4,IDONTWANT,320,867,760.114617911683
4,IDONTWANT,320,784,760.114617911683
4,IDONTWANT,320,917,760.114617911683
4,IDONTWANT,320,469,760.114617911683
4,IDONTWANT,44,412,760.3254348355886
4,IDONTWANT,44,563,760.3254348355886
4,IDONTWANT,44,285,760.3254348355886
4,IDONTWANT,44,905,760.3254348355886
4,IDONTWANT,819,144,760.5449421893285
4,IDONTWANT,819,832,760.5449421893285
4,IDONTWANT,819,912,760.5449421893285
4,IDONTWANT,819,889,760.5449421893285
4,IDONTWANT,328,967,760.8771667615662
4,IDONTWANT,328,597,760.8771667615662
4,IDONTWANT,328,196,760.8771667615662
4,IDONTWANT,328,398,760.8771667615662
4,IDONTWANT,109,562,761.6828866538384
4,IDONTWANT,109,135,761.6828866538384
4,IDONTWANT,109,21,761.6828866538384
4,IDONTWANT,109,14,761.6828866538384
4,IDONTWANT,50,239,761.7152882723827
4,IDONTWANT,50,12,761.7152882723827
4,IDONTWANT,50,497,761.7152882723827
4,IDONTWANT,50,852,761.7152882723827
4,IDONTWANT,818,801,761.8731071374234
4,IDONTWANT,818,43,761.8731071374234
4,IDONTWANT,818,295,761.8731071374234
4,IDONTWANT,818,854,761.8731071374234
4,IDONTWANT,391,622,762.0457000282449
4,IDONTWANT,391,241,762.0457000282449
4,IDONTWANT,391,335,762.0457000282449
4,IDONTWANT,391,882,762.0457000282449
4,IDONTWANT,747,353,762.2737871843642
4,IDONTWANT,747,999,762.2737871843642
4,IDONTWANT,747,208,762.2737871843642
4,IDONTWANT,747,670,762.2737871843642
4,IDONTWANT,645,211,762.4189854994497
4,IDONTWANT,645,907,762.4189854994497
4,IDONTWANT,645,397,762.4189854994497
4,IDONTWANT,645,475,762.4189854994497
4,IDONTWANT,815,705,762.4956440039925
4,IDONTWANT,815,1,762.4956440039925
4,IDONTWANT,815,329,762.4956440039925
4,IDONTWANT,815,269,762.4956440039925
4,IDONTWANT,599,808,763.4580984447913
4,IDONTWANT,599,422,763.4580984447913
4,IDONTWANT,599,31,763.4580984447913
4,IDONTWANT,599,446,763.4580984447913
4,IDONTWANT,419,598,763.4977844917385
4,IDONTWANT,419,198,763.4977844917385
4,IDONTWANT,419,953,763.4977844917385
4,IDONTWANT,419,76,763.4977844917385
4,IDONTWANT,46,564,763.5078672391697
4,IDONTWANT,46,286,763.5078672391697
4,IDONTWANT,46,724,763.5078672391697
4,IDONTWANT,46,426,763.5078672391697
4,IDONTWANT,351,972,763.512611880136
4,IDONTWANT,351,610,763.512611880136
4,IDONTWANT,351,149,763.512611880136
4,IDONTWANT,351,945,763.512611880136
4,IDONTWANT,915,910,763.8406505798296
4,IDONTWANT,915,623,763.8406505798296
4,IDONTWANT,915,748,763.8406505798296
4,IDONTWANT,915,507,763.8406505798296
4,IDONTWANT,93,482,763.9457071821698
4,IDONTWANT,93,202,763.9457071821698
4,IDONTWANT,93,346,763.9457071821698
4,IDONTWANT,93,210,763.9457071821698
4,IDONTWANT,545,519,764.3192726053003
4,IDONTWANT,545,664,764.3192726053003
4,IDONTWANT,545,657,764.3192726053003
4,IDONTWANT,545,425,764.3192726053003
4,IDONTWANT,145,125,764.3793365412298
4,IDONTWANT,145,919,764.3793365412298
4,IDONTWANT,145,796,764.3793365412298
4,IDONTWANT,145,159,764.3793365412298
4,IDONTWANT,664,530,764.679973985773
4,IDONTWANT,664,692,764.679973985773
4,IDONTWANT,664,677,764.679973985773
4,IDONTWANT,664,953,764.679973985773
4,IDONTWANT,43,509,764.9265533017723
4,IDONTWANT,43,83,764.9265533017723
4,IDONTWANT,43,171,764.9265533017723
4,IDONTWANT,43,460,764.9265533017723
4,IDONTWANT,260,920,765.1276585355339
4,IDONTWANT,260,898,765.1276585355339
4,IDONTWANT,260,498,765.1276585355339
4,IDONTWANT,260,404,765.1276585355339
4,IDONTWANT,467,836,765.4384718038003
4,IDONTWANT,467,919,765.4384718038003
4,IDONTWANT,467,197,765.4384718038003
4,IDONTWANT,467,42,765.4384718038003
4,IDONTWANT,992,375,766.1359403772044
4,IDONTWANT,992,471,766.1359403772044
4,IDONTWANT,992,913,766.1359403772044
4,IDONTWANT,992,561,766.1359403772044
4,IDONTWANT,359,538,766.24684109542
4,IDONTWANT,359,765,766.24684109542
4,IDONTWANT,359,479,766.24684109542
4,IDONTWANT,359,32,766.24684109542
4,IDONTWANT,919,315,766.3751914602882
4,IDONTWANT,919,207,766.3751914602882
4,IDONTWANT,919,10,766.3751914602882
4,IDONTWANT,919,67,766.3751914602882
4,IDONTWANT,312,824,766.8488768249874
4,IDONTWANT,312,485,766.8488768249874
4,IDONTWANT,312,992,766.8488768249874
4,IDONTWANT,312,602,766.8488768249874
4,IDONTWANT,781,4,766.9637075493235
4,IDONTWANT,781,9,766.9637075493235
4,IDONTWANT,781,700,766.9637075493235
4,IDONTWANT,781,685,766.9637075493235
4,IDONTWANT,52,4,767.3551737752952
4,IDONTWANT,52,150,767.3551737752952
4,IDONTWANT,52,430,767.3551737752952
4,IDONTWANT,52,548,767.3551737752952
4,IDONTWANT,62,452,767.9172451513125
4,IDONTWANT,62,167,767.9172451513125
4,IDONTWANT,62,113,767.9172451513125
4,IDONTWANT,62,349,767.9172451513125
4,IDONTWANT,338,263,769.0684281928147
4,IDONTWANT,338,233,769.0684281928147
4,IDONTWANT,338,684,769.0684281928147
4,IDONTWANT,338,435,769.0684281928147
4,IDONTWANT,845,21,769.6551901898807
4,IDONTWANT,845,96,769.6551901898807
4,IDONTWANT,845,34,769.6551901898807
4,IDONTWANT,845,209,769.6551901898807
4,IDONTWANT,721,687,769.9711316870166
4,IDONTWANT,721,904,769.9711316870166
4,IDONTWANT,721,119,769.9711316870166
4,IDONTWANT,721,568,769.9711316870166
4,IDONTWANT,476,3,770.1400502622321
4,IDONTWANT,476,634,770.1400502622321
4,IDONTWANT,476,502,770.1400502622321
4,IDONTWANT,476,477,770.1400502622321
4,IDONTWANT,140,915,770.3132205333617
4,IDONTWANT,140,966,770.3132205333617
4,IDONTWANT,140,208,770.3132205333617
4,IDONTWANT,140,861,770.3132205333617
4,IDONTWANT,626,356,770.4213740564004
4,IDONTWANT,626,595,770.4213740564004
4,IDONTWANT,626,334,770.4213740564004
4,IDONTWANT,626,534,770.4213740564004
4,IDONTWANT,29,587,770.4919252773097
4,IDONTWANT,29,809,770.4919252773097
4,IDONTWANT,29,897,770.4919252773097
4,IDONTWANT,29,838,770.4919252773097
4,IDONTWANT,510,403,770.6372408702439
4,IDONTWANT,510,756,770.6372408702439
4,IDONTWANT,510,817,770.6372408702439
4,IDONTWANT,510,380,770.6372408702439
4,IDONTWANT,488,26,771.2040746991045
4,IDONTWANT,488,878,771.2040746991045
4,IDONTWANT,488,67,771.2040746991045
4,IDONTWANT,488,629,771.2040746991045
4,IDONTWANT,648,512,771.3381143276604
4,IDONTWANT,648,647,771.3381143276604
4,IDONTWANT,648,303,771.3381143276604
4,IDONTWANT,648,474,771.3381143276604
4,IDONTWANT,278,439,773.5256499403488
4,IDONTWANT,278,906,773.5256499403488
4,IDONTWANT,278,29,773.5256499403488
4,IDONTWANT,278,832,773.5256499403488
4,IDONTWANT,42,408,773.5557826315514
4,IDONTWANT,42,401,773.5557826315514
4,IDONTWANT,42,939,773.5557826315514
4,IDONTWANT,42,893,773.5557826315514
4,IDONTWANT,688,796,773.9700845254337
4,IDONTWANT,688,70,773.9700845254337
4,IDONTWANT,688,830,773.9700845254337
4,IDONTWANT,688,818,773.9700845254337
4,IDONTWANT,516,317,774.360382441356
4,IDONTWANT,516,655,774.360382441356
4,IDONTWANT,516,990,774.360382441356
4,IDONTWANT,516,892,774.360382441356
4,IDONTWANT,332,661,774.5613795745426
4,IDONTWANT,332,860,774.5613795745426
4,IDONTWANT,332,905,774.5613795745426
4,IDONTWANT,332,248,774.5613795745426
4,IDONTWANT,977,36,774.6451188384725
4,IDONTWANT,977,636,774.6451188384725
4,IDONTWANT,977,102,774.6451188384725
4,IDONTWANT,977,256,774.6451188384725
4,IDONTWANT,364,979,775.2505883847335
4,IDONTWANT,364,907,775.2505883847335
4,IDONTWANT,364,126,775.2505883847335
4,IDONTWANT,364,575,775.2505883847335
4,IDONTWANT,323,584,775.9125700185224
4,IDONTWANT,323,942,775.9125700185224
4,IDONTWANT,323,38,775.9125700185224
4,IDONTWANT,323,661,775.9125700185224
4,IDONTWANT,618,914,776.1644666475023
4,IDONTWANT,618,912,776.1644666475023
4,IDONTWANT,618,764,776.1644666475023
4,IDONTWANT,618,88,776.1644666475023
4,IDONTWANT,893,277,776.1664203621082
4,IDONTWANT,893,584,776.1664203621082
4,IDONTWANT,893,859,776.1664203621082
4,IDONTWANT,893,303,776.1664203621082
4,IDONTWANT,6,435,776.1722280119794
4,IDONTWANT,6,61,776.1722280119794
4,IDONTWANT,6,847,776.1722280119794
4,IDONTWANT,6,580,776.1722280119794
4,IDONTWANT,223,599,776.2290767801437
4,IDONTWANT,223,818,776.2290767801437
4,IDONTWANT,223,915,776.2290767801437
4,IDONTWANT,223,729,776.2290767801437
4,IDONTWANT,913,235,777.2015876598318
4,IDONTWANT,913,728,777.2015876598318
4,IDONTWANT,913,179,777.2015876598318
4,IDONTWANT,913,201,777.2015876598318
4,IDONTWANT,158,984,777.7001102326458
4,IDONTWANT,158,65,777.7001102326458
4,IDONTWANT,158,115,777.7001102326458
4,IDONTWANT,158,941,777.7001102326458
4,IDONTWANT,480,109,777.8573844958496
4,IDONTWANT,480,68,777.8573844958496
4,IDONTWANT,480,131,777.8573844958496
4,IDONTWANT,480,367,777.8573844958496
4,IDONTWANT,15,193,777.8576287472774
4,IDONTWANT,15,382,777.8576287472774
4,IDONTWANT,15,100,777.8576287472774
4,IDONTWANT,15,561,777.8576287472774
4,IDONTWANT,751,89,777.8962603443024
4,IDONTWANT,751,804,777.8962603443024
4,IDONTWANT,751,41,777.8962603443024
4,IDONTWANT,751,408,777.8962603443024
4,IDONTWANT,901,994,777.8969157717564
4,IDONTWANT,901,373,777.8969157717564
4,IDONTWANT,901,442,777.8969157717564
4,IDONTWANT,901,267,777.8969157717564
4,IDONTWANT,41,295,777.9749849659213
4,IDONTWANT,41,133,777.9749849659213
4,IDONTWANT,41,757,777.9749849659213
4,IDONTWANT,41,254,777.9749849659213
4,IDONTWANT,295,438,778.0367678418202
4,IDONTWANT,295,142,778.0367678418202
4,IDONTWANT,295,561,778.0367678418202
4,IDONTWANT,295,197,778.0367678418202
4,IDONTWANT,190,351,778.0740315105963
4,IDONTWANT,190,204,778.0740315105963
4,IDONTWANT,190,853,778.0740315105963
4,IDONTWANT,190,904,778.0740315105963
4,IDONTWANT,496,629,778.1576822395692
4,IDONTWANT,496,281,778.1576822395692
4,IDONTWANT,496,927,778.1576822395692
4,IDONTWANT,496,836,778.1576822395692
4,IDONTWANT,861,685,778.6163946891695
4,IDONTWANT,861,518,778.6163946891695
4,IDONTWANT,861,402,778.6163946891695
4,IDONTWANT,861,187,778.6163946891695
4,IDONTWANT,671,356,779.5891202524089
4,IDONTWANT,671,103,779.5891202524089
4,IDONTWANT,671,868,779.5891202524089
4,IDONTWANT,671,588,779.5891202524089
4,IDONTWANT,160,107,779.7665271777576
4,IDONTWANT,160,86,779.7665271777576
4,IDONTWANT,160,272,779.7665271777576
4,IDONTWANT,160,279,779.7665271777576
4,IDONTWANT,575,148,779.9886689438287
4,IDONTWANT,575,33,779.9886689438287
4,IDONTWANT,575,27,779.9886689438287
4,IDONTWANT,575,114,779.9886689438287
4,IDONTWANT,344,210,780.7395403379721
4,IDONTWANT,344,508,780.7395403379721
4,IDONTWANT,344,994,780.7395403379721
4,IDONTWANT,344,205,780.7395403379721
4,IDONTWANT,18,545,780.7706505912362
4,IDONTWANT,18,438,780.7706505912362
4,IDONTWANT,18,796,780.7706505912362
4,IDONTWANT,18,322,780.7706505912362
4,IDONTWANT,229,642,781.2157443275711
4,IDONTWANT,229,545,781.2157443275711
4,IDONTWANT,229,698,781.2157443275711
4,IDONTWANT,229,251,781.2157443275711
4,IDONTWANT,372,421,781.2731000609668
4,IDONTWANT,372,253,781.2731000609668
4,IDONTWANT,372,832,781.2731000609668
4,IDONTWANT,372,641,781.2731000609668
4,IDONTWANT,982,983,781.6168663136084
4,IDONTWANT,982,979,781.6168663136084
4,IDONTWANT,982,943,781.6168663136084
4,IDONTWANT,982,526,781.6168663136084
4,IDONTWANT,164,839,781.6737229610281
4,IDONTWANT,164,969,781.6737229610281
4,IDONTWANT,164,265,781.6737229610281
4,IDONTWANT,164,416,781.6737229610281
4,IDONTWANT,385,980,781.9666559759851
4,IDONTWANT,385,477,781.9666559759851
4,IDONTWANT,385,977,781.9666559759851
4,IDONTWANT,385,795,781.9666559759851
4,IDONTWANT,282,956,782.4035859067845
4,IDONTWANT,282,750,782.4035859067845
4,IDONTWANT,282,421,782.4035859067845
4,IDONTWANT,282,462,782.4035859067845
4,IDONTWANT,210,307,782.6356487438786
4,IDONTWANT,210,312,782.6356487438786
4,IDONTWANT,210,645,782.6356487438786
4,IDONTWANT,210,239,782.6356487438786
4,IDONTWANT,353,998,782.8786743503879
4,IDONTWANT,353,611,782.8786743503879
4,IDONTWANT,353,145,782.8786743503879
4,IDONTWANT,353,426,782.8786743503879
4,IDONTWANT,115,247,783.0331825797771
4,IDONTWANT,115,783,783.0331825797771
4,IDONTWANT,115,601,783.0331825797771
4,IDONTWANT,115,334,783.0331825797771
4,IDONTWANT,729,712,783.4629687739351
4,IDONTWANT,729,576,783.4629687739351
4,IDONTWANT,729,509,783.4629687739351
4,IDONTWANT,729,681,783.4629687739351
4,IDONTWANT,103,412,783.6012514123555
4,IDONTWANT,103,762,783.6012514123555
4,IDONTWANT,103,970,783.6012514123555
4,IDONTWANT,103,86,783.6012514123555
4,IDONTWANT,930,4,783.7068379578897
4,IDONTWANT,930,364,783.7068379578897
4,IDONTWANT,930,532,783.7068379578897
4,IDONTWANT,930,955,783.7068379578897
4,IDONTWANT,241,203,783.9482228477847
4,IDONTWANT,241,79,783.9482228477847
4,IDONTWANT,241,615,783.9482228477847
4,IDONTWANT,241,150,783.9482228477847
4,IDONTWANT,561,222,784.001515503028
4,IDONTWANT,561,87,784.001515503028
4,IDONTWANT,561,902,784.001515503028
4,IDONTWANT,561,519,784.001515503028
4,IDONTWANT,793,32,784.7451975291639
4,IDONTWANT,793,11,784.7451975291639
4,IDONTWANT,793,62,784.7451975291639
4,IDONTWANT,793,15,784.7451975291639
4,IDONTWANT,731,436,785.1842414124575
4,IDONTWANT,731,428,785.1842414124575
4,IDONTWANT,731,984,785.1842414124575
4,IDONTWANT,731,692,785.1842414124575
4,IDONTWANT,36,698,785.497642259407
4,IDONTWANT,36,842,785.497642259407
4,IDONTWANT,36,457,785.497642259407
4,IDONTWANT,36,292,785.497642259407
4,IDONTWANT,918,643,785.576898721356
4,IDONTWANT,918,831,785.576898721356
4,IDONTWANT,918,196,785.576898721356
4,IDONTWANT,918,596,785.576898721356
4,IDONTWANT,562,15,785.852745316453
4,IDONTWANT,562,173,785.852745316453
4,IDONTWANT,562,266,785.852745316453
4,IDONTWANT,562,927,785.852745316453
4,IDONTWANT,305,542,786.2439044573516
4,IDONTWANT,305,645,786.2439044573516
4,IDONTWANT,305,810,786.2439044573516
4,IDONTWANT,305,884,786.2439044573516
4,IDONTWANT,82,338,786.9531099238491
4,IDONTWANT,82,652,786.9531099238491
4,IDONTWANT,82,229,786.9531099238491
4,IDONTWANT,82,628,786.9531099238491
4,IDONTWANT,798,623,787.3048086270542
4,IDONTWANT,798,61,787.3048086270542
4,IDONTWANT,798,323,787.3048086270542
4,IDONTWANT,798,376,787.3048086270542
4,IDONTWANT,525,108,787.3772323608312
4,IDONTWANT,525,536,787.3772323608312
4,IDONTWANT,525,365,787.3772323608312
4,IDONTWANT,525,547,787.3772323608312
4,IDONTWANT,914,615,787.3974098692037
4,IDONTWANT,914,81,787.3974098692037
4,IDONTWANT,914,848,787.3974098692037
4,IDONTWANT,914,89,787.3974098692037
4,IDONTWANT,136,464,787.6234163722888
4,IDONTWANT,136,521,787.6234163722888
4,IDONTWANT,136,547,787.6234163722888
4,IDONTWANT,136,827,787.6234163722888
4,IDONTWANT,251,17,788.1147914295999
4,IDONTWANT,251,297,788.1147914295999
4,IDONTWANT,251,470,788.1147914295999
4,IDONTWANT,251,78,788.1147914295999
4,IDONTWANT,167,91,789.1710368428147
4,IDONTWANT,167,286,789.1710368428147
4,IDONTWANT,167,58,789.1710368428147
4,IDONTWANT,167,819,789.1710368428147
4,IDONTWANT,495,258,789.2403965308398
4,IDONTWANT,495,162,789.2403965308398
4,IDONTWANT,495,331,789.2403965308398
4,IDONTWANT,495,919,789.2403965308398
4,IDONTWANT,425,377,789.261488819295
4,IDONTWANT,425,348,789.261488819295
4,IDONTWANT,425,144,789.261488819295
4,IDONTWANT,425,45,789.261488819295
4,IDONTWANT,685,977,789.3003951764599
4,IDONTWANT,685,539,789.3003951764599
4,IDONTWANT,685,995,789.3003951764599
4,IDONTWANT,685,224,789.3003951764599
4,IDONTWANT,711,103,789.7553672904585
4,IDONTWANT,711,592,789.7553672904585
4,IDONTWANT,711,146,789.7553672904585
4,IDONTWANT,711,875,789.7553672904585
4,IDONTWANT,637,534,790.9527463039283
4,IDONTWANT,637,356,790.9527463039283
4,IDONTWANT,637,164,790.9527463039283
4,IDONTWANT,637,241,790.9527463039283
4,IDONTWANT,408,253,791.4204248538747
4,IDONTWANT,408,190,791.4204248538747
4,IDONTWANT,408,251,791.4204248538747
4,IDONTWANT,408,241,791.4204248538747
4,IDONTWANT,303,511,792.0348652491989
4,IDONTWANT,303,284,792.0348652491989
4,IDONTWANT,303,589,792.0348652491989
4,IDONTWANT,303,991,792.0348652491989
4,IDONTWANT,258,521,792.2511428302025
4,IDONTWANT,258,287,792.2511428302025
4,IDONTWANT,258,909,792.2511428302025
4,IDONTWANT,258,115,792.2511428302025
4,IDONTWANT,193,132,792.3082623091134
4,IDONTWANT,193,14,792.3082623091134
4,IDONTWANT,193,72,792.3082623091134
4,IDONTWANT,193,641,792.3082623091134
4,IDONTWANT,221,517,792.6249221118669
4,IDONTWANT,221,583,792.6249221118669
4,IDONTWANT,221,855,792.6249221118669
4,IDONTWANT,221,833,792.6249221118669
4,IDONTWANT,438,319,793.0240903157219
4,IDONTWANT,438,764,793.0240903157219
4,IDONTWANT,438,581,793.0240903157219
4,IDONTWANT,438,905,793.0240903157219
4,IDONTWANT,242,340,793.0713733644038
4,IDONTWANT,242,261,793.0713733644038
4,IDONTWANT,242,668,793.0713733644038
4,IDONTWANT,242,762,793.0713733644038
4,IDONTWANT,738,735,793.1970251675159
4,IDONTWANT,738,425,793.1970251675159
4,IDONTWANT,738,640,793.1970251675159
4,IDONTWANT,738,129,793.1970251675159
4,IDONTWANT,274,678,793.4412980152704
4,IDONTWANT,274,293,793.4412980152704
4,IDONTWANT,274,651,793.4412980152704
4,IDONTWANT,274,959,793.4412980152704
4,IDONTWANT,598,294,794.7019693061584
4,IDONTWANT,598,634,794.7019693061584
4,IDONTWANT,598,764,794.7019693061584
4,IDONTWANT,598,31,794.7019693061584
4,IDONTWANT,672,467,795.245249976826
4,IDONTWANT,672,554,795.245249976826
4,IDONTWANT,672,209,795.245249976826
4,IDONTWANT,672,735,795.245249976826
4,IDONTWANT,22,84,796.3631670222693
4,IDONTWANT,22,589,796.3631670222693
4,IDONTWANT,22,308,796.3631670222693
4,IDONTWANT,22,538,796.3631670222693
4,IDONTWANT,318,996,796.4560902054006
4,IDONTWANT,318,699,796.4560902054006
4,IDONTWANT,318,111,796.4560902054006
4,IDONTWANT,318,965,796.4560902054006
4,IDONTWANT,991,395,797.0219291094783
4,IDONTWANT,991,206,797.0219291094783
4,IDONTWANT,991,561,797.0219291094783
4,IDONTWANT,991,727,797.0219291094783
4,IDONTWANT,232,516,799.4795019277611
4,IDONTWANT,232,920,799.4795019277611
4,IDONTWANT,232,549,799.4795019277611
4,IDONTWANT,232,94,799.4795019277611
4,IDONTWANT,148,140,799.5509034260175
4,IDONTWANT,148,991,799.5509034260175
4,IDONTWANT,148,479,799.5509034260175
4,IDONTWANT,148,225,799.5509034260175
4,IDONTWANT,507,463,800.1561813288877
4,IDONTWANT,507,569,800.1561813288877
4,IDONTWANT,507,534,800.1561813288877
4,IDONTWANT,507,594,800.1561813288877
4,IDONTWANT,72,768,801.2299992496303
4,IDONTWANT,72,351,801.2299992496303
4,IDONTWANT,72,759,801.2299992496303
4,IDONTWANT,72,272,801.2299992496303
4,IDONTWANT,218,914,801.9782072450917
4,IDONTWANT,218,526,801.9782072450917
4,IDONTWANT,218,643,801.9782072450917
4,IDONTWANT,218,440,801.9782072450917
4,IDONTWANT,475,516,802.1562668194713
4,IDONTWANT,475,448,802.1562668194713
4,IDONTWANT,475,183,802.1562668194713
4,IDONTWANT,475,23,802.1562668194713
4,IDONTWANT,161,40,802.2812152100046
4,IDONTWANT,161,928,802.2812152100046
4,IDONTWANT,161,798,802.2812152100046
4,IDONTWANT,161,186,802.2812152100046
4,IDONTWANT,3,60,802.9617604452351
4,IDONTWANT,3,932,802.9617604452351
4,IDONTWANT,3,520,802.9617604452351
4,IDONTWANT,3,220,802.9617604452351
4,IDONTWANT,68,979,803.1728476644522
4,IDONTWANT,68,356,803.1728476644522
4,IDONTWANT,68,617,803.1728476644522
4,IDONTWANT,68,373,803.1728476644522
4,IDONTWANT,656,597,803.2759840225496
4,IDONTWANT,656,873,803.2759840225496
4,IDONTWANT,656,234,803.2759840225496
4,IDONTWANT,656,696,803.2759840225496
4,IDONTWANT,654,684,803.3439080512491
4,IDONTWANT,654,740,803.3439080512491
4,IDONTWANT,654,669,803.3439080512491
4,IDONTWANT,654,902,803.3439080512491
4,IDONTWANT,171,85,803.4864960422811
4,IDONTWANT,171,623,803.4864960422811
4,IDONTWANT,171,877,803.4864960422811
4,IDONTWANT,171,228,803.4864960422811
4,IDONTWANT,45,141,803.6126989162399
4,IDONTWANT,45,839,803.6126989162399
4,IDONTWANT,45,441,803.6126989162399
4,IDONTWANT,45,885,803.6126989162399
4,IDONTWANT,555,768,803.9837141025231
4,IDONTWANT,555,948,803.9837141025231
4,IDONTWANT,555,712,803.9837141025231
4,IDONTWANT,555,966,803.9837141025231
4,IDONTWANT,560,658,804.2294597768923
4,IDONTWANT,560,951,804.2294597768923
4,IDONTWANT,560,989,804.2294597768923
4,IDONTWANT,560,916,804.2294597768923
4,IDONTWANT,704,952,804.6769471914575
4,IDONTWANT,704,310,804.6769471914575
4,IDONTWANT,704,875,804.6769471914575
4,IDONTWANT,704,394,804.6769471914575
4,IDONTWANT,67,386,804.7912862011142
4,IDONTWANT,67,153,804.7912862011142
4,IDONTWANT,67,650,804.7912862011142
4,IDONTWANT,67,259,804.7912862011142
4,IDONTWANT,412,539,805.15646446133
4,IDONTWANT,412,236,805.15646446133
4,IDONTWANT,412,666,805.15646446133
4,IDONTWANT,412,828,805.15646446133
4,IDONTWANT,616,107,805.7764932087875
4,IDONTWANT,616,644,805.7764932087875
4,IDONTWANT,616,334,805.7764932087875
4,IDONTWANT,616,364,805.7764932087875
4,IDONTWANT,768,264,806.2984366420761
4,IDONTWANT,768,884,806.2984366420761
4,IDONTWANT,768,309,806.2984366420761
4,IDONTWANT,768,189,806.2984366420761
4,IDONTWANT,904,166,808.0952082563432
4,IDONTWANT,904,58,808.0952082563432
4,IDONTWANT,904,852,808.0952082563432
4,IDONTWANT,904,743,808.0952082563432
4,IDONTWANT,546,833,808.8291539934974
4,IDONTWANT,546,628,808.8291539934974
4,IDONTWANT,546,178,808.8291539934974
4,IDONTWANT,546,520,808.8291539934974
4,IDONTWANT,1,667,809.1579551477189
4,IDONTWANT,1,50,809.1579551477189
4,IDONTWANT,1,75,809.1579551477189
4,IDONTWANT,1,841,809.1579551477189
4,IDONTWANT,832,64,809.2605587946558
4,IDONTWANT,832,238,809.2605587946558
4,IDONTWANT,832,407,809.2605587946558
4,IDONTWANT,832,593,809.2605587946558
4,IDONTWANT,2,549,809.6282019723245
4,IDONTWANT,2,97,809.6282019723245
4,IDONTWANT,2,375,809.6282019723245
4,IDONTWANT,2,597,809.6282019723245
4,IDONTWANT,256,537,810.0909068652971
4,IDONTWANT,256,269,810.0909068652971
4,IDONTWANT,256,976,810.0909068652971
4,IDONTWANT,256,369,810.0909068652971
4,IDONTWANT,508,706,810.5451225102222
4,IDONTWANT,508,904,810.5451225102222
4,IDONTWANT,508,918,810.5451225102222
4,IDONTWANT,508,107,810.5451225102222
4,IDONTWANT,994,838,810.9801347716319
4,IDONTWANT,994,317,810.9801347716319
4,IDONTWANT,994,31,810.9801347716319
4,IDONTWANT,994,248,810.9801347716319
4,IDONTWANT,326,448,812.9332505396978
4,IDONTWANT,326,716,812.9332505396978
4,IDONTWANT,326,783,812.9332505396978
4,IDONTWANT,326,114,812.9332505396978
4,IDONTWANT,162,277,815.087016543706
4,IDONTWANT,162,774,815.087016543706
4,IDONTWANT,162,132,815.087016543706
4,IDONTWANT,162,840,815.087016543706
4,IDONTWANT,74,529,815.1780834580566
4,IDONTWANT,74,23,815.1780834580566
4,IDONTWANT,74,211,815.1780834580566
4,IDONTWANT,74,974,815.1780834580566
4,IDONTWANT,176,727,815.4965401524107
4,IDONTWANT,176,245,815.4965401524107
4,IDONTWANT,176,961,815.4965401524107
4,IDONTWANT,176,112,815.4965401524107
4,IDONTWANT,958,538,816.725473992749
4,IDONTWANT,958,37,816.725473992749
4,IDONTWANT,958,405,816.725473992749
4,IDONTWANT,958,994,816.725473992749
4,IDONTWANT,580,69,817.1105168371494
4,IDONTWANT,580,755,817.1105168371494
4,IDONTWANT,580,47,817.1105168371494
4,IDONTWANT,580,67,817.1105168371494
4,IDONTWANT,898,806,817.2951258170049
4,IDONTWANT,898,684,817.2951258170049
4,IDONTWANT,898,948,817.2951258170049
4,IDONTWANT,898,216,817.2951258170049
4,IDONTWANT,153,432,817.5470282581051
4,IDONTWANT,153,201,817.5470282581051
4,IDONTWANT,153,366,817.5470282581051
4,IDONTWANT,153,327,817.5470282581051
4,IDONTWANT,962,577,818.3226836170702
4,IDONTWANT,962,823,818.3226836170702
4,IDONTWANT,962,934,818.3226836170702
4,IDONTWANT,962,328,818.3226836170702
4,IDONTWANT,752,740,818.391647457573
4,IDONTWANT,752,567,818.391647457573
4,IDONTWANT,752,907,818.391647457573
4,IDONTWANT,752,415,818.391647457573
4,IDONTWANT,902,244,818.6499607826091
4,IDONTWANT,902,948,818.6499607826091
4,IDONTWANT,902,243,818.6499607826091
4,IDONTWANT,902,99,818.6499607826091
4,IDONTWANT,934,328,819.6522602768623
4,IDONTWANT,934,797,819.6522602768623
4,IDONTWANT,934,728,819.6522602768623
4,IDONTWANT,934,888,819.6522602768623
4,IDONTWANT,716,622,820.0836696271908
4,IDONTWANT,716,801,820.0836696271908
4,IDONTWANT,716,92,820.0836696271908
4,IDONTWANT,716,684,820.0836696271908
4,IDONTWANT,520,631,820.5345081167127
4,IDONTWANT,520,641,820.5345081167127
4,IDONTWANT,520,442,820.5345081167127
4,IDONTWANT,520,427,820.5345081167127
4,IDONTWANT,315,541,820.5345733365893
4,IDONTWANT,315,876,820.5345733365893
4,IDONTWANT,315,480,820.5345733365893
4,IDONTWANT,315,996,820.5345733365893
4,IDONTWANT,881,957,820.6876630716672
4,IDONTWANT,881,633,820.6876630716672
4,IDONTWANT,881,888,820.6876630716672
4,IDONTWANT,881,382,820.6876630716672
4,IDONTWANT,118,363,821.2140421760424
4,IDONTWANT,118,920,821.2140421760424
4,IDONTWANT,118,470,821.2140421760424
4,IDONTWANT,118,679,821.2140421760424
4,IDONTWANT,255,596,822.0540709929805
4,IDONTWANT,255,92,822.0540709929805
4,IDONTWANT,255,145,822.0540709929805
4,IDONTWANT,255,766,822.0540709929805
4,IDONTWANT,989,294,822.2526529384079
4,IDONTWANT,989,859,822.2526529384079
4,IDONTWANT,989,465,822.2526529384079
4,IDONTWANT,989,624,822.2526529384079
4,IDONTWANT,647,810,822.2570948238068
4,IDONTWANT,647,447,822.2570948238068
4,IDONTWANT,647,711,822.2570948238068
4,IDONTWANT,647,227,822.2570948238068
4,IDONTWANT,137,490,823.5856984225426
4,IDONTWANT,137,520,823.5856984225426
4,IDONTWANT,137,965,823.5856984225426
4,IDONTWANT,137,254,823.5856984225426
4,IDONTWANT,289,672,824.3180179324236
4,IDONTWANT,289,244,824.3180179324236
4,IDONTWANT,289,309,824.3180179324236
4,IDONTWANT,289,495,824.3180179324236
4,IDONTWANT,875,127,824.8707159875129
4,IDONTWANT,875,383,824.8707159875129
4,IDONTWANT,875,492,824.8707159875129
4,IDONTWANT,875,388,824.8707159875129
4,IDONTWANT,968,543,824.9120201146887
4,IDONTWANT,968,191,824.9120201146887
4,IDONTWANT,968,70,824.9120201146887
4,IDONTWANT,968,332,824.9120201146887
4,IDONTWANT,191,724,824.9294919181826
4,IDONTWANT,191,747,824.9294919181826
4,IDONTWANT,191,652,824.9294919181826
4,IDONTWANT,191,143,824.9294919181826
4,IDONTWANT,601,480,825.1630551547893
4,IDONTWANT,601,722,825.1630551547893
4,IDONTWANT,601,49,825.1630551547893
4,IDONTWANT,601,550,825.1630551547893
4,IDONTWANT,935,390,825.2370963213834
4,IDONTWANT,935,590,825.2370963213834
4,IDONTWANT,935,769,825.2370963213834
4,IDONTWANT,935,919,825.2370963213834
4,IDONTWANT,333,487,825.7431476293964
4,IDONTWANT,333,539,825.7431476293964
4,IDONTWANT,333,240,825.7431476293964
4,IDONTWANT,333,561,825.7431476293964
4,IDONTWANT,838,591,825.9381796878205
4,IDONTWANT,838,577,825.9381796878205
4,IDONTWANT,838,367,825.9381796878205
4,IDONTWANT,838,412,825.9381796878205
4,IDONTWANT,583,546,826.0738083789696
4,IDONTWANT,583,913,826.0738083789696
4,IDONTWANT,583,681,826.0738083789696
4,IDONTWANT,583,67,826.0738083789696
4,IDONTWANT,130,255,826.1377455408567
4,IDONTWANT,130,196,826.1377455408567
4,IDONTWANT,130,284,826.1377455408567
4,IDONTWANT,130,43,826.1377455408567
4,IDONTWANT,98,932,827.3247211865786
4,IDONTWANT,98,398,827.3247211865786
4,IDONTWANT,98,802,827.3247211865786
4,IDONTWANT,98,729,827.3247211865786
4,IDONTWANT,144,218,827.4220534555086
4,IDONTWANT,144,686,827.4220534555086
4,IDONTWANT,144,311,827.4220534555086
4,IDONTWANT,144,803,827.4220534555086
4,IDONTWANT,943,30,827.4257989522367
4,IDONTWANT,943,19,827.4257989522367
4,IDONTWANT,943,98,827.4257989522367
4,IDONTWANT,943,949,827.4257989522367
4,IDONTWANT,641,200,827.5782275819473
4,IDONTWANT,641,393,827.5782275819473
4,IDONTWANT,641,154,827.5782275819473
4,IDONTWANT,641,151,827.5782275819473
4,IDONTWANT,390,843,827.7922984831848
4,IDONTWANT,390,709,827.7922984831848
4,IDONTWANT,390,792,827.7922984831848
4,IDONTWANT,390,154,827.7922984831848
4,IDONTWANT,622,175,827.8443101282485
4,IDONTWANT,622,388,827.8443101282485
4,IDONTWANT,622,906,827.8443101282485
4,IDONTWANT,622,646,827.8443101282485
4,IDONTWANT,521,525,828.0158635996005
4,IDONTWANT,521,372,828.0158635996005
4,IDONTWANT,521,918,828.0158635996005
4,IDONTWANT,521,48,828.0158635996005
4,IDONTWANT,298,378,828.115188111263
4,IDONTWANT,298,264,828.115188111263
4,IDONTWANT,298,829,828.115188111263
4,IDONTWANT,298,584,828.115188111263
4,IDONTWANT,547,316,828.2894939642803
4,IDONTWANT,547,65,828.2894939642803
4,IDONTWANT,547,307,828.2894939642803
4,IDONTWANT,547,641,828.2894939642803
4,IDONTWANT,529,137,828.3065604330586
4,IDONTWANT,529,14,828.3065604330586
4,IDONTWANT,529,960,828.3065604330586
4,IDONTWANT,529,821,828.3065604330586
4,IDONTWANT,825,205,829.3259774783609
4,IDONTWANT,825,806,829.3259774783609
4,IDONTWANT,825,768,829.3259774783609
4,IDONTWANT,825,739,829.3259774783609
4,IDONTWANT,264,353,829.6062253959697
4,IDONTWANT,264,386,829.6062253959697
4,IDONTWANT,264,324,829.6062253959697
4,IDONTWANT,264,123,829.6062253959697
4,IDONTWANT,999,331,829.9640064455643
4,IDONTWANT,999,570,829.9640064455643
4,IDONTWANT,999,333,829.9640064455643
4,IDONTWANT,999,503,829.9640064455643
4,IDONTWANT,135,525,830.0615740204124
4,IDONTWANT,135,205,830.0615740204124
4,IDONTWANT,135,710,830.0615740204124
4,IDONTWANT,135,284,830.0615740204124
4,IDONTWANT,169,74,830.628319377017
4,IDONTWANT,169,276,830.628319377017
4,IDONTWANT,169,961,830.628319377017
4,IDONTWANT,169,17,830.628319377017
4,IDONTWANT,97,86,830.8757454112528
4,IDONTWANT,97,855,830.8757454112528
4,IDONTWANT,97,677,830.8757454112528
4,IDONTWANT,97,123,830.8757454112528
4,IDONTWANT,802,977,830.9310763811212
4,IDONTWANT,802,660,830.9310763811212
4,IDONTWANT,802,167,830.9310763811212
4,IDONTWANT,802,644,830.9310763811212
4,IDONTWANT,132,576,831.2946149131483
4,IDONTWANT,132,28,831.2946149131483
4,IDONTWANT,132,779,831.2946149131483
4,IDONTWANT,132,916,831.2946149131483
4,IDONTWANT,563,241,831.4727393160804
4,IDONTWANT,563,862,831.4727393160804
4,IDONTWANT,563,762,831.4727393160804
4,IDONTWANT,563,207,831.4727393160804
4,IDONTWANT,91,358,831.5024989819674
4,IDONTWANT,91,978,831.5024989819674
4,IDONTWANT,91,998,831.5024989819674
4,IDONTWANT,91,374,831.5024989819674
4,IDONTWANT,707,143,831.6161263493502
4,IDONTWANT,707,543,831.6161263493502
4,IDONTWANT,707,852,831.6161263493502
4,IDONTWANT,707,353,831.6161263493502
4,IDONTWANT,238,866,832.3051728348554
4,IDONTWANT,238,392,832.3051728348554
4,IDONTWANT,238,78,832.3051728348554
4,IDONTWANT,238,491,832.3051728348554
4,IDONTWANT,830,394,832.4473426837644
4,IDONTWANT,830,470,832.4473426837644
4,IDONTWANT,830,553,832.4473426837644
4,IDONTWANT,830,89,832.4473426837644
4,IDONTWANT,105,28,833.2130134767996
4,IDONTWANT,105,155,833.2130134767996
4,IDONTWANT,105,605,833.2130134767996
4,IDONTWANT,105,927,833.2130134767996
4,IDONTWANT,527,604,834.0761544727378
4,IDONTWANT,527,136,834.0761544727378
4,IDONTWANT,527,209,834.0761544727378
4,IDONTWANT,527,375,834.0761544727378
4,IDONTWANT,309,320,834.3924158643987
4,IDONTWANT,309,870,834.3924158643987
4,IDONTWANT,309,834,834.3924158643987
4,IDONTWANT,309,894,834.3924158643987
4,IDONTWANT,111,105,834.4766954185134
4,IDONTWANT,111,540,834.4766954185134
4,IDONTWANT,111,768,834.4766954185134
4,IDONTWANT,111,957,834.4766954185134
4,IDONTWANT,843,159,834.8353573643506
4,IDONTWANT,843,323,834.8353573643506
4,IDONTWANT,843,611,834.8353573643506
4,IDONTWANT,843,31,834.8353573643506
4,IDONTWANT,37,734,835.3086403000633
4,IDONTWANT,37,396,835.3086403000633
4,IDONTWANT,37,909,835.3086403000633
4,IDONTWANT,37,685,835.3086403000633
4,IDONTWANT,959,964,835.3986191327416
4,IDONTWANT,959,53,835.3986191327416
4,IDONTWANT,959,795,835.3986191327416
4,IDONTWANT,959,371,835.3986191327416
4,IDONTWANT,307,919,835.4568634741942
4,IDONTWANT,307,254,835.4568634741942
4,IDONTWANT,307,394,835.4568634741942
4,IDONTWANT,307,410,835.4568634741942
4,IDONTWANT,273,288,835.6298071284747
4,IDONTWANT,273,104,835.6298071284747
4,IDONTWANT,273,52,835.6298071284747
4,IDONTWANT,273,855,835.6298071284747
4,IDONTWANT,124,4,836.1855857167116
4,IDONTWANT,124,795,836.1855857167116
4,IDONTWANT,124,819,836.1855857167116
4,IDONTWANT,124,154,836.1855857167116
4,IDONTWANT,276,447,836.7249888575698
4,IDONTWANT,276,524,836.7249888575698
4,IDONTWANT,276,324,836.7249888575698
4,IDONTWANT,276,194,836.7249888575698
4,IDONTWANT,246,101,837.342082110237
4,IDONTWANT,246,709,837.342082110237
4,IDONTWANT,246,222,837.342082110237
4,IDONTWANT,246,692,837.342082110237
4,IDONTWANT,66,73,837.600727760158
4,IDONTWANT,66,896,837.600727760158
4,IDONTWANT,66,213,837.600727760158
4,IDONTWANT,66,629,837.600727760158
4,IDONTWANT,133,935,837.9964206254332
4,IDONTWANT,133,64,837.9964206254332
4,IDONTWANT,133,454,837.9964206254332
4,IDONTWANT,133,334,837.9964206254332
4,IDONTWANT,976,643,838.8394494036855
4,IDONTWANT,976,555,838.8394494036855
4,IDONTWANT,976,825,838.8394494036855
4,IDONTWANT,976,946,838.8394494036855
4,IDONTWANT,394,202,840.0234517339063
4,IDONTWANT,394,402,840.0234517339063
4,IDONTWANT,394,771,840.0234517339063
4,IDONTWANT,394,163,840.0234517339063
4,IDONTWANT,20,371,840.1147156973154
4,IDONTWANT,20,307,840.1147156973154
4,IDONTWANT,20,255,840.1147156973154
4,IDONTWANT,20,814,840.1147156973154
4,IDONTWANT,750,130,840.8258887685511
4,IDONTWANT,750,600,840.8258887685511
4,IDONTWANT,750,997,840.8258887685511
4,IDONTWANT,750,650,840.8258887685511
4,IDONTWANT,198,249,841.8464917650901
4,IDONTWANT,198,710,841.8464917650901
4,IDONTWANT,198,301,841.8464917650901
4,IDONTWANT,198,46,841.8464917650901
4,IDONTWANT,515,303,841.9718963080362
4,IDONTWANT,515,840,841.9718963080362
4,IDONTWANT,515,529,841.9718963080362
4,IDONTWANT,515,259,841.9718963080362
4,IDONTWANT,101,341,842.1141975032829
4,IDONTWANT,101,88,842.1141975032829
4,IDONTWANT,101,821,842.1141975032829
4,IDONTWANT,101,969,842.1141975032829
4,IDONTWANT,19,477,842.1246103987326
4,IDONTWANT,19,600,842.1246103987326
4,IDONTWANT,19,946,842.1246103987326
4,IDONTWANT,19,465,842.1246103987326
4,IDONTWANT,27,501,842.9042411721696
4,IDONTWANT,27,432,842.9042411721696
4,IDONTWANT,27,41,842.9042411721696
4,IDONTWANT,27,986,842.9042411721696
4,IDONTWANT,417,300,843.5097066172208
4,IDONTWANT,417,238,843.5097066172208
4,IDONTWANT,417,122,843.5097066172208
4,IDONTWANT,417,51,843.5097066172208
4,IDONTWANT,734,624,843.7131614782108
4,IDONTWANT,734,46,843.7131614782108
4,IDONTWANT,734,698,843.7131614782108
4,IDONTWANT,734,755,843.7131614782108
4,IDONTWANT,157,530,843.7183010956469
4,IDONTWANT,157,639,843.7183010956469
4,IDONTWANT,157,303,843.7183010956469
4,IDONTWANT,157,525,843.7183010956469
4,IDONTWANT,749,196,845.1271510072634
4,IDONTWANT,749,324,845.1271510072634
4,IDONTWANT,749,730,845.1271510072634
4,IDONTWANT,749,306,845.1271510072634
4,IDONTWANT,371,919,845.1978157294133
4,IDONTWANT,371,486,845.1978157294133
4,IDONTWANT,371,31,845.1978157294133
4,IDONTWANT,371,647,845.1978157294133
4,IDONTWANT,952,905,846.4998284304655
4,IDONTWANT,952,140,846.4998284304655
4,IDONTWANT,952,554,846.4998284304655
4,IDONTWANT,952,606,846.4998284304655
4,IDONTWANT,404,793,846.5967615501041
4,IDONTWANT,404,681,846.5967615501041
4,IDONTWANT,404,778,846.5967615501041
4,IDONTWANT,404,124,846.5967615501041
4,IDONTWANT,975,939,847.065940008268
4,IDONTWANT,975,694,847.065940008268
4,IDONTWANT,975,638,847.065940008268
4,IDONTWANT,975,279,847.065940008268
4,IDONTWANT,831,549,847.5382869054172
4,IDONTWANT,831,825,847.5382869054172
4,IDONTWANT,831,363,847.5382869054172
4,IDONTWANT,831,790,847.5382869054172
4,IDONTWANT,28,685,847.700677804761
4,IDONTWANT,28,80,847.700677804761
4,IDONTWANT,28,783,847.700677804761
4,IDONTWANT,28,572,847.700677804761
4,IDONTWANT,280,897,848.2107780656229
4,IDONTWANT,280,964,848.2107780656229
4,IDONTWANT,280,568,848.2107780656229
4,IDONTWANT,280,563,848.2107780656229
4,IDONTWANT,532,893,848.4022361462595
4,IDONTWANT,532,682,848.4022361462595
4,IDONTWANT,532,801,848.4022361462595
4,IDONTWANT,532,276,848.4022361462595
4,IDONTWANT,712,239,848.7477863372931
4,IDONTWANT,712,190,848.7477863372931
4,IDONTWANT,712,795,848.7477863372931
4,IDONTWANT,712,462,848.7477863372931
4,IDONTWANT,826,955,848.8026357932955
4,IDONTWANT,826,239,848.8026357932955
4,IDONTWANT,826,316,848.8026357932955
4,IDONTWANT,826,621,848.8026357932955
4,IDONTWANT,84,200,848.8389901274114
4,IDONTWANT,84,826,848.8389901274114
4,IDONTWANT,84,246,848.8389901274114
4,IDONTWANT,84,838,848.8389901274114
4,IDONTWANT,483,41,848.8769645319921
4,IDONTWANT,483,652,848.8769645319921
4,IDONTWANT,483,133,848.8769645319921
4,IDONTWANT,483,84,848.8769645319921
4,IDONTWANT,393,802,849.1516491457663
4,IDONTWANT,393,611,849.1516491457663
4,IDONTWANT,393,80,849.1516491457663
4,IDONTWANT,393,525,849.1516491457663
4,IDONTWANT,411,405,849.7894429410437
4,IDONTWANT,411,257,849.7894429410437
4,IDONTWANT,411,251,849.7894429410437
4,IDONTWANT,411,520,849.7894429410437
4,IDONTWANT,261,25,850.2787883153492
4,IDONTWANT,261,162,850.2787883153492
4,IDONTWANT,261,3,850.2787883153492
4,IDONTWANT,261,973,850.2787883153492
4,IDONTWANT,964,54,850.670137418063
4,IDONTWANT,964,332,850.670137418063
4,IDONTWANT,964,529,850.670137418063
4,IDONTWANT,964,150,850.670137418063
4,IDONTWANT,764,37,852.1033600708259
4,IDONTWANT,764,431,852.1033600708259
4,IDONTWANT,764,794,852.1033600708259
4,IDONTWANT,764,103,852.1033600708259
4,IDONTWANT,51,604,852.5215239387666
4,IDONTWANT,51,187,852.5215239387666
4,IDONTWANT,51,270,852.5215239387666
4,IDONTWANT,51,289,852.5215239387666
4,IDONTWANT,724,570,853.2177234201351
4,IDONTWANT,724,59,853.2177234201351
4,IDONTWANT,724,495,853.2177234201351
4,IDONTWANT,724,478,853.2177234201351
4,IDONTWANT,382,939,853.2553111706374
4,IDONTWANT,382,825,853.2553111706374
4,IDONTWANT,382,650,853.2553111706374
4,IDONTWANT,382,970,853.2553111706374
4,IDONTWANT,858,122,854.0919455746927
4,IDONTWANT,858,723,854.0919455746927
4,IDONTWANT,858,983,854.0919455746927
4,IDONTWANT,858,92,854.0919455746927
4,IDONTWANT,478,799,854.9785870204277
4,IDONTWANT,478,839,854.9785870204277
4,IDONTWANT,478,469,854.9785870204277
4,IDONTWANT,478,857,854.9785870204277
4,IDONTWANT,383,966,855.1979444231507
4,IDONTWANT,383,66,855.1979444231507
4,IDONTWANT,383,24,855.1979444231507
4,IDONTWANT,383,846,855.1979444231507
4,IDONTWANT,817,943,856.0246151231872
4,IDONTWANT,817,836,856.0246151231872
4,IDONTWANT,817,781,856.0246151231872
4,IDONTWANT,817,909,856.0246151231872
4,IDONTWANT,222,824,856.4823255316182
4,IDONTWANT,222,16,856.4823255316182
4,IDONTWANT,222,847,856.4823255316182
4,IDONTWANT,222,703,856.4823255316182
4,IDONTWANT,302,276,856.7428228952567
4,IDONTWANT,302,347,856.7428228952567
4,IDONTWANT,302,771,856.7428228952567
4,IDONTWANT,302,63,856.7428228952567
4,IDONTWANT,639,999,857.9485549811058
4,IDONTWANT,639,978,857.9485549811058
4,IDONTWANT,639,747,857.9485549811058
4,IDONTWANT,639,104,857.9485549811058
4,IDONTWANT,745,848,858.2582592590294
4,IDONTWANT,745,505,858.2582592590294
4,IDONTWANT,745,413,858.2582592590294
4,IDONTWANT,745,341,858.2582592590294
4,IDONTWANT,658,442,858.2798304305225
4,IDONTWANT,658,320,858.2798304305225
4,IDONTWANT,658,266,858.2798304305225
4,IDONTWANT,658,643,858.2798304305225
4,IDONTWANT,584,901,859.1146464349478
4,IDONTWANT,584,889,859.1146464349478
4,IDONTWANT,584,774,859.1146464349478
4,IDONTWANT,584,937,859.1146464349478
4,IDONTWANT,842,647,859.7802080762432
4,IDONTWANT,842,474,859.7802080762432
4,IDONTWANT,842,806,859.7802080762432
4,IDONTWANT,842,83,859.7802080762432
4,IDONTWANT,589,89,862.1553973114707
4,IDONTWANT,589,845,862.1553973114707
4,IDONTWANT,589,770,862.1553973114707
4,IDONTWANT,589,647,862.1553973114707
4,IDONTWANT,824,566,862.2000360642364
4,IDONTWANT,824,496,862.2000360642364
4,IDONTWANT,824,816,862.2000360642364
4,IDONTWANT,824,390,862.2000360642364
4,IDONTWANT,207,795,863.3880499349561
4,IDONTWANT,207,5,863.3880499349561
4,IDONTWANT,207,93,863.3880499349561
4,IDONTWANT,207,271,863.3880499349561
4,IDONTWANT,984,604,863.4033452761561
4,IDONTWANT,984,546,863.4033452761561
4,IDONTWANT,984,954,863.4033452761561
4,IDONTWANT,984,151,863.4033452761561
4,IDONTWANT,381,3,865.1728422469739
4,IDONTWANT,381,739,865.1728422469739
4,IDONTWANT,381,774,865.1728422469739
4,IDONTWANT,381,610,865.1728422469739
4,IDONTWANT,379,268,865.4079986194239
4,IDONTWANT,379,765,865.4079986194239
4,IDONTWANT,379,734,865.4079986194239
4,IDONTWANT,379,707,865.4079986194239
4,IDONTWANT,536,662,865.9950049612486
4,IDONTWANT,536,593,865.9950049612486
4,IDONTWANT,536,454,865.9950049612486
4,IDONTWANT,536,617,865.9950049612486
4,IDONTWANT,154,94,866.1623063602243
4,IDONTWANT,154,740,866.1623063602243
4,IDONTWANT,154,375,866.1623063602243
4,IDONTWANT,154,19,866.1623063602243
4,IDONTWANT,717,924,866.5899303917456
4,IDONTWANT,717,916,866.5899303917456
4,IDONTWANT,717,561,866.5899303917456
4,IDONTWANT,717,807,866.5899303917456
4,IDONTWANT,692,654,867.9343898720101
4,IDONTWANT,692,851,867.9343898720101
4,IDONTWANT,692,839,867.9343898720101
4,IDONTWANT,692,815,867.9343898720101
4,IDONTWANT,634,721,868.3467492587956
4,IDONTWANT,634,847,868.3467492587956
4,IDONTWANT,634,864,868.3467492587956
4,IDONTWANT,634,632,868.3467492587956
4,IDONTWANT,578,31,868.3686242856605
4,IDONTWANT,578,42,868.3686242856605
4,IDONTWANT,578,141,868.3686242856605
4,IDONTWANT,578,710,868.3686242856605
4,IDONTWANT,931,456,868.4803616966833
4,IDONTWANT,931,992,868.4803616966833
4,IDONTWANT,931,528,868.4803616966833
4,IDONTWANT,931,73,868.4803616966833
4,IDONTWANT,899,573,868.8017984751873
4,IDONTWANT,899,488,868.8017984751873
4,IDONTWANT,899,855,868.8017984751873
4,IDONTWANT,899,293,868.8017984751873
4,IDONTWANT,327,101,868.9123515772893
4,IDONTWANT,327,72,868.9123515772893
4,IDONTWANT,327,307,868.9123515772893
4,IDONTWANT,327,538,868.9123515772893
4,IDONTWANT,268,731,869.6009274469488
4,IDONTWANT,268,12,869.6009274469488
4,IDONTWANT,268,924,869.6009274469488
4,IDONTWANT,268,758,869.6009274469488
4,IDONTWANT,776,396,869.7884589307006
4,IDONTWANT,776,608,869.7884589307006
4,IDONTWANT,776,606,869.7884589307006
4,IDONTWANT,776,961,869.7884589307006
4,IDONTWANT,597,617,870.253070606866
4,IDONTWANT,597,515,870.253070606866
4,IDONTWANT,597,487,870.253070606866
4,IDONTWANT,597,872,870.253070606866
4,IDONTWANT,262,504,870.723297026539
4,IDONTWANT,262,698,870.723297026539
4,IDONTWANT,262,462,870.723297026539
4,IDONTWANT,262,416,870.723297026539
4,IDONTWANT,539,45,871.219362758597
4,IDONTWANT,539,63,871.219362758597
4,IDONTWANT,539,545,871.219362758597
4,IDONTWANT,539,25,871.219362758597
4,IDONTWANT,801,990,872.0729450128802
4,IDONTWANT,801,817,872.0729450128802
4,IDONTWANT,801,119,872.0729450128802
4,IDONTWANT,801,371,872.0729450128802
4,IDONTWANT,860,656,872.1302648703177
4,IDONTWANT,860,91,872.1302648703177
4,IDONTWANT,860,980,872.1302648703177
4,IDONTWANT,860,943,872.1302648703177
4,IDONTWANT,595,49,872.3227188576268
4,IDONTWANT,595,733,872.3227188576268
4,IDONTWANT,595,779,872.3227188576268
4,IDONTWANT,595,376,872.3227188576268
4,IDONTWANT,26,776,872.5386540125123
4,IDONTWANT,26,351,872.5386540125123
4,IDONTWANT,26,156,872.5386540125123
4,IDONTWANT,26,956,872.5386540125123
4,IDONTWANT,225,236,873.5673377547098
4,IDONTWANT,225,87,873.5673377547098
4,IDONTWANT,225,31,873.5673377547098
4,IDONTWANT,225,42,873.5673377547098
4,IDONTWANT,473,315,873.5685355722806
4,IDONTWANT,473,597,873.5685355722806
4,IDONTWANT,473,255,873.5685355722806
4,IDONTWANT,473,435,873.5685355722806
4,IDONTWANT,349,191,873.8838584742351
4,IDONTWANT,349,918,873.8838584742351
4,IDONTWANT,349,228,873.8838584742351
4,IDONTWANT,349,497,873.8838584742351
4,IDONTWANT,938,525,874.0350199637343
4,IDONTWANT,938,26,874.0350199637343
4,IDONTWANT,938,543,874.0350199637343
4,IDONTWANT,938,823,874.0350199637343
4,IDONTWANT,131,791,874.4500031316027
4,IDONTWANT,131,100,874.4500031316027
4,IDONTWANT,131,520,874.4500031316027
4,IDONTWANT,131,464,874.4500031316027
4,IDONTWANT,966,255,874.5778634937712
4,IDONTWANT,966,891,874.5778634937712
4,IDONTWANT,966,432,874.5778634937712
4,IDONTWANT,966,679,874.5778634937712
4,IDONTWANT,301,764,874.936766669847
4,IDONTWANT,301,537,874.936766669847
4,IDONTWANT,301,215,874.936766669847
4,IDONTWANT,301,386,874.936766669847
4,IDONTWANT,998,166,875.667555343763
4,IDONTWANT,998,882,875.667555343763
4,IDONTWANT,998,974,875.667555343763
4,IDONTWANT,998,244,875.667555343763
4,IDONTWANT,14,106,876.1471517067331
4,IDONTWANT,14,596,876.1471517067331
4,IDONTWANT,14,585,876.1471517067331
4,IDONTWANT,14,655,876.1471517067331
4,IDONTWANT,613,510,877.2273850184929
4,IDONTWANT,613,169,877.2273850184929
4,IDONTWANT,613,112,877.2273850184929
4,IDONTWANT,613,962,877.2273850184929
4,IDONTWANT,594,359,877.5464961638345
4,IDONTWANT,594,262,877.5464961638345
4,IDONTWANT,594,953,877.5464961638345
4,IDONTWANT,594,289,877.5464961638345
4,IDONTWANT,120,431,878.5415842142331
4,IDONTWANT,120,847,878.5415842142331
4,IDONTWANT,120,940,878.5415842142331
4,IDONTWANT,120,900,878.5415842142331
4,IDONTWANT,259,721,879.1972005526875
4,IDONTWANT,259,374,879.1972005526875
4,IDONTWANT,259,236,879.1972005526875
4,IDONTWANT,259,510,879.1972005526875
4,IDONTWANT,352,403,879.1978277250118
4,IDONTWANT,352,55,879.1978277250118
4,IDONTWANT,352,218,879.1978277250118
4,IDONTWANT,352,24,879.1978277250118
4,IDONTWANT,288,757,879.3234619148309
4,IDONTWANT,288,669,879.3234619148309
4,IDONTWANT,288,266,879.3234619148309
4,IDONTWANT,288,416,879.3234619148309
4,IDONTWANT,698,436,879.8957708795851
4,IDONTWANT,698,695,879.8957708795851
4,IDONTWANT,698,190,879.8957708795851
4,IDONTWANT,698,493,879.8957708795851
4,IDONTWANT,775,457,880.8610351836875
4,IDONTWANT,775,68,880.8610351836875
4,IDONTWANT,775,14,880.8610351836875
4,IDONTWANT,775,696,880.8610351836875
4,IDONTWANT,552,672,882.4806796768872
4,IDONTWANT,552,463,882.4806796768872
4,IDONTWANT,552,179,882.4806796768872
4,IDONTWANT,552,231,882.4806796768872
4,IDONTWANT,119,598,883.2688953989477
4,IDONTWANT,119,835,883.2688953989477
4,IDONTWANT,119,926,883.2688953989477
4,IDONTWANT,119,530,883.2688953989477
4,IDONTWANT,946,590,883.2774921888587
4,IDONTWANT,946,475,883.2774921888587
4,IDONTWANT,946,535,883.2774921888587
4,IDONTWANT,946,244,883.2774921888587
4,IDONTWANT,955,168,883.3942754848144
4,IDONTWANT,955,971,883.3942754848144
4,IDONTWANT,955,845,883.3942754848144
4,IDONTWANT,955,18,883.3942754848144
4,IDONTWANT,299,206,883.9599568169566
4,IDONTWANT,299,909,883.9599568169566
4,IDONTWANT,299,20,883.9599568169566
4,IDONTWANT,299,768,883.9599568169566
4,IDONTWANT,697,722,884.2255451304279
4,IDONTWANT,697,385,884.2255451304279
4,IDONTWANT,697,704,884.2255451304279
4,IDONTWANT,697,259,884.2255451304279
4,IDONTWANT,739,346,884.7304846096109
4,IDONTWANT,739,96,884.7304846096109
4,IDONTWANT,739,883,884.7304846096109
4,IDONTWANT,739,674,884.7304846096109
4,IDONTWANT,250,320,885.0027175093188
4,IDONTWANT,250,87,885.0027175093188
4,IDONTWANT,250,959,885.0027175093188
4,IDONTWANT,250,485,885.0027175093188
4,IDONTWANT,855,469,885.0312146994485
4,IDONTWANT,855,498,885.0312146994485
4,IDONTWANT,855,970,885.0312146994485
4,IDONTWANT,855,866,885.0312146994485
4,IDONTWANT,897,525,885.2262157138499
4,IDONTWANT,897,58,885.2262157138499
4,IDONTWANT,897,646,885.2262157138499
4,IDONTWANT,897,917,885.2262157138499
4,IDONTWANT,995,341,885.4102216268758
4,IDONTWANT,995,226,885.4102216268758
4,IDONTWANT,995,193,885.4102216268758
4,IDONTWANT,995,524,885.4102216268758
4,IDONTWANT,617,97,885.9075244787412
4,IDONTWANT,617,410,885.9075244787412
4,IDONTWANT,617,951,885.9075244787412
4,IDONTWANT,617,404,885.9075244787412
4,IDONTWANT,772,581,885.9805120410133
4,IDONTWANT,772,534,885.9805120410133
4,IDONTWANT,772,40,885.9805120410133
4,IDONTWANT,772,845,885.9805120410133
4,IDONTWANT,635,158,886.1377568251877
4,IDONTWANT,635,741,886.1377568251877
4,IDONTWANT,635,159,886.1377568251877
4,IDONTWANT,635,999,886.1377568251877
4,IDONTWANT,244,136,887.2824468985044
4,IDONTWANT,244,12,887.2824468985044
4,IDONTWANT,244,494,887.2824468985044
4,IDONTWANT,244,62,887.2824468985044
4,IDONTWANT,874,331,887.6313860056672
4,IDONTWANT,874,380,887.6313860056672
4,IDONTWANT,874,263,887.6313860056672
4,IDONTWANT,874,399,887.6313860056672
4,IDONTWANT,321,87,887.706150673702
4,IDONTWANT,321,565,887.706150673702
4,IDONTWANT,321,796,887.706150673702
4,IDONTWANT,321,40,887.706150673702
4,IDONTWANT,308,662,887.9671402532881
4,IDONTWANT,308,457,887.9671402532881
4,IDONTWANT,308,443,887.9671402532881
4,IDONTWANT,308,977,887.9671402532881
4,IDONTWANT,449,587,889.4770292902497
4,IDONTWANT,449,638,889.4770292902497
4,IDONTWANT,449,950,889.4770292902497
4,IDONTWANT,449,379,889.4770292902497
4,IDONTWANT,54,976,889.7558562896693
4,IDONTWANT,54,129,889.7558562896693
4,IDONTWANT,54,708,889.7558562896693
4,IDONTWANT,54,880,889.7558562896693
4,IDONTWANT,453,392,890.0567435452707
4,IDONTWANT,453,503,890.0567435452707
4,IDONTWANT,453,772,890.0567435452707
4,IDONTWANT,453,825,890.0567435452707
4,IDONTWANT,978,124,890.2554469693064
4,IDONTWANT,978,532,890.2554469693064
4,IDONTWANT,978,13,890.2554469693064
4,IDONTWANT,978,444,890.2554469693064
4,IDONTWANT,699,2,890.5453569700313
4,IDONTWANT,699,825,890.5453569700313
4,IDONTWANT,699,740,890.5453569700313
4,IDONTWANT,699,819,890.5453569700313
4,IDONTWANT,402,472,890.6076154921195
4,IDONTWANT,402,636,890.6076154921195
4,IDONTWANT,402,913,890.6076154921195
4,IDONTWANT,402,691,890.6076154921195
4,IDONTWANT,596,933,890.8406023775676
4,IDONTWANT,596,328,890.8406023775676
4,IDONTWANT,596,788,890.8406023775676
4,IDONTWANT,596,988,890.8406023775676
4,IDONTWANT,971,993,891.0445336832144
4,IDONTWANT,971,406,891.0445336832144
4,IDONTWANT,971,795,891.0445336832144
4,IDONTWANT,971,959,891.0445336832144
4,IDONTWANT,868,525,891.4006102061941
4,IDONTWANT,868,726,891.4006102061941
4,IDONTWANT,868,757,891.4006102061941
4,IDONTWANT,868,662,891.4006102061941
4,IDONTWANT,203,904,892.025886481569
4,IDONTWANT,203,317,892.025886481569
4,IDONTWANT,203,224,892.025886481569
4,IDONTWANT,203,366,892.025886481569
4,IDONTWANT,279,780,892.3434046607867
4,IDONTWANT,279,647,892.3434046607867
4,IDONTWANT,279,410,892.3434046607867
4,IDONTWANT,279,936,892.3434046607867
4,IDONTWANT,723,847,894.0347556732995
4,IDONTWANT,723,142,894.0347556732995
4,IDONTWANT,723,484,894.0347556732995
4,IDONTWANT,723,504,894.0347556732995
4,IDONTWANT,554,39,894.5934281558433
4,IDONTWANT,554,126,894.5934281558433
4,IDONTWANT,554,343,894.5934281558433
4,IDONTWANT,554,913,894.5934281558433
4,IDONTWANT,165,152,895.8205154077957
4,IDONTWANT,165,550,895.8205154077957
4,IDONTWANT,165,942,895.8205154077957
4,IDONTWANT,165,528,895.8205154077957
4,IDONTWANT,923,288,896.492566678563
4,IDONTWANT,923,862,896.492566678563
4,IDONTWANT,923,654,896.492566678563
4,IDONTWANT,923,885,896.492566678563
4,IDONTWANT,178,186,897.3749579899062
4,IDONTWANT,178,207,897.3749579899062
4,IDONTWANT,178,955,897.3749579899062
4,IDONTWANT,178,320,897.3749579899062
4,IDONTWANT,811,316,897.8557265313779
4,IDONTWANT,811,598,897.8557265313779
4,IDONTWANT,811,438,897.8557265313779
4,IDONTWANT,811,910,897.8557265313779
4,IDONTWANT,661,730,898.5806256789693
4,IDONTWANT,661,644,898.5806256789693
4,IDONTWANT,661,160,898.5806256789693
4,IDONTWANT,661,256,898.5806256789693
4,IDONTWANT,708,648,898.5856461501783
4,IDONTWANT,708,596,898.5856461501783
4,IDONTWANT,708,15,898.5856461501783
4,IDONTWANT,708,673,898.5856461501783
4,IDONTWANT,348,975,898.8436546349348
4,IDONTWANT,348,639,898.8436546349348
4,IDONTWANT,348,508,898.8436546349348
4,IDONTWANT,348,625,898.8436546349348
4,IDONTWANT,406,581,899.5806633185513
4,IDONTWANT,406,274,899.5806633185513
4,IDONTWANT,406,381,899.5806633185513
4,IDONTWANT,406,260,899.5806633185513
4,IDONTWANT,696,803,900.5688822753896
4,IDONTWANT,696,872,900.5688822753896
4,IDONTWANT,696,235,900.5688822753896
4,IDONTWANT,696,273,900.5688822753896
4,IDONTWANT,427,750,900.7922190093996
4,IDONTWANT,427,668,900.7922190093996
4,IDONTWANT,427,936,900.7922190093996
4,IDONTWANT,427,208,900.7922190093996
4,IDONTWANT,284,891,901.2934761972232
4,IDONTWANT,284,294,901.2934761972232
4,IDONTWANT,284,498,901.2934761972232
4,IDONTWANT,284,50,901.2934761972232
4,IDONTWANT,660,248,901.7569123298158
4,IDONTWANT,660,802,901.7569123298158
4,IDONTWANT,660,409,901.7569123298158
4,IDONTWANT,660,731,901.7569123298158
4,IDONTWANT,465,160,901.9348076998407
4,IDONTWANT,465,392,901.9348076998407
4,IDONTWANT,465,367,901.9348076998407
4,IDONTWANT,465,126,901.9348076998407
4,IDONTWANT,803,822,902.1472669565746
4,IDONTWANT,803,427,902.1472669565746
4,IDONTWANT,803,488,902.1472669565746
4,IDONTWANT,803,394,902.1472669565746
4,IDONTWANT,233,676,902.7899737443089
4,IDONTWANT,233,539,902.7899737443089
4,IDONTWANT,233,67,902.7899737443089
4,IDONTWANT,233,764,902.7899737443089
4,IDONTWANT,573,217,903.3412297644833
4,IDONTWANT,573,400,903.3412297644833
4,IDONTWANT,573,638,903.3412297644833
4,IDONTWANT,573,600,903.3412297644833
4,IDONTWANT,401,177,903.6852791820211
4,IDONTWANT,401,239,903.6852791820211
4,IDONTWANT,401,136,903.6852791820211
4,IDONTWANT,401,427,903.6852791820211
4,IDONTWANT,857,612,903.8644127308424
4,IDONTWANT,857,655,903.8644127308424
4,IDONTWANT,857,406,903.8644127308424
4,IDONTWANT,857,945,903.8644127308424
4,IDONTWANT,965,981,904.0615376938989
4,IDONTWANT,965,696,904.0615376938989
4,IDONTWANT,965,956,904.0615376938989
4,IDONTWANT,965,361,904.0615376938989
4,IDONTWANT,543,964,905.6645327789944
4,IDONTWANT,543,201,905.6645327789944
4,IDONTWANT,543,145,905.6645327789944
4,IDONTWANT,543,423,905.6645327789944
4,IDONTWANT,625,772,906.6586662810784
4,IDONTWANT,625,619,906.6586662810784
4,IDONTWANT,625,662,906.6586662810784
4,IDONTWANT,625,34,906.6586662810784
4,IDONTWANT,195,167,907.0486215367016
4,IDONTWANT,195,56,907.0486215367016
4,IDONTWANT,195,86,907.0486215367016
4,IDONTWANT,195,682,907.0486215367016
4,IDONTWANT,961,343,908.3215128487892
4,IDONTWANT,961,732,908.3215128487892
4,IDONTWANT,961,446,908.3215128487892
4,IDONTWANT,961,863,908.3215128487892
4,IDONTWANT,269,297,908.38912653479
4,IDONTWANT,269,259,908.38912653479
4,IDONTWANT,269,382,908.38912653479
4,IDONTWANT,269,66,908.38912653479
4,IDONTWANT,499,607,908.5226398597229
4,IDONTWANT,499,269,908.5226398597229
4,IDONTWANT,499,631,908.5226398597229
4,IDONTWANT,499,519,908.5226398597229
4,IDONTWANT,526,229,909.0177783159767
4,IDONTWANT,526,423,909.0177783159767
4,IDONTWANT,526,598,909.0177783159767
4,IDONTWANT,526,308,909.0177783159767
4,IDONTWANT,448,826,909.081588458149
4,IDONTWANT,448,932,909.081588458149
4,IDONTWANT,448,406,909.081588458149
4,IDONTWANT,448,91,909.081588458149
4,IDONTWANT,443,445,909.1678528944062
4,IDONTWANT,443,924,909.1678528944062
4,IDONTWANT,443,160,909.1678528944062
4,IDONTWANT,443,433,909.1678528944062
4,IDONTWANT,865,964,909.2645710031655
4,IDONTWANT,865,360,909.2645710031655
4,IDONTWANT,865,60,909.2645710031655
4,IDONTWANT,865,925,909.2645710031655
4,IDONTWANT,285,934,910.4479524628277
4,IDONTWANT,285,950,910.4479524628277
4,IDONTWANT,285,564,910.4479524628277
4,IDONTWANT,285,130,910.4479524628277
4,IDONTWANT,577,353,910.7095695250292
4,IDONTWANT,577,145,910.7095695250292
4,IDONTWANT,577,718,910.7095695250292
4,IDONTWANT,577,29,910.7095695250292
4,IDONTWANT,590,648,911.2471903597815
4,IDONTWANT,590,294,911.2471903597815
4,IDONTWANT,590,488,911.2471903597815
4,IDONTWANT,590,102,911.2471903597815
4,IDONTWANT,746,515,912.2794224799463
4,IDONTWANT,746,278,912.2794224799463
4,IDONTWANT,746,894,912.2794224799463
4,IDONTWANT,746,518,912.2794224799463
4,IDONTWANT,748,504,913.2017849000778
4,IDONTWANT,748,811,913.2017849000778
4,IDONTWANT,748,120,913.2017849000778
4,IDONTWANT,748,338,913.2017849000778
4,IDONTWANT,23,507,913.8013669027963
4,IDONTWANT,23,897,913.8013669027963
4,IDONTWANT,23,352,913.8013669027963
4,IDONTWANT,23,747,913.8013669027963
4,IDONTWANT,489,750,914.6891895610172
4,IDONTWANT,489,710,914.6891895610172
4,IDONTWANT,489,835,914.6891895610172
4,IDONTWANT,489,112,914.6891895610172
4,IDONTWANT,462,630,915.4327429002842
4,IDONTWANT,462,867,915.4327429002842
4,IDONTWANT,462,200,915.4327429002842
4,IDONTWANT,462,850,915.4327429002842
4,IDONTWANT,993,310,915.6938960006893
4,IDONTWANT,993,627,915.6938960006893
4,IDONTWANT,993,489,915.6938960006893
4,IDONTWANT,993,480,915.6938960006893
4,IDONTWANT,454,812,915.7917518928928
4,IDONTWANT,454,991,915.7917518928928
4,IDONTWANT,454,825,915.7917518928928
4,IDONTWANT,454,202,915.7917518928928
4,IDONTWANT,873,776,916.1367576689335
4,IDONTWANT,873,668,916.1367576689335
4,IDONTWANT,873,107,916.1367576689335
4,IDONTWANT,873,482,916.1367576689335
4,IDONTWANT,114,258,918.6834631217234
4,IDONTWANT,114,218,918.6834631217234
4,IDONTWANT,114,300,918.6834631217234
4,IDONTWANT,114,514,918.6834631217234
4,IDONTWANT,70,500,919.1931171645633
4,IDONTWANT,70,478,919.1931171645633
4,IDONTWANT,70,492,919.1931171645633
4,IDONTWANT,70,496,919.1931171645633
4,IDONTWANT,243,710,919.9541247619544
4,IDONTWANT,243,312,919.9541247619544
4,IDONTWANT,243,637,919.9541247619544
4,IDONTWANT,243,582,919.9541247619544
4,IDONTWANT,127,334,921.7361014632588
4,IDONTWANT,127,699,921.7361014632588
4,IDONTWANT,127,531,921.7361014632588
4,IDONTWANT,127,544,921.7361014632588
4,IDONTWANT,358,195,922.3104680300597
4,IDONTWANT,358,189,922.3104680300597
4,IDONTWANT,358,669,922.3104680300597
4,IDONTWANT,358,959,922.3104680300597
4,IDONTWANT,668,108,922.785502119141
4,IDONTWANT,668,39,922.785502119141
4,IDONTWANT,668,257,922.785502119141
4,IDONTWANT,668,556,922.785502119141
4,IDONTWANT,230,502,922.8068520669717
4,IDONTWANT,230,271,922.8068520669717
4,IDONTWANT,230,3,922.8068520669717
4,IDONTWANT,230,468,922.8068520669717
4,IDONTWANT,184,565,923.0843135273274
4,IDONTWANT,184,195,923.0843135273274
4,IDONTWANT,184,527,923.0843135273274
4,IDONTWANT,184,487,923.0843135273274
4,IDONTWANT,186,675,923.233621284983
4,IDONTWANT,186,839,923.233621284983
4,IDONTWANT,186,666,923.233621284983
4,IDONTWANT,186,443,923.233621284983
4,IDONTWANT,215,738,923.6470113582832
4,IDONTWANT,215,507,923.6470113582832
4,IDONTWANT,215,153,923.6470113582832
4,IDONTWANT,215,291,923.6470113582832
4,IDONTWANT,177,993,924.6758552482794
4,IDONTWANT,177,165,924.6758552482794
4,IDONTWANT,177,269,924.6758552482794
4,IDONTWANT,177,51,924.6758552482794
4,IDONTWANT,726,252,924.8019120608772
4,IDONTWANT,726,510,924.8019120608772
4,IDONTWANT,726,168,924.8019120608772
4,IDONTWANT,726,552,924.8019120608772
4,IDONTWANT,912,863,924.9044572715587
4,IDONTWANT,912,184,924.9044572715587
4,IDONTWANT,912,534,924.9044572715587
4,IDONTWANT,912,788,924.9044572715587
4,IDONTWANT,409,157,925.1061225900593
4,IDONTWANT,409,288,925.1061225900593
4,IDONTWANT,409,906,925.1061225900593
4,IDONTWANT,409,930,925.1061225900593
4,IDONTWANT,369,382,925.9480517798359
4,IDONTWANT,369,555,925.9480517798359
4,IDONTWANT,369,942,925.9480517798359
4,IDONTWANT,369,458,925.9480517798359
4,IDONTWANT,682,643,926.6618430236623
4,IDONTWANT,682,716,926.6618430236623
4,IDONTWANT,682,692,926.6618430236623
4,IDONTWANT,682,360,926.6618430236623
4,IDONTWANT,715,171,927.2329981445441
4,IDONTWANT,715,624,927.2329981445441
4,IDONTWANT,715,913,927.2329981445441
4,IDONTWANT,715,704,927.2329981445441
4,IDONTWANT,805,278,928.263090237181
4,IDONTWANT,805,803,928.263090237181
4,IDONTWANT,805,772,928.263090237181
4,IDONTWANT,805,580,928.263090237181
4,IDONTWANT,416,937,928.5433842320879
4,IDONTWANT,416,382,928.5433842320879
4,IDONTWANT,416,41,928.5433842320879
4,IDONTWANT,416,898,928.5433842320879
4,IDONTWANT,317,229,928.8593062238194
4,IDONTWANT,317,158,928.8593062238194
4,IDONTWANT,317,155,928.8593062238194
4,IDONTWANT,317,535,928.8593062238194
4,IDONTWANT,60,107,928.8620596070339
4,IDONTWANT,60,494,928.8620596070339
4,IDONTWANT,60,650,928.8620596070339
4,IDONTWANT,60,411,928.8620596070339
4,IDONTWANT,209,601,928.8771217006104
4,IDONTWANT,209,42,928.8771217006104
4,IDONTWANT,209,404,928.8771217006104
4,IDONTWANT,209,23,928.8771217006104
4,IDONTWANT,474,398,929.7033977654214
4,IDONTWANT,474,675,929.7033977654214
4,IDONTWANT,474,376,929.7033977654214
4,IDONTWANT,474,457,929.7033977654214
4,IDONTWANT,322,1,931.2674805891425
4,IDONTWANT,322,802,931.2674805891425
4,IDONTWANT,322,128,931.2674805891425
4,IDONTWANT,322,238,931.2674805891425
4,IDONTWANT,925,419,932.9189207010256
4,IDONTWANT,925,933,932.9189207010256
4,IDONTWANT,925,781,932.9189207010256
4,IDONTWANT,925,488,932.9189207010256
4,IDONTWANT,569,480,934.0635743423577
4,IDONTWANT,569,483,934.0635743423577
4,IDONTWANT,569,860,934.0635743423577
4,IDONTWANT,569,543,934.0635743423577
4,IDONTWANT,313,502,934.129351405946
4,IDONTWANT,313,0,934.129351405946
4,IDONTWANT,313,74,934.129351405946
4,IDONTWANT,313,401,934.129351405946
4,IDONTWANT,790,570,934.2408083191841
4,IDONTWANT,790,726,934.2408083191841
4,IDONTWANT,790,510,934.2408083191841
4,IDONTWANT,790,471,934.2408083191841
4,IDONTWANT,887,488,934.7128663683616
4,IDONTWANT,887,118,934.7128663683616
4,IDONTWANT,887,643,934.7128663683616
4,IDONTWANT,887,374,934.7128663683616
4,IDONTWANT,940,991,934.8864820981239
4,IDONTWANT,940,90,934.8864820981239
4,IDONTWANT,940,229,934.8864820981239
4,IDONTWANT,940,633,934.8864820981239
4,IDONTWANT,424,635,935.1846605208037
4,IDONTWANT,424,358,935.1846605208037
4,IDONTWANT,424,222,935.1846605208037
4,IDONTWANT,424,38,935.1846605208037
4,IDONTWANT,366,365,935.2772042503983
4,IDONTWANT,366,788,935.2772042503983
4,IDONTWANT,366,842,935.2772042503983
4,IDONTWANT,366,316,935.2772042503983
4,IDONTWANT,621,438,935.7824215035407
4,IDONTWANT,621,923,935.7824215035407
4,IDONTWANT,621,558,935.7824215035407
4,IDONTWANT,621,513,935.7824215035407
4,IDONTWANT,728,164,936.8206943757677
4,IDONTWANT,728,861,936.8206943757677
4,IDONTWANT,728,328,936.8206943757677
4,IDONTWANT,728,479,936.8206943757677
4,IDONTWANT,541,59,939.1445937119588
4,IDONTWANT,541,934,939.1445937119588
4,IDONTWANT,541,798,939.1445937119588
4,IDONTWANT,541,107,939.1445937119588
4,IDONTWANT,92,82,939.3953494195217
4,IDONTWANT,92,226,939.3953494195217
4,IDONTWANT,92,105,939.3953494195217
4,IDONTWANT,92,233,939.3953494195217
4,IDONTWANT,863,989,943.8043051962167
4,IDONTWANT,863,240,943.8043051962167
4,IDONTWANT,863,738,943.8043051962167
4,IDONTWANT,863,227,943.8043051962167
4,IDONTWANT,591,135,943.995826469034
4,IDONTWANT,591,100,943.995826469034
4,IDONTWANT,591,811,943.995826469034
4,IDONTWANT,591,776,943.995826469034
4,IDONTWANT,179,644,944.3557047106424
4,IDONTWANT,179,313,944.3557047106424
4,IDONTWANT,179,544,944.3557047106424
4,IDONTWANT,179,778,944.3557047106424
4,IDONTWANT,922,530,945.3429432293369
4,IDONTWANT,922,830,945.3429432293369
4,IDONTWANT,922,355,945.3429432293369
4,IDONTWANT,922,343,945.3429432293369
4,IDONTWANT,33,968,946.0880794962399
4,IDONTWANT,33,277,946.0880794962399
4,IDONTWANT,33,486,946.0880794962399
4,IDONTWANT,33,714,946.0880794962399
4,IDONTWANT,864,176,946.3134281378104
4,IDONTWANT,864,39,946.3134281378104
4,IDONTWANT,864,965,946.3134281378104
4,IDONTWANT,864,262,946.3134281378104
4,IDONTWANT,757,808,946.3886528717823
4,IDONTWANT,757,512,946.3886528717823
4,IDONTWANT,757,932,946.3886528717823
4,IDONTWANT,757,556,946.3886528717823
4,IDONTWANT,492,815,950.0039182983178
4,IDONTWANT,492,169,950.0039182983178
4,IDONTWANT,492,703,950.0039182983178
4,IDONTWANT,492,808,950.0039182983178
4,IDONTWANT,888,146,950.7716628926996
4,IDONTWANT,888,339,950.7716628926996
4,IDONTWANT,888,226,950.7716628926996
4,IDONTWANT,888,753,950.7716628926996
4,IDONTWANT,900,122,951.0541932257903
4,IDONTWANT,900,263,951.0541932257903
4,IDONTWANT,900,772,951.0541932257903
4,IDONTWANT,900,206,951.0541932257903
4,IDONTWANT,116,266,951.1602879844495
4,IDONTWANT,116,558,951.1602879844495
4,IDONTWANT,116,430,951.1602879844495
4,IDONTWANT,116,855,951.1602879844495
4,IDONTWANT,501,203,952.6352074129463
4,IDONTWANT,501,186,952.6352074129463
4,IDONTWANT,501,413,952.6352074129463
4,IDONTWANT,501,165,952.6352074129463
4,IDONTWANT,102,995,953.3716330783928
4,IDONTWANT,102,740,953.3716330783928
4,IDONTWANT,102,406,953.3716330783928
4,IDONTWANT,102,475,953.3716330783928
4,IDONTWANT,924,969,954.0276683064234
4,IDONTWANT,924,504,954.0276683064234
4,IDONTWANT,924,92,954.0276683064234
4,IDONTWANT,924,15,954.0276683064234
4,IDONTWANT,281,208,955.8775656547805
4,IDONTWANT,281,737,955.8775656547805
4,IDONTWANT,281,82,955.8775656547805
4,IDONTWANT,281,50,955.8775656547805
4,IDONTWANT,128,569,957.8366287569359
4,IDONTWANT,128,495,957.8366287569359
4,IDONTWANT,128,804,957.8366287569359
4,IDONTWANT,128,796,957.8366287569359
4,IDONTWANT,339,948,957.8804947324251
4,IDONTWANT,339,380,957.8804947324251
4,IDONTWANT,339,232,957.8804947324251
4,IDONTWANT,339,505,957.8804947324251
4,IDONTWANT,440,885,958.3615681674546
4,IDONTWANT,440,786,958.3615681674546
4,IDONTWANT,440,822,958.3615681674546
4,IDONTWANT,440,372,958.3615681674546
4,IDONTWANT,426,208,958.4041899603747
4,IDONTWANT,426,261,958.4041899603747
4,IDONTWANT,426,39,958.4041899603747
4,IDONTWANT,426,614,958.4041899603747
4,IDONTWANT,780,155,959.7622203010136
4,IDONTWANT,780,641,959.7622203010136
4,IDONTWANT,780,15,959.7622203010136
4,IDONTWANT,780,437,959.7622203010136
4,IDONTWANT,680,391,960.9781319515813
4,IDONTWANT,680,409,960.9781319515813
4,IDONTWANT,680,62,960.9781319515813
4,IDONTWANT,680,13,960.9781319515813
4,IDONTWANT,360,319,963.185976888476
4,IDONTWANT,360,681,963.185976888476
4,IDONTWANT,360,743,963.185976888476
4,IDONTWANT,360,388,963.185976888476
4,IDONTWANT,944,715,964.3372518381843
4,IDONTWANT,944,756,964.3372518381843
4,IDONTWANT,944,199,964.3372518381843
4,IDONTWANT,944,267,964.3372518381843
4,IDONTWANT,642,814,965.6786960029995
4,IDONTWANT,642,309,965.6786960029995
4,IDONTWANT,642,751,965.6786960029995
4,IDONTWANT,642,304,965.6786960029995
4,IDONTWANT,388,951,966.7353751218419
4,IDONTWANT,388,509,966.7353751218419
4,IDONTWANT,388,187,966.7353751218419
4,IDONTWANT,388,8,966.7353751218419
4,IDONTWANT,201,985,966.8048203422338
4,IDONTWANT,201,337,966.8048203422338
4,IDONTWANT,201,996,966.8048203422338
4,IDONTWANT,201,561,966.8048203422338
4,IDONTWANT,59,402,967.2024533828217
4,IDONTWANT,59,408,967.2024533828217
4,IDONTWANT,59,409,967.2024533828217
4,IDONTWANT,59,404,967.2024533828217
4,IDONTWANT,503,335,967.8333987061952
4,IDONTWANT,503,917,967.8333987061952
4,IDONTWANT,503,385,967.8333987061952
4,IDONTWANT,503,172,967.8333987061952
4,IDONTWANT,644,654,969.4276910640065
4,IDONTWANT,644,934,969.4276910640065
4,IDONTWANT,644,109,969.4276910640065
4,IDONTWANT,644,287,969.4276910640065
4,IDONTWANT,17,634,970.5464289687759
4,IDONTWANT,17,211,970.5464289687759
4,IDONTWANT,17,509,970.5464289687759
4,IDONTWANT,17,697,970.5464289687759
4,IDONTWANT,909,293,971.7376685759971
4,IDONTWANT,909,190,971.7376685759971
4,IDONTWANT,909,368,971.7376685759971
4,IDONTWANT,909,445,971.7376685759971
4,IDONTWANT,343,757,973.4783224572366
4,IDONTWANT,343,866,973.4783224572366
4,IDONTWANT,343,517,973.4783224572366
4,IDONTWANT,343,69,973.4783224572366
4,IDONTWANT,441,660,973.7014146725414
4,IDONTWANT,441,201,973.7014146725414
4,IDONTWANT,441,400,973.7014146725414
4,IDONTWANT,441,746,973.7014146725414
4,IDONTWANT,435,669,973.7264123944543
4,IDONTWANT,435,167,973.7264123944543
4,IDONTWANT,435,407,973.7264123944543
4,IDONTWANT,435,713,973.7264123944543
4,IDONTWANT,833,533,976.2015269233576
4,IDONTWANT,833,919,976.2015269233576
4,IDONTWANT,833,265,976.2015269233576
4,IDONTWANT,833,907,976.2015269233576
4,IDONTWANT,788,711,976.4711378637351
4,IDONTWANT,788,877,976.4711378637351
4,IDONTWANT,788,148,976.4711378637351
4,IDONTWANT,788,747,976.4711378637351
4,IDONTWANT,638,335,980.225476616758
4,IDONTWANT,638,979,980.225476616758
4,IDONTWANT,638,193,980.225476616758
4,IDONTWANT,638,264,980.225476616758
4,IDONTWANT,13,574,984.5369928810112
4,IDONTWANT,13,836,984.5369928810112
4,IDONTWANT,13,699,984.5369928810112
4,IDONTWANT,13,186,984.5369928810112
4,IDONTWANT,296,249,986.3258085936557
4,IDONTWANT,296,92,986.3258085936557
4,IDONTWANT,296,178,986.3258085936557
4,IDONTWANT,296,351,986.3258085936557
4,IDONTWANT,667,852,987.4740393930539
4,IDONTWANT,667,501,987.4740393930539
4,IDONTWANT,667,930,987.4740393930539
4,IDONTWANT,667,999,987.4740393930539
4,IDONTWANT,437,314,989.3901973672282
4,IDONTWANT,437,427,989.3901973672282
4,IDONTWANT,437,977,989.3901973672282
4,IDONTWANT,437,52,989.3901973672282
4,IDONTWANT,336,22,993.9823124526474
4,IDONTWANT,336,198,993.9823124526474
4,IDONTWANT,336,511,993.9823124526474
4,IDONTWANT,336,907,993.9823124526474
4,IDONTWANT,606,769,995.0119898013206
4,IDONTWANT,606,55,995.0119898013206
4,IDONTWANT,606,4,995.0119898013206
4,IDONTWANT,606,356,995.0119898013206
4,IDONTWANT,192,415,998.0251857564999
4,IDONTWANT,192,356,998.0251857564999
4,IDONTWANT,192,55,998.0251857564999
4,IDONTWANT,192,858,998.0251857564999
4,IDONTWANT,540,415,999.7497769157483
4,IDONTWANT,540,190,999.7497769157483
4,IDONTWANT,540,243,999.7497769157483
4,IDONTWANT,540,163,999.7497769157483
4,IDONTWANT,646,34,1000.8754879919209
4,IDONTWANT,646,12,1000.8754879919209
4,IDONTWANT,646,408,1000.8754879919209
4,IDONTWANT,646,875,1000.8754879919209
4,IDONTWANT,954,586,1001.7790246950569
4,IDONTWANT,954,473,1001.7790246950569
4,IDONTWANT,954,764,1001.7790246950569
4,IDONTWANT,954,406,1001.7790246950569
4,IDONTWANT,80,172,1002.2799023295013
4,IDONTWANT,80,365,1002.2799023295013
4,IDONTWANT,80,791,1002.2799023295013
4,IDONTWANT,80,229,1002.2799023295013
4,IDONTWANT,837,825,1002.6894928059212
4,IDONTWANT,837,717,1002.6894928059212
4,IDONTWANT,837,296,1002.6894928059212
4,IDONTWANT,837,371,1002.6894928059212
4,IDONTWANT,814,239,1002.8104163552862
4,IDONTWANT,814,827,1002.8104163552862
4,IDONTWANT,814,462,1002.8104163552862
4,IDONTWANT,814,290,1002.8104163552862
4,IDONTWANT,737,920,1004.2156193540734
4,IDONTWANT,737,147,1004.2156193540734
4,IDONTWANT,737,34,1004.2156193540734
4,IDONTWANT,737,218,1004.2156193540734
4,IDONTWANT,677,401,1004.8530745300981
4,IDONTWANT,677,526,1004.8530745300981
4,IDONTWANT,677,782,1004.8530745300981
4,IDONTWANT,677,956,1004.8530745300981
4,IDONTWANT,871,962,1005.6357907594656
4,IDONTWANT,871,203,1005.6357907594656
4,IDONTWANT,871,693,1005.6357907594656
4,IDONTWANT,871,766,1005.6357907594656
4,IDONTWANT,956,961,1007.025219565961
4,IDONTWANT,956,650,1007.025219565961
4,IDONTWANT,956,398,1007.025219565961
4,IDONTWANT,956,710,1007.025219565961
4,IDONTWANT,354,53,1007.3178914502216
4,IDONTWANT,354,727,1007.3178914502216
4,IDONTWANT,354,61,1007.3178914502216
4,IDONTWANT,354,188,1007.3178914502216
4,IDONTWANT,735,954,1008.8554535403564
4,IDONTWANT,735,338,1008.8554535403564
4,IDONTWANT,735,829,1008.8554535403564
4,IDONTWANT,735,96,1008.8554535403564
4,IDONTWANT,367,842,1019.1339179820164
4,IDONTWANT,367,824,1019.1339179820164
4,IDONTWANT,367,443,1019.1339179820164
4,IDONTWANT,367,89,1019.1339179820164
4,IDONTWANT,420,381,1019.8807063235115
4,IDONTWANT,420,525,1019.8807063235115
4,IDONTWANT,420,887,1019.8807063235115
4,IDONTWANT,420,182,1019.8807063235115
4,IDONTWANT,212,874,1020.8064619549638
4,IDONTWANT,212,769,1020.8064619549638
4,IDONTWANT,212,158,1020.8064619549638
4,IDONTWANT,212,674,1020.8064619549638
4,IDONTWANT,853,85,1021.135993975795
4,IDONTWANT,853,28,1021.135993975795
4,IDONTWANT,853,52,1021.135993975795
4,IDONTWANT,853,35,1021.135993975795
4,IDONTWANT,851,134,1023.8714298350226
4,IDONTWANT,851,260,1023.8714298350226
4,IDONTWANT,851,864,1023.8714298350226
4,IDONTWANT,851,38,1023.8714298350226
4,IDONTWANT,703,675,1023.91669041112
4,IDONTWANT,703,919,1023.91669041112
4,IDONTWANT,703,371,1023.91669041112
4,IDONTWANT,703,156,1023.91669041112
4,IDONTWANT,500,243,1025.7287089946653
4,IDONTWANT,500,326,1025.7287089946653
4,IDONTWANT,500,381,1025.7287089946653
4,IDONTWANT,500,37,1025.7287089946653
4,IDONTWANT,941,186,1029.2319265322237
4,IDONTWANT,941,171,1029.2319265322237
4,IDONTWANT,941,105,1029.2319265322237
4,IDONTWANT,941,319,1029.2319265322237
4,IDONTWANT,784,483,1033.3696517104252
4,IDONTWANT,784,18,1033.3696517104252
4,IDONTWANT,784,282,1033.3696517104252
4,IDONTWANT,784,736,1033.3696517104252
4,IDONTWANT,224,700,1034.420047034549
4,IDONTWANT,224,980,1034.420047034549
4,IDONTWANT,224,710,1034.420047034549
4,IDONTWANT,224,659,1034.420047034549
4,IDONTWANT,172,68,1036.393869042525
4,IDONTWANT,172,271,1036.393869042525
4,IDONTWANT,172,884,1036.393869042525
4,IDONTWANT,172,124,1036.393869042525
4,IDONTWANT,557,272,1037.1320524021073
4,IDONTWANT,557,652,1037.1320524021073
4,IDONTWANT,557,568,1037.1320524021073
4,IDONTWANT,557,696,1037.1320524021073
4,IDONTWANT,890,566,1037.3875720232993
4,IDONTWANT,890,911,1037.3875720232993
4,IDONTWANT,890,148,1037.3875720232993
4,IDONTWANT,890,449,1037.3875720232993
4,IDONTWANT,407,756,1038.6238147529418
4,IDONTWANT,407,266,1038.6238147529418
4,IDONTWANT,407,203,1038.6238147529418
4,IDONTWANT,407,450,1038.6238147529418
4,IDONTWANT,755,194,1040.4784900729348
4,IDONTWANT,755,842,1040.4784900729348
4,IDONTWANT,755,944,1040.4784900729348
4,IDONTWANT,755,486,1040.4784900729348
4,IDONTWANT,234,755,1041.8158373363403
4,IDONTWANT,234,486,1041.8158373363403
4,IDONTWANT,234,259,1041.8158373363403
4,IDONTWANT,234,829,1041.8158373363403
4,IDONTWANT,829,600,1041.9534891312182
4,IDONTWANT,829,769,1041.9534891312182
4,IDONTWANT,829,9,1041.9534891312182
4,IDONTWANT,829,810,1041.9534891312182
4,IDONTWANT,777,675,1046.3737984716179
4,IDONTWANT,777,159,1046.3737984716179
4,IDONTWANT,777,486,1046.3737984716179
4,IDONTWANT,777,789,1046.3737984716179
4,IDONTWANT,586,252,1047.1179881603125
4,IDONTWANT,586,210,1047.1179881603125
4,IDONTWANT,586,208,1047.1179881603125
4,IDONTWANT,586,114,1047.1179881603125
4,IDONTWANT,807,636,1047.386607661957
4,IDONTWANT,807,998,1047.386607661957
4,IDONTWANT,807,666,1047.386607661957
4,IDONTWANT,807,720,1047.386607661957
4,IDONTWANT,910,41,1048.325690238415
4,IDONTWANT,910,934,1048.325690238415
4,IDONTWANT,910,418,1048.325690238415
4,IDONTWANT,910,223,1048.325690238415
4,IDONTWANT,275,152,1049.270543222264
4,IDONTWANT,275,255,1049.270543222264
4,IDONTWANT,275,995,1049.270543222264
4,IDONTWANT,275,272,1049.270543222264
4,IDONTWANT,794,905,1051.9372314040786
4,IDONTWANT,794,666,1051.9372314040786
4,IDONTWANT,794,703,1051.9372314040786
4,IDONTWANT,794,837,1051.9372314040786
4,IDONTWANT,670,975,1054.4615699732067
4,IDONTWANT,670,964,1054.4615699732067
4,IDONTWANT,670,204,1054.4615699732067
4,IDONTWANT,670,531,1054.4615699732067
4,IDONTWANT,450,755,1055.59850104269
4,IDONTWANT,450,517,1055.59850104269
4,IDONTWANT,450,175,1055.59850104269
4,IDONTWANT,450,149,1055.59850104269
4,IDONTWANT,841,383,1058.6230696462676
4,IDONTWANT,841,888,1058.6230696462676
4,IDONTWANT,841,108,1058.6230696462676
4,IDONTWANT,841,380,1058.6230696462676
4,IDONTWANT,83,831,1064.8095324582137
4,IDONTWANT,83,808,1064.8095324582137
4,IDONTWANT,83,777,1064.8095324582137
4,IDONTWANT,83,874,1064.8095324582137
4,IDONTWANT,602,579,1068.9816237147318
4,IDONTWANT,602,221,1068.9816237147318
4,IDONTWANT,602,732,1068.9816237147318
4,IDONTWANT,602,883,1068.9816237147318
4,IDONTWANT,228,572,1070.8371378134818
4,IDONTWANT,228,51,1070.8371378134818
4,IDONTWANT,228,643,1070.8371378134818
4,IDONTWANT,228,19,1070.8371378134818
4,IDONTWANT,548,49,1071.7676432965056
4,IDONTWANT,548,911,1071.7676432965056
4,IDONTWANT,548,742,1071.7676432965056
4,IDONTWANT,548,802,1071.7676432965056
4,IDONTWANT,139,951,1073.6774342123117
4,IDONTWANT,139,266,1073.6774342123117
4,IDONTWANT,139,945,1073.6774342123117
4,IDONTWANT,139,573,1073.6774342123117
4,IDONTWANT,877,146,1074.2324204888507
4,IDONTWANT,877,937,1074.2324204888507
4,IDONTWANT,877,693,1074.2324204888507
4,IDONTWANT,877,914,1074.2324204888507
4,IDONTWANT,482,452,1074.481894648711
4,IDONTWANT,482,517,1074.481894648711
4,IDONTWANT,482,523,1074.481894648711
4,IDONTWANT,482,673,1074.481894648711
4,IDONTWANT,38,356,1077.0455747112208
4,IDONTWANT,38,23,1077.0455747112208
4,IDONTWANT,38,964,1077.0455747112208
4,IDONTWANT,38,473,1077.0455747112208
4,IDONTWANT,694,779,1078.907000128067
4,IDONTWANT,694,561,1078.907000128067
4,IDONTWANT,694,665,1078.907000128067
4,IDONTWANT,694,128,1078.907000128067
4,IDONTWANT,9,591,1081.5124645619233
4,IDONTWANT,9,600,1081.5124645619233
4,IDONTWANT,9,407,1081.5124645619233
4,IDONTWANT,9,51,1081.5124645619233
4,IDONTWANT,679,652,1082.9107686392372
4,IDONTWANT,679,57,1082.9107686392372
4,IDONTWANT,679,258,1082.9107686392372
4,IDONTWANT,679,280,1082.9107686392372
4,IDONTWANT,30,322,1085.9050625575164
4,IDONTWANT,30,349,1085.9050625575164
4,IDONTWANT,30,712,1085.9050625575164
4,IDONTWANT,30,359,1085.9050625575164
4,IDONTWANT,782,124,1088.0148165325506
4,IDONTWANT,782,990,1088.0148165325506
4,IDONTWANT,782,880,1088.0148165325506
4,IDONTWANT,782,90,1088.0148165325506
4,IDONTWANT,361,860,1088.5159466009457
4,IDONTWANT,361,383,1088.5159466009457
4,IDONTWANT,361,339,1088.5159466009457
4,IDONTWANT,361,454,1088.5159466009457
4,IDONTWANT,330,1,1088.6334198331226
4,IDONTWANT,330,10,1088.6334198331226
4,IDONTWANT,330,551,1088.6334198331226
4,IDONTWANT,330,308,1088.6334198331226
4,IDONTWANT,265,861,1100.2303364649638
4,IDONTWANT,265,340,1100.2303364649638
4,IDONTWANT,265,1,1100.2303364649638
4,IDONTWANT,265,333,1100.2303364649638
4,IDONTWANT,676,467,1106.557417812815
4,IDONTWANT,676,215,1106.557417812815
4,IDONTWANT,676,701,1106.557417812815
4,IDONTWANT,676,188,1106.557417812815
4,IDONTWANT,151,853,1110.189588795793
4,IDONTWANT,151,230,1110.189588795793
4,IDONTWANT,151,166,1110.189588795793
4,IDONTWANT,151,724,1110.189588795793
4,IDONTWANT,413,102,1110.9257839539152
4,IDONTWANT,413,670,1110.9257839539152
4,IDONTWANT,413,476,1110.9257839539152
4,IDONTWANT,413,37,1110.9257839539152
4,IDONTWANT,25,121,1111.152353685201
4,IDONTWANT,25,525,1111.152353685201
4,IDONTWANT,25,429,1111.152353685201
4,IDONTWANT,25,169,1111.152353685201
4,IDONTWANT,113,846,1112.768652424806
4,IDONTWANT,113,895,1112.768652424806
4,IDONTWANT,113,217,1112.768652424806
4,IDONTWANT,113,28,1112.768652424806
4,IDONTWANT,329,267,1112.7692593926236
4,IDONTWANT,329,228,1112.7692593926236
4,IDONTWANT,329,810,1112.7692593926236
4,IDONTWANT,329,616,1112.7692593926236
4,IDONTWANT,691,987,1113.567003231381
4,IDONTWANT,691,149,1113.567003231381
4,IDONTWANT,691,361,1113.567003231381
4,IDONTWANT,691,682,1113.567003231381
4,IDONTWANT,292,212,1119.0100141761384
4,IDONTWANT,292,513,1119.0100141761384
4,IDONTWANT,292,928,1119.0100141761384
4,IDONTWANT,292,832,1119.0100141761384
4,IDONTWANT,71,320,1120.3917938617767
4,IDONTWANT,71,88,1120.3917938617767
4,IDONTWANT,71,148,1120.3917938617767
4,IDONTWANT,71,105,1120.3917938617767
4,IDONTWANT,456,44,1120.9755884166102
4,IDONTWANT,456,999,1120.9755884166102
4,IDONTWANT,456,935,1120.9755884166102
4,IDONTWANT,456,495,1120.9755884166102
4,IDONTWANT,742,215,1121.2258360466133
4,IDONTWANT,742,290,1121.2258360466133
4,IDONTWANT,742,445,1121.2258360466133
4,IDONTWANT,742,350,1121.2258360466133
4,IDONTWANT,513,83,1127.6897609691184
4,IDONTWANT,513,452,1127.6897609691184
4,IDONTWANT,513,235,1127.6897609691184
4,IDONTWANT,513,180,1127.6897609691184
4,IDONTWANT,572,585,1130.9925428617569
4,IDONTWANT,572,906,1130.9925428617569
4,IDONTWANT,572,315,1130.9925428617569
4,IDONTWANT,572,809,1130.9925428617569
4,IDONTWANT,607,502,1139.6136292762155
4,IDONTWANT,607,97,1139.6136292762155
4,IDONTWANT,607,503,1139.6136292762155
4,IDONTWANT,607,712,1139.6136292762155
4,IDONTWANT,24,460,1147.4838613628874
4,IDONTWANT,24,295,1147.4838613628874
4,IDONTWANT,24,624,1147.4838613628874
4,IDONTWANT,24,75,1147.4838613628874
4,IDONTWANT,182,823,1150.1649218538241
4,IDONTWANT,182,18,1150.1649218538241
4,IDONTWANT,182,257,1150.1649218538241
4,IDONTWANT,182,37,1150.1649218538241
4,IDONTWANT,686,821,1150.2521236093291
4,IDONTWANT,686,984,1150.2521236093291
4,IDONTWANT,686,401,1150.2521236093291
4,IDONTWANT,686,473,1150.2521236093291
4,IDONTWANT,895,502,1151.9839818989112
4,IDONTWANT,895,111,1151.9839818989112
4,IDONTWANT,895,325,1151.9839818989112
4,IDONTWANT,895,467,1151.9839818989112
4,IDONTWANT,732,77,1154.8148122193627
4,IDONTWANT,732,184,1154.8148122193627
4,IDONTWANT,732,652,1154.8148122193627
4,IDONTWANT,732,369,1154.8148122193627
4,IDONTWANT,869,779,1154.9000815082434
4,IDONTWANT,869,495,1154.9000815082434
4,IDONTWANT,869,57,1154.9000815082434
4,IDONTWANT,869,103,1154.9000815082434
4,IDONTWANT,325,642,1158.4686034998356
4,IDONTWANT,325,257,1158.4686034998356
4,IDONTWANT,325,541,1158.4686034998356
4,IDONTWANT,325,652,1158.4686034998356
4,IDONTWANT,387,441,1163.226658924486
4,IDONTWANT,387,835,1163.226658924486
4,IDONTWANT,387,506,1163.226658924486
4,IDONTWANT,387,135,1163.226658924486
4,IDONTWANT,57,922,1163.9791178665898
4,IDONTWANT,57,892,1163.9791178665898
4,IDONTWANT,57,799,1163.9791178665898
4,IDONTWANT,57,975,1163.9791178665898
4,IDONTWANT,791,685,1168.1599334032796
4,IDONTWANT,791,955,1168.1599334032796
4,IDONTWANT,791,912,1168.1599334032796
4,IDONTWANT,791,260,1168.1599334032796
4,IDONTWANT,921,861,1171.163424197731
4,IDONTWANT,921,738,1171.163424197731
4,IDONTWANT,921,939,1171.163424197731
4,IDONTWANT,921,56,1171.163424197731
4,IDONTWANT,245,498,1173.2280936580269
4,IDONTWANT,245,276,1173.2280936580269
4,IDONTWANT,245,996,1173.2280936580269
4,IDONTWANT,245,689,1173.2280936580269
4,IDONTWANT,876,172,1178.2454392855057
4,IDONTWANT,876,451,1178.2454392855057
4,IDONTWANT,876,244,1178.2454392855057
4,IDONTWANT,876,826,1178.2454392855057
4,IDONTWANT,736,522,1188.4120752686906
4,IDONTWANT,736,495,1188.4120752686906
4,IDONTWANT,736,496,1188.4120752686906
4,IDONTWANT,736,776,1188.4120752686906
4,IDONTWANT,110,819,1189.7555777834068
4,IDONTWANT,110,995,1189.7555777834068
4,IDONTWANT,110,744,1189.7555777834068
4,IDONTWANT,110,666,1189.7555777834068
4,IDONTWANT,117,135,1192.1932375909626
4,IDONTWANT,117,62,1192.1932375909626
4,IDONTWANT,117,932,1192.1932375909626
4,IDONTWANT,117,758,1192.1932375909626
4,IDONTWANT,770,441,1195.5258639885492
4,IDONTWANT,770,579,1195.5258639885492
4,IDONTWANT,770,657,1195.5258639885492
4,IDONTWANT,770,592,1195.5258639885492
4,IDONTWANT,75,975,1201.3964816149428
4,IDONTWANT,75,541,1201.3964816149428
4,IDONTWANT,75,371,1201.3964816149428
4,IDONTWANT,75,151,1201.3964816149428
4,IDONTWANT,556,866,1201.9624687221924
4,IDONTWANT,556,269,1201.9624687221924
4,IDONTWANT,556,729,1201.9624687221924
4,IDONTWANT,556,53,1201.9624687221924
4,IDONTWANT,231,817,1209.634072220922
4,IDONTWANT,231,71,1209.634072220922
4,IDONTWANT,231,767,1209.634072220922
4,IDONTWANT,231,955,1209.634072220922
4,IDONTWANT,522,135,1210.4962803037606
4,IDONTWANT,522,500,1210.4962803037606
4,IDONTWANT,522,232,1210.4962803037606
4,IDONTWANT,522,628,1210.4962803037606
4,IDONTWANT,533,411,1213.5717312037857
4,IDONTWANT,533,832,1213.5717312037857
4,IDONTWANT,533,270,1213.5717312037857
4,IDONTWANT,533,991,1213.5717312037857
4,IDONTWANT,985,450,1219.8458962144548
4,IDONTWANT,985,126,1219.8458962144548
4,IDONTWANT,985,523,1219.8458962144548
4,IDONTWANT,985,134,1219.8458962144548
4,IDONTWANT,883,457,1221.6407036185815
4,IDONTWANT,883,981,1221.6407036185815
4,IDONTWANT,883,99,1221.6407036185815
4,IDONTWANT,883,949,1221.6407036185815
4,IDONTWANT,337,691,1246.6366346504694
4,IDONTWANT,337,663,1246.6366346504694
4,IDONTWANT,337,431,1246.6366346504694
4,IDONTWANT,337,83,1246.6366346504694
4,IDONTWANT,612,219,1250.5978646993642
4,IDONTWANT,612,961,1250.5978646993642
4,IDONTWANT,612,717,1250.5978646993642
4,IDONTWANT,612,237,1250.5978646993642
4,IDONTWANT,619,432,1262.8875878199776
4,IDONTWANT,619,910,1262.8875878199776
4,IDONTWANT,619,662,1262.8875878199776
4,IDONTWANT,619,25,1262.8875878199776
4,IDONTWANT,720,80,1267.4539040424756
4,IDONTWANT,720,760,1267.4539040424756
4,IDONTWANT,720,860,1267.4539040424756
4,IDONTWANT,720,449,1267.4539040424756
4,IDONTWANT,850,607,1271.7643508398176
4,IDONTWANT,850,838,1271.7643508398176
4,IDONTWANT,850,623,1271.7643508398176
4,IDONTWANT,850,987,1271.7643508398176
4,IDONTWANT,306,869,1277.9742604153223
4,IDONTWANT,306,221,1277.9742604153223
4,IDONTWANT,306,94,1277.9742604153223
4,IDONTWANT,306,277,1277.9742604153223
4,IDONTWANT,291,171,1283.6539028997863
4,IDONTWANT,291,659,1283.6539028997863
4,IDONTWANT,291,165,1283.6539028997863
4,IDONTWANT,291,76,1283.6539028997863
4,IDONTWANT,350,428,1352.2586414240184
4,IDONTWANT,350,933,1352.2586414240184
4,IDONTWANT,350,682,1352.2586414240184
4,IDONTWANT,350,57,1352.2586414240184
4,IDONTWANT,219,752,1365.9908861907932
4,IDONTWANT,219,718,1365.9908861907932
4,IDONTWANT,219,832,1365.9908861907932
4,IDONTWANT,219,518,1365.9908861907932
4,IDONTWANT,493,739,1383.5331047588954
4,IDONTWANT,493,953,1383.5331047588954
4,IDONTWANT,493,226,1383.5331047588954
4,IDONTWANT,493,67,1383.5331047588954
4,IDONTWANT,987,591,1384.0461333862138
4,IDONTWANT,987,295,1384.0461333862138
4,IDONTWANT,987,280,1384.0461333862138
4,IDONTWANT,987,249,1384.0461333862138
4,IDONTWANT,216,742,1408.3674167283596
4,IDONTWANT,216,634,1408.3674167283596
4,IDONTWANT,216,659,1408.3674167283596
4,IDONTWANT,216,148,1408.3674167283596
4,IDONTWANT,220,142,1425.2374683139988
4,IDONTWANT,220,932,1425.2374683139988
4,IDONTWANT,220,537,1425.2374683139988
4,IDONTWANT,220,771,1425.2374683139988
4,IDONTWANT,444,116,1427.4793607336105
4,IDONTWANT,444,841,1427.4793607336105
4,IDONTWANT,444,92,1427.4793607336105
4,IDONTWANT,444,415,1427.4793607336105
4,IDONTWANT,8,643,1432.9946607486274
4,IDONTWANT,8,597,1432.9946607486274
4,IDONTWANT,8,971,1432.9946607486274
4,IDONTWANT,8,64,1432.9946607486274
4,IDONTWANT,106,477,1438.360444494348
4,IDONTWANT,106,826,1438.360444494348
4,IDONTWANT,106,672,1438.360444494348
4,IDONTWANT,106,150,1438.360444494348
4,IDONTWANT,744,847,1447.8118339548282
4,IDONTWANT,744,296,1447.8118339548282
4,IDONTWANT,744,299,1447.8118339548282
4,IDONTWANT,744,363,1447.8118339548282
4,IDONTWANT,551,935,1480.3245898092378
4,IDONTWANT,551,476,1480.3245898092378
4,IDONTWANT,551,82,1480.3245898092378
4,IDONTWANT,551,760,1480.3245898092378
4,IDONTWANT,553,107,1533.6464257172352
4,IDONTWANT,553,267,1533.6464257172352
4,IDONTWANT,553,237,1533.6464257172352
4,IDONTWANT,553,660,1533.6464257172352
4,IDONTWANT,789,86,1570.4449228945775
4,IDONTWANT,789,300,1570.4449228945775
4,IDONTWANT,789,643,1570.4449228945775
4,IDONTWANT,180,211,1597.5378353059616
4,IDONTWANT,180,297,1597.5378353059616
4,IDONTWANT,180,457,1597.5378353059616
4,IDONTWANT,77,777,1781.0406303968452
4,IDONTWANT,77,541,1781.0406303968452
4,IDONTWANT,77,306,1781.0406303968452
4,IDONTWANT,77,659,1781.0406303968452
